
***** GLOBAL STATISTICS ( 24576 MPI TASKS) *****

$Id: gptl.c,v 1.157 2011-03-28 20:55:18 rosinski Exp $
'count' is cumulative. All other stats are max/min
'on' indicates whether the timer was active during output, and so stats are lower or upper bounds.

name                                                         on  processes  threads        count      walltotal   wallmax (proc   thrd  )   wallmin (proc   thrd  )
"CPL:INIT"                                                    -      24576    24576 2.457600e+04   1.951287e+07   946.079 ( 12493      0)   692.421 (  6215      0)
"CPL:cime_pre_init1"                                          -      24576    24576 2.457600e+04   2.587088e+06   257.357 ( 12493      0)     3.727 (  6208      0)
"CPL:mpi_init"                                                -      24576    24576 2.457600e+04   2.531283e+06   255.062 ( 12495      0)     1.521 ( 15756      0)
"CPL:ESMF_Initialize"                                         -      24576    24576 2.457600e+04   1.280752e+03     0.131 ( 17098      0)     0.000 ( 13179      0)
"CPL:cime_pre_init2"                                          -      24576    24576 2.457600e+04   7.054433e+04     2.966 (  8929      0)     2.355 (    23      0)
"CPL:seq_infodata_init"                                       -      24576    24576 2.457600e+04   9.677484e+03     1.425 ( 12021      0)     0.002 (  5194      0)
"CPL:seq_timemgr_clockInit"                                   -      24576    24576 2.457600e+04   1.016744e+02     0.049 (  4428      0)     0.001 ( 18265      0)
"CPL:cime_init"                                               -      24576    24576 2.457600e+04   1.685396e+07   686.292 (    10      0)   685.687 (  8943      0)
"CPL:init_comps"                                              -      24576    24576 2.457600e+04   1.684377e+07   685.894 (    10      0)   685.263 (  8943      0)
"CPL:comp_init_pre_all"                                       -      24576    24576 2.457600e+04   2.551058e+00     0.010 (  8894      0)     0.000 (     2      0)
"CPL:comp_init_cc_atm"                                        -      24576    24576 2.457600e+04   5.363158e+06   218.745 (     6      0)   218.114 (  8902      0)
"a_i:comp_init"                                               -      24576    24576 4.915200e+04   5.361252e+06   218.741 (     0      0)   218.033 (  8943      0)
"a_i:EAMxx::init"                                             -      24576    24576 1.720320e+05   5.256594e+06   217.144 (     0      0)   205.430 ( 12305      0)
"a_i:EAMxx::create_output_managers"                           -      24576    24576 2.457600e+04   2.873686e+02     0.148 (  9946      0)     0.000 ( 14942      0)
"a_i:EAMxx::create_atm_processes"                             -      24576    24576 2.457600e+04   2.123176e+04     1.624 (    35      0)     0.308 (  8277      0)
"a_i:EAMxx::create_grids"                                     -      24576    24576 2.457600e+04   1.137558e+06    46.593 ( 12904      0)    46.084 (  9457      0)
"a_i:EAMxx::build_grids"                                      -      24576    24576 2.457600e+04   1.086254e+06    44.272 (     0      0)    44.168 ( 17450      0)
"a_i:PartitioningTime"                                        -      24576    24576 2.457600e+04   6.660452e-03     0.000 (  7953      0)     0.000 (  1008      0)
"a_i:repro_sum_int"                                           -      24576    24576 2.457600e+04   9.389560e+03     0.891 ( 24495      0)     0.109 ( 17448      0)
"a_i:PIO:spio_get_att_tc"                                     -      24576    24576 2.678784e+06   6.451564e+02     0.040 ( 10097      0)     0.023 (     7      0)
"a_i:PIO:spio_get_vars_tc"                                    -      24576    24576 4.915200e+05   7.348369e+03     0.507 (  8835      0)     0.199 (  3009      0)
"a_i:PIO:PIOc_closefile"                                      -      24576    24576 3.194880e+05   2.363302e+03     4.289 ( 18600      0)     0.000 (  4898      0)
"a_i:EAMxx::SurfaceCouplingImporter::set_grids"               -      24576    24576 2.457600e+04   1.473301e+01     0.030 ( 18056      0)     0.000 ( 20242      0)
"a_i:EAMxx::homme::set_grids"                                 -      24576    24576 2.457600e+04   1.115182e+04     0.696 (  8892      0)     0.254 (  9416      0)
"a_i:EAMxx::physics::set_grids"                               -      24576    24576 2.457600e+04   3.247034e+04     1.551 ( 15972      0)     1.012 ( 14745      0)
"a_i:EAMxx::mac_aero_mic::set_grids"                          -      24576    24576 2.457600e+04   1.482664e+04     0.808 (  9416      0)     0.329 ( 16328      0)
"a_i:EAMxx::tms::set_grids"                                   -      24576    24576 2.457600e+04   1.223925e+02     0.083 ( 20280      0)     0.001 (  9558      0)
"a_i:EAMxx::shoc::set_grids"                                  -      24576    24576 2.457600e+04   9.930121e+01     0.076 ( 18294      0)     0.000 (  7952      0)
"a_i:EAMxx::cld_fraction::set_grids"                          -      24576    24576 2.457600e+04   9.672601e+00     0.022 ( 18099      0)     0.000 ( 17951      0)
"a_i:EAMxx::spa::set_grids"                                   -      24576    24576 2.457600e+04   1.434792e+04     0.804 (  9416      0)     0.212 ( 18055      0)
"a_i:EAMxx::p3::set_grids"                                    -      24576    24576 2.457600e+04   1.607154e+02     0.054 ( 17451      0)     0.002 (     0      0)
"a_i:EAMxx::rrtmgp::set_grids"                                -      24576    24576 2.457600e+04   1.762155e+04     0.744 ( 13116      0)     0.642 (  8894      0)
"a_i:EAMxx::SurfaceCouplingExporter::set_grids"               -      24576    24576 2.457600e+04   4.331169e+02     0.058 ( 17455      0)     0.004 (  6010      0)
"a_i:EAMxx::create_fields"                                    -      24576    24576 2.457600e+04   4.166116e+03     0.225 ( 17411      0)     0.143 ( 19740      0)
"a_i:EAMxx::initialize_fields"                                -      24576    24576 2.457600e+04   1.796320e+06    73.189 (  8004      0)    72.899 ( 17888      0)
"a_i:PIO:PIOc_initdecomp"                                     -      24576    24576 3.194880e+05   3.471787e+05    14.132 (  7939      0)    14.101 (    40      0)
"a_i:PIO:box_rearrange_create"                                -      24576    24576 3.194880e+05   3.460302e+05    14.082 (  2261      0)    14.078 ( 18053      0)
"a_i:PIO:pio_swapm"                                           -      24576    24576 1.499136e+06   8.536888e+05    40.143 (  2866      0)     9.495 ( 12120      0)
"a_i:PIO:PIOc_read_darray"                                    -      24576    24576 5.406720e+05   6.774490e+05    28.858 (  1686      0)    24.534 ( 17907      0)
"a_i:PIO:read_darray_nc"                                      -      24576    24576 5.406720e+05   4.044159e+04    27.193 (   312      0)     0.000 (  6214      0)
"a_i:PIO:rearrange_io2comp"                                   -      24576    24576 5.406720e+05   5.877111e+05    28.513 (     2      0)     0.449 ( 15192      0)
"a_i:EAMxx::initialize_atm_procs"                             -      24576    24576 2.457600e+04   2.270142e+06    95.345 (  9200      0)    83.972 ( 13248      0)
"a_i:EAMxx::SurfaceCouplingImporter::init"                    -      24576    24576 2.457600e+04   3.939630e+01     0.131 ( 17703      0)     0.000 ( 21648      0)
"a_i:EAMxx::homme::init"                                      -      24576    24576 2.457600e+04   4.509703e+05    19.944 (  9199      0)    16.900 (  3960      0)
"a_i:compose_init"                                            -      24576    24576 2.457600e+04   1.973851e+03     0.472 ( 15418      0)     0.008 (   245      0)
"a_i:sl_init1"                                                -      24576    24576 2.457600e+04   2.545200e+04     1.310 (  5861      0)     0.147 (  7946      0)
"a_i:EAMxx::tms::init"                                        -      24576    24576 2.457600e+04   3.978509e-01     0.002 ( 17407      0)     0.000 (  3962      0)
"a_i:EAMxx::shoc::init"                                       -      24576    24576 2.457600e+04   1.068087e+03     0.848 (  8685      0)     0.001 ( 20576      0)
"a_i:EAMxx::cld_fraction::init"                               -      24576    24576 2.457600e+04   5.956614e-01     0.002 (  9197      0)     0.000 ( 10250      0)
"a_i:EAMxx::spa::init"                                        -      24576    24576 2.457600e+04   1.601772e+06    76.199 (  8124      0)    63.519 (  9201      0)
"a_i:EAMxx::p3::init"                                         -      24576    24576 2.457600e+04   2.037624e+04     1.295 ( 17454      0)     0.047 (  6396      0)
"a_i:EAMxx::rrtmgp::init"                                     -      24576    24576 2.457600e+04   1.956559e+05    11.000 (  2147      0)     0.050 (  4334      0)
"a_i:EAMxx::SurfaceCouplingExporter::init"                    -      24576    24576 2.457600e+04   8.935951e+01     0.098 ( 17407      0)     0.002 (  4334      0)
"a_i:EAMxx::initialize_output_managers"                       -      24576    24576 2.457600e+04   2.688841e+04     1.165 (  5928      0)     1.004 (  9195      0)
"a_i:EAMxx::IO::standard"                                     -      24576    24576 2.457600e+04   1.919781e+04     1.034 (   576      0)     0.695 (  8759      0)
"a_i:EAMxx::IO::nooutput.yaml"                                -      24576    24576 2.457600e+04   1.919778e+04     1.034 (   576      0)     0.695 (  8759      0)
"a_i:EAMxx::IO::standard::get_new_file"                       -      24576    24576 2.457600e+04   1.914904e+04     1.013 (   576      0)     0.689 (  9197      0)
"a_i:PIO:PIOc_createfile"                                     -      24576    24576 2.457600e+04   9.458110e+03     0.597 ( 18148      0)     0.277 (  9202      0)
"a_i:PIO:write_total"                                         -      24576    24576 8.110080e+05   9.865313e+03     0.718 (  5136      0)     0.279 (  9202      0)
"a_i:PIO:spio_put_att_tc"                                     -      24576    24576 7.372800e+05   1.014336e+02     0.123 (  6312      0)     0.000 (  7035      0)
"a_i:PIO:spio_put_vars_tc"                                    -      24576    24576 2.457600e+04   2.911107e+02     0.071 (  6216      0)     0.000 ( 17334      0)
"a_i:PIO:flush_output_buffer"                                 -       2048     2048 4.096000e+03   1.295529e+02     0.078 (  6228      0)     0.008 (  9192      0)
"a_i:EAMxx::IO::standard::run_output_streams"                 -      24576    24576 2.457600e+04   3.854228e-03     0.000 ( 23843      0)     0.000 (  4608      0)
"a_i:EAMxx::IO::standard::update_snapshot_tally"              -      24576    24576 2.457600e+04   4.841656e+01     0.021 (  1176      0)     0.000 (  2869      0)
"a_i:PIO:PIOc_sync"                                           -      24576    24576 2.457600e+04   1.467751e+01     0.007 (  5928      0)     0.000 ( 23596      0)
"CPL:comp_init_cc_lnd"                                        -      24576    24576 2.457600e+04   8.973923e+06   365.198 (  8273      0)   364.967 (  9201      0)
"l_i:comp_init"                                               -      24576    24576 2.457600e+04   8.972787e+06   365.196 ( 17092      0)   364.964 (  9201      0)
"l_i:elm_init1"                                               -      24576    24576 2.457600e+04   2.195738e+06    89.465 (  8021      0)    88.763 (  9201      0)
"l_i:PIO:openfile"                                            -      24576    24576 5.652480e+05   1.075020e+05     5.905 (  6851      0)     2.966 (  9202      0)
"l_i:PIO:pio_inq_dimid_file_dimid"                            -      24576    24576 1.523712e+06   2.440263e+03     0.251 (  5021      0)     0.005 (     0      0)
"l_i:PIO:pio_inq_dimlen_file_dimid"                           -      24576    24576 8.847360e+06   5.100086e+02     0.044 (   268      0)     0.008 ( 16968      0)
"l_i:PIO:pio_inq_dimlen_file_dimid_offlen"                    -      24576    24576 8.847360e+06   5.082468e+02     0.044 (   269      0)     0.008 ( 16968      0)
"l_i:PIO:pio_inq_varid_file_vdesc"                            -      24576    24576 1.130496e+07   5.968532e+03     3.738 ( 12256      0)     0.015 ( 14883      0)
"l_i:PIO:pio_inq_varid_file_vid"                              -      24576    24576 1.130496e+07   5.823205e+03     3.738 ( 12256      0)     0.012 ( 17504      0)
"l_i:PIO:get_var_1d_int"                                      -      24576    24576 1.474560e+05   3.578525e+03     0.245 (  4139      0)     0.040 ( 18377      0)
"l_i:PIO:spio_get_vars_tc"                                    -      24576    24576 4.890624e+06   1.992618e+04     1.043 ( 20343      0)     0.575 (  8277      0)
"l_i:PIO:closefile"                                           -      24576    24576 4.915200e+05   8.267815e+02     0.673 (  4320      0)     0.001 ( 21502      0)
"l_i:PIO:PIOc_closefile"                                      -      24576    24576 4.915200e+05   8.262651e+02     0.673 (  4320      0)     0.001 ( 21502      0)
"l_i:PIO:pio_inq_varndims_file_vdesc"                         -      24576    24576 5.431296e+06   1.193205e+03     2.336 ( 22862      0)     0.009 (  8963      0)
"l_i:PIO:pio_inq_varndims_file_vid"                           -      24576    24576 5.431296e+06   1.191782e+03     2.336 ( 22862      0)     0.009 (  8963      0)
"l_i:PIO:pio_inq_vardimid_file_vdesc"                         -      24576    24576 5.431296e+06   1.359538e+03     0.137 (   945      0)     0.021 ( 16969      0)
"l_i:PIO:pio_inq_vardimid_file_vid"                           -      24576    24576 5.431296e+06   1.358237e+03     0.137 (   945      0)     0.021 ( 16977      0)
"l_i:PIO:pio_inq_dimname_file_dimid"                          -      24576    24576 1.953792e+07   1.530677e+03     0.146 (   275      0)     0.022 ( 16644      0)
"l_i:PIO:initdecomp"                                          -      24576    24576 6.389760e+05   7.855454e+05    32.275 (     7      0)    22.105 ( 17004      0)
"l_i:PIO:PIOc_initdecomp"                                     -      24576    24576 6.389760e+05   7.855217e+05    32.274 (     7      0)    22.105 ( 17004      0)
"l_i:PIO:box_rearrange_create"                                -      24576    24576 6.389760e+05   5.061771e+05    20.601 (    10      0)    20.583 ( 14740      0)
"l_i:PIO:pio_swapm"                                           -      24576    24576 7.299072e+06   7.511219e+06   321.477 ( 23047      0)   111.947 (   792      0)
"l_i:PIO:read_darray_1d_double"                               -      24576    24576 2.015232e+06   2.271535e+06    92.565 ( 11683      0)    90.576 (  4796      0)
"l_i:PIO:PIOc_read_darray"                                    -      24576    24576 5.382144e+06   7.388547e+06   302.130 ( 23055      0)   296.502 ( 12001      0)
"l_i:PIO:read_darray_nc"                                      -      24576    24576 5.382144e+06   3.443504e+05   206.443 (   792      0)     0.000 ( 11897      0)
"l_i:PIO:rearrange_io2comp"                                   -      24576    24576 5.382144e+06   7.039945e+06   302.019 ( 23055      0)    93.517 (   792      0)
"l_i:PIO:pio_inquire_file"                                    -      24576    24576 7.077888e+06   3.736255e+02     0.035 (   265      0)     0.005 ( 16968      0)
"l_i:PIO:pio_inq_ndims_file"                                  -      24576    24576 7.077888e+06   3.720750e+02     0.035 (   268      0)     0.005 ( 16968      0)
"l_i:PIO:read_darray_1d_int"                                  -      24576    24576 1.720320e+05   4.265658e+04     1.761 ( 15934      0)     1.694 (  8184      0)
"l_i:PIO:read_darray_3d_double"                               -      24576    24576 4.423680e+05   1.829695e+05     7.531 ( 23591      0)     6.845 (  8185      0)
"l_i:PIO:read_darray_3d_int"                                  -      24576    24576 2.457600e+04   8.679352e+03     0.368 ( 23597      0)     0.322 (  4128      0)
"l_i:PIO:read_darray_4d_double"                               -      24576    24576 3.440640e+05   8.248922e+05    33.608 ( 20675      0)    33.053 (  8188      0)
"l_i:PIO:get_var_1d_text"                                     -      24576    24576 4.915200e+04   5.773259e+02     0.082 ( 13744      0)     0.001 ( 17891      0)
"l_i:PIO:get_var_1d_double"                                   -      24576    24576 3.538944e+06   7.780960e+03     0.387 ( 20739      0)     0.092 ( 13556      0)
"l_i:PIO:get_var_0d_double"                                   -      24576    24576 2.457600e+05   4.516992e+02     0.026 (  1471      0)     0.002 ( 18057      0)
"l_i:PIO:read_darray_2d_double"                               -      24576    24576 2.285568e+06   4.041851e+06   166.684 ( 23016      0)   161.348 ( 12257      0)
"l_i:PIO:read_darray_2d_int"                                  -      24576    24576 9.830400e+04   1.597477e+04     0.677 (  2615      0)     0.586 ( 18100      0)
"l_i:gather_1darray_int_total"                                -      24576    24576 1.228800e+05   3.045612e+04     2.379 (     0      0)     0.728 (    73      0)
"l_i:scatter_1darray_int_total"                               -      24576    24576 1.228800e+05   5.782563e+04     2.814 (     2      0)     1.217 (     0      0)
"l_i:init_filters"                                            -      24576    24576 2.457600e+04   4.243008e+02     0.054 (  9192      0)     0.000 ( 12169      0)
"l_i:elm_init2"                                               -      24576    24576 2.457600e+04   6.750463e+06   274.759 (  9195      0)   274.657 ( 24341      0)
"l_i:init_orbd"                                               -      24576    24576 2.457600e+04   1.527995e+00     0.014 (  9202      0)     0.000 ( 14887      0)
"l_i:PIO:get_var_0d_int"                                      -      24576    24576 5.160960e+05   1.065641e+04     3.405 ( 11066      0)     0.346 ( 16776      0)
"l_i:PIO:get_var_2d_double"                                   -      24576    24576 2.949120e+05   1.436538e+03     0.060 (  2257      0)     0.049 ( 23875      0)
"l_i:PIO:get_var_3d_double"                                   -      24576    24576 9.830400e+04   3.626508e+02     0.018 ( 17097      0)     0.012 (     0      0)
"l_i:init_accflds"                                            -      24576    24576 2.457600e+04   1.304742e+01     0.094 (  9200      0)     0.000 (  2664      0)
"l_i:init_dyn_subgrid"                                        -      24576    24576 2.457600e+04   5.378373e+02     0.070 ( 15376      0)     0.001 (  6269      0)
"l_i:subgridRest_write-read"                                  -      24576    24576 2.457600e+04   1.020363e+06    41.530 ( 16248      0)    41.510 (    17      0)
"l_i:init_map2gc"                                             -      24576    24576 2.457600e+04   7.654952e+00     0.034 ( 17095      0)     0.000 ( 13765      0)
"l_i:init_elm_interface_data & pflotran"                      -      24576    24576 2.457600e+04   6.151074e-03     0.000 ( 21448      0)     0.000 (  8496      0)
"l_i:init_wlog"                                               -      24576    24576 2.457600e+04   2.596380e-02     0.000 ( 22218      0)     0.000 ( 24000      0)
"l_i:elm_init3"                                               -      24576    24576 2.457600e+04   5.490548e-02     0.000 (  1182      0)     0.000 ( 16913      0)
"CPL:comp_init_cc_rof"                                        -      24576    24576 2.457600e+04   7.753153e+01     0.005 ( 16704      0)     0.001 ( 17092      0)
"r_i:comp_init"                                               -      24576    24576 2.457600e+04   1.693778e+00     0.002 (  9198      0)     0.000 (  2869      0)
"CPL:comp_init_cc_ocn"                                        -      24576    24576 2.457600e+04   1.198510e+06    48.787 ( 17887      0)    48.699 (  9201      0)
"o_i:comp_init"                                               -      24576    24576 2.457600e+04   1.198093e+06    48.784 ( 17887      0)    48.629 (  2490      0)
"o_i:docn_readnml"                                            -      24576    24576 2.457600e+04   3.270109e+04     1.428 ( 23754      0)     0.680 (     0      0)
"o_i:DOCN_INIT"                                               -      24576    24576 2.457600e+04   1.164634e+06    48.073 (    11      0)    47.205 ( 21363      0)
"o_i:docn_strdata_init"                                       -      24576    24576 2.457600e+04   1.109926e+06    45.903 (     6      0)    44.884 ( 20567      0)
"o_i:PIO:initdecomp"                                          -      24576    24576 7.372800e+04   4.458015e+04     1.873 (     2      0)     1.751 (     0      0)
"o_i:PIO:PIOc_initdecomp"                                     -      24576    24576 7.372800e+04   4.457986e+04     1.873 (     2      0)     1.751 (     0      0)
"o_i:PIO:box_rearrange_create"                                -      24576    24576 7.372800e+04   4.290992e+04     1.747 (  3227      0)     1.746 ( 17536      0)
"o_i:PIO:pio_swapm"                                           -      24576    24576 2.703360e+05   4.355479e+04     1.974 ( 18047      0)     1.435 (     0      0)
"o_i:docn_initgsmaps"                                         -      24576    24576 2.457600e+04   2.695127e+01     0.002 ( 10054      0)     0.001 (   152      0)
"o_i:docn_initmctdom"                                         -      24576    24576 2.457600e+04   1.882749e+02     0.197 ( 20873      0)     0.000 ( 22402      0)
"o_i:docn_initmctavs"                                         -      24576    24576 2.457600e+04   5.720041e+00     0.035 ( 17012      0)     0.000 (  8474      0)
"o_i:DOCN_RUN"                                                -      24576    24576 2.457600e+04   5.442971e+04     2.456 ( 22038      0)     2.027 (  2551      0)
"o_i:docn_run1"                                               -      24576    24576 2.457600e+04   2.384896e-02     0.000 (  7899      0)     0.000 (  8684      0)
"o_i:docn"                                                    -      24576    24576 2.457600e+04   5.442963e+04     2.456 ( 22038      0)     2.027 (  2551      0)
"o_i:docn_strdata_advance"                                    -      24576    24576 2.457600e+04   5.442478e+04     2.456 ( 22038      0)     2.027 (  2547      0)
"o_i:docn_strd_adv_total"                                     -      24576    24576 2.457600e+04   5.442354e+04     2.456 ( 22038      0)     2.027 (  2547      0)
"o_i:docn_strd_adv_readLBUB"                                  -      24576    24576 2.457600e+04   5.222709e+04     2.413 (  8472      0)     1.999 ( 14746      0)
"o_i:docn_readLBUB_setup"                                     -      24576    24576 2.457600e+04   1.132694e-01     0.000 ( 11685      0)     0.000 ( 23130      0)
"o_i:docn_readLBUB_fbound"                                    -      24576    24576 2.457600e+04   2.263311e+00     1.628 (     0      0)     0.000 ( 22093      0)
"o_i:docn_readLBUB_bcast"                                     -      24576    24576 2.457600e+04   4.132832e+04     1.906 (  3264      0)     0.000 (     0      0)
"o_i:docn_readLBUB_LB_setup"                                  -      24576    24576 2.457600e+04   3.692055e-03     0.000 (     0      0)     0.000 (  5562      0)
"o_i:docn_readLBUB_LB_readpio"                                -      24576    24576 2.457600e+04   7.438873e+03     0.405 ( 10764      0)     0.269 (     1      0)
"o_i:PIO:openfile"                                            -      24576    24576 2.457600e+04   5.523893e+03     0.240 ( 19247      0)     0.172 ( 22103      0)
"o_i:PIO:pio_inq_varid_file_vdesc"                            -      24576    24576 9.830400e+04   8.559853e+02     0.129 (  1941      0)     0.000 (  9976      0)
"o_i:PIO:pio_inq_varid_file_vid"                              -      24576    24576 9.830400e+04   8.559411e+02     0.129 (  1941      0)     0.000 (  9976      0)
"o_i:PIO:pio_inq_varndims_file_vdesc"                         -      24576    24576 4.915200e+04   2.081677e+01     0.048 (  2510      0)     0.000 ( 15767      0)
"o_i:PIO:pio_inq_varndims_file_vid"                           -      24576    24576 4.915200e+04   2.078835e+01     0.048 (  2510      0)     0.000 ( 15778      0)
"o_i:PIO:pio_inq_vardimid_file_vdesc"                         -      24576    24576 4.915200e+04   2.441191e+01     0.001 (  1675      0)     0.000 ( 15781      0)
"o_i:PIO:pio_inq_vardimid_file_vid"                           -      24576    24576 4.915200e+04   2.438840e+01     0.001 (  1676      0)     0.000 ( 15758      0)
"o_i:PIO:pio_inq_dimlen_file_dimid"                           -      24576    24576 1.474560e+05   1.477331e+01     0.001 (  1675      0)     0.000 ( 15760      0)
"o_i:PIO:pio_inq_dimlen_file_dimid_offlen"                    -      24576    24576 1.474560e+05   1.472625e+01     0.001 (  1675      0)     0.000 ( 15764      0)
"o_i:PIO:pio_inq_vartype_file_vdesc"                          -      24576    24576 4.915200e+04   1.363205e+01     0.001 (    11      0)     0.000 ( 15767      0)
"o_i:PIO:pio_inq_vartype_file_vid"                            -      24576    24576 4.915200e+04   1.360999e+01     0.001 (    11      0)     0.000 ( 15767      0)
"o_i:PIO:read_darray_1d_real"                                 -      24576    24576 4.915200e+04   3.570209e+03     0.274 (  8712      0)     0.054 ( 20048      0)
"o_i:PIO:PIOc_read_darray"                                    -      24576    24576 4.915200e+04   3.570014e+03     0.274 (  8712      0)     0.054 ( 20048      0)
"o_i:PIO:read_darray_nc"                                      -      24576    24576 4.915200e+04   2.452154e+02     0.235 ( 16944      0)     0.000 ( 10076      0)
"o_i:PIO:rearrange_io2comp"                                   -      24576    24576 4.915200e+04   3.284078e+03     0.253 (  5359      0)     0.002 ( 11052      0)
"o_i:docn_readLBUB_UB_setup"                                  -      24576    24576 2.457600e+04   1.565901e-02     0.000 (     0      0)     0.000 (  1192      0)
"o_i:docn_readLBUB_UB_readpio"                                -      24576    24576 2.457600e+04   3.455350e+03     0.262 (  6030      0)     0.006 ( 15055      0)
"o_i:docn_readLBUB_filemgt"                                   -      24576    24576 2.457600e+04   5.256336e-03     0.000 (   601      0)     0.000 ( 12025      0)
"o_i:docn_strd_adv_fill"                                      -      24576    24576 2.457600e+04   8.338382e+00     0.018 ( 17449      0)     0.000 (  6479      0)
"o_i:docn_strd_adv_map"                                       -      24576    24576 2.457600e+04   2.186287e+03     0.139 ( 21256      0)     0.000 ( 18498      0)
"o_i:docn_strd_adv_tint"                                      -      24576    24576 2.457600e+04   1.251671e+00     0.019 ( 18058      0)     0.000 (  4536      0)
"o_i:docn_scatter"                                            -      24576    24576 2.457600e+04   3.830116e+00     0.011 ( 17886      0)     0.000 ( 20948      0)
"o_i:docn_datamode"                                           -      24576    24576 2.457600e+04   6.358333e-01     0.019 ( 16321      0)     0.000 (  3494      0)
"o_i:docn_run2"                                               -      24576    24576 2.457600e+04   3.434704e-03     0.000 (     0      0)     0.000 ( 22274      0)
"CPL:comp_init_cc_ice"                                        -      24576    24576 2.457600e+04   1.294812e+06    52.806 (   356      0)    52.611 ( 23942      0)
"i_i:comp_init"                                               -      24576    24576 2.457600e+04   1.291096e+06    52.803 (   358      0)    51.822 ( 17005      0)
"i_i:cice_init"                                               -      24576    24576 2.457600e+04   2.739066e+05    11.201 (  8904      0)    11.111 ( 21700      0)
"i_i:ice_HaloUpdate2DR8"                                      -      24576    24576 9.830400e+04   4.235609e+02     0.954 ( 11880      0)     0.000 (  4677      0)
"i_i:ice_HU2DR8_init"                                         -      24576    24576 9.830400e+04   4.578887e-02     0.000 ( 19461      0)     0.000 (  1610      0)
"i_i:state_bound_h1"                                          -      24576    24576 2.457600e+04   2.009832e+01     0.049 ( 18108      0)     0.000 (  2548      0)
"i_i:ice_HaloUpdate3DR8"                                      -      24576    24576 1.228800e+05   2.086208e+01     0.049 ( 18108      0)     0.000 (  2548      0)
"i_i:ice_HU3DR8_init"                                         -      24576    24576 1.228800e+05   4.086982e-01     0.002 ( 18373      0)     0.000 (  8152      0)
"i_i:ice_HU3DR8_recvall"                                      -      24576    24576 1.228800e+05   1.820729e+01     0.049 ( 18108      0)     0.000 ( 11641      0)
"i_i:state_bound_hm"                                          -      24576    24576 2.457600e+04   8.286993e-02     0.000 ( 23723      0)     0.000 ( 19687      0)
"i_i:state_bound_hc"                                          -      24576    24576 2.457600e+04   4.375007e-01     0.000 ( 24511      0)     0.000 (  2184      0)
"i_i:state_bound_h2"                                          -      24576    24576 2.457600e+04   5.736279e+00     0.049 ( 18094      0)     0.000 ( 13716      0)
"i_i:ice_HaloUpdate4DR8"                                      -      24576    24576 2.457600e+04   3.859509e+00     0.049 ( 18094      0)     0.000 ( 13716      0)
"i_i:ice_HU4DR8_init"                                         -      24576    24576 2.457600e+04   4.458375e-01     0.002 ( 18380      0)     0.000 (  4152      0)
"i_i:ice_HU4DR8_recvall"                                      -      24576    24576 2.457600e+04   1.570894e+00     0.049 ( 18094      0)     0.000 (  8299      0)
"i_i:state_bound_hd"                                          -      24576    24576 2.457600e+04   3.209378e-01     0.002 ( 16325      0)     0.000 (  4572      0)
"i_i:cice_mct_init"                                           -      24576    24576 2.457600e+04   1.016934e+06    41.649 ( 22440      0)    40.658 ( 17005      0)
"i_i:PIO:initdecomp"                                          -      24576    24576 7.372800e+04   5.057104e+04     3.155 (     6      0)     1.764 ( 16855      0)
"i_i:PIO:PIOc_initdecomp"                                     -      24576    24576 7.372800e+04   5.057069e+04     3.155 (     3      0)     1.764 ( 16855      0)
"i_i:PIO:box_rearrange_create"                                -      24576    24576 7.372800e+04   4.327423e+04     1.761 (  7146      0)     1.761 ( 16084      0)
"i_i:PIO:pio_swapm"                                           -      24576    24576 2.211840e+05   4.050507e+04     1.753 ( 15348      0)     1.447 (  2947      0)
"CPL:comp_init_cc_glc"                                        -      24576    24576 2.457600e+04   5.190170e+01     0.003 ( 10452      0)     0.001 (  2483      0)
"g_i:comp_init"                                               -      24576    24576 2.457600e+04   3.348525e-02     0.000 (   172      0)     0.000 (  3405      0)
"CPL:comp_init_cc_wav"                                        -      24576    24576 2.457600e+04   4.997027e+01     0.007 (  8893      0)     0.001 ( 18204      0)
"w_i:comp_init"                                               -      24576    24576 2.457600e+04   1.272871e-02     0.000 ( 19321      0)     0.000 ( 23653      0)
"CPL:comp_init_cc_esp"                                        -      24576    24576 2.457600e+04   4.145652e+01     0.015 (  9192      0)     0.000 ( 17701      0)
"e_i:comp_init"                                               -      24576    24576 2.457600e+04   3.198947e-01     0.014 (  9198      0)     0.000 ( 14672      0)
"CPL:comp_init_cc_iac"                                        -      24576    24576 2.457600e+04   4.909592e+01     0.004 ( 14702      0)     0.001 (  3197      0)
"z_i:comp_init"                                               -      24576    24576 2.457600e+04   1.217386e-02     0.000 ( 19380      0)     0.000 ( 13461      0)
"CPL:comp_init_cx_all"                                        -      24576    24576 2.457600e+04   1.309484e+04     0.602 (    11      0)     0.415 (   371      0)
"CPL:comp_list_all"                                           -      24576    24576 2.457600e+04   1.040531e+00     0.018 ( 16325      0)     0.000 ( 12336      0)
"CPL:init_maps"                                               -      24576    24576 2.457600e+04   1.711977e+03     0.208 (  8899      0)     0.035 (  3746      0)
"CPL:init_aream"                                              -      24576    24576 2.457600e+04   5.887483e+02     0.177 ( 15045      0)     0.000 ( 24575      0)
"CPL:init_domain_check"                                       -      24576    24576 2.457600e+04   3.957502e+03     0.219 (   709      0)     0.041 ( 15044      0)
"CPL:init_areacor"                                            -      24576    24576 2.457600e+04   1.347521e+03     0.055 ( 16176      0)     0.053 ( 17094      0)
"CPL:init_fracs"                                              -      24576    24576 2.457600e+04   4.552960e+02     0.062 (     0      0)     0.001 ( 11203      0)
"CPL:init_aoflux"                                             -      24576    24576 2.457600e+04   4.955876e+00     0.039 ( 17089      0)     0.000 ( 17156      0)
"CPL:init_atminit"                                            -      24576    24576 1.474560e+05   2.101339e+02     0.073 ( 21780      0)     0.002 ( 10312      0)
"CPL:comp_init_cc_atm2"                                       -      24576    24576 2.457600e+04   1.454929e+03     0.096 ( 19910      0)     0.002 ( 20879      0)
"CPL:init_readrestart"                                        -      24576    24576 2.457600e+04   7.766233e+00     0.027 ( 17883      0)     0.000 ( 22717      0)
"CPL:cime_run_init"                                           -      24576    24576 2.457600e+04   7.969225e+00     0.089 (     0      0)     0.000 ( 16789      0)
"CPL:INIT_sync1_tprf"                                         -      24576    24576 2.457600e+04   1.786988e+03     0.089 (  3055      0)     0.000 (     0      0)
"CPL:INIT_t_prf"                                              -      24576    24576 2.457600e+04   8.241269e+00     0.170 (     0      0)     0.000 (  3451      0)
"CPL:INIT_sync2_tprf"                                         -      24576    24576 2.457600e+04   4.180640e+03     0.171 ( 11995      0)     0.000 (     0      0)
"CPL:RUN_LOOP_BSTART"                                         -      24576    24576 2.457600e+04   2.933368e+01     0.001 ( 15812      0)     0.000 ( 11988      0)
"CPL:RUN_LOOP"                                                -      24576    24576 1.061683e+07   6.500204e+06   264.496 ( 24364      0)   264.484 ( 24341      0)
"CPL:CLOCK_ADVANCE"                                           -      24576    24576 1.061683e+07   1.150282e+03     0.063 ( 15751      0)     0.043 ( 13044      0)
"CPL:RUN"                                                     -      24576    24576 1.273774e+08   5.845884e+04     3.785 ( 15394      0)     1.319 ( 10934      0)
"CPL:OCNPRE1"                                                 -      24576    24576 1.061683e+07   4.948856e+03     0.272 ( 15746      0)     0.182 ( 13079      0)
"CPL:ocnpre1_atm2ocn"                                         -      24576    24576 1.061683e+07   4.936957e+03     0.251 ( 15746      0)     0.181 ( 13079      0)
"CPL:LNDPREP"                                                 -      24576    24576 1.061683e+07   2.033425e+03     0.116 ( 15749      0)     0.062 ( 21168      0)
"CPL:lndprep_atm2lnd"                                         -      24576    24576 1.061683e+07   1.768468e+03     0.099 (  7337      0)     0.056 ( 12960      0)
"CPL:lndprep_mrgx2l"                                          -      24576    24576 1.061683e+07   2.442433e+02     0.014 ( 20996      0)     0.002 ( 10726      0)
"CPL:COMM"                                                    -      24576    24576 7.429325e+07   2.560910e+05    17.150 ( 12397      0)     5.785 ( 19140      0)
"CPL:C2L"                                                     -      24576    24576 1.061683e+07   1.023587e+04     0.493 ( 21245      0)     0.291 (     0      0)
"CPL:c2l_lndx2lndl"                                           -      24576    24576 1.061683e+07   5.072903e+03     0.270 ( 21232      0)     0.128 ( 10940      0)
"CPL:c2l_infoexch"                                            -      24576    24576 1.061683e+07   5.144653e+03     0.344 ( 20468      0)     0.077 (    10      0)
"CPL:ICEPREP"                                                 -      24576    24576 1.061683e+07   1.804092e+03     0.093 ( 15749      0)     0.070 ( 18850      0)
"CPL:iceprep_ocn2ice"                                         -      24576    24576 1.061683e+07   3.930779e+02     0.019 ( 19191      0)     0.014 (    84      0)
"CPL:iceprep_atm2ice"                                         -      24576    24576 1.061683e+07   5.433986e+02     0.024 (  3420      0)     0.021 ( 10940      0)
"CPL:iceprep_mrgx2i"                                          -      24576    24576 1.061683e+07   8.158991e+02     0.040 ( 18285      0)     0.032 ( 20767      0)
"CPL:C2I"                                                     -      24576    24576 1.061683e+07   4.315140e+03     0.185 (  9203      0)     0.162 (     6      0)
"CPL:c2i_icex2icei"                                           -      24576    24576 1.061683e+07   5.926116e+02     0.028 (  7739      0)     0.022 ( 13173      0)
"CPL:ice_infoexch"                                            -      24576    24576 1.061683e+07   3.709779e+03     0.162 (  9201      0)     0.137 (     6      0)
"CPL:ICE_RUN"                                                 -      24576    24576 1.061683e+07   1.061047e+05     5.118 ( 19691      0)     4.100 ( 23482      0)
"i:cice_run_total"                                            -      24576    24576 1.061683e+07   1.021243e+05     4.958 ( 19690      0)     3.976 ( 23583      0)
"i:cice_run_import"                                           -      24576    24576 1.061683e+07   2.384640e+03     0.146 ( 15746      0)     0.087 ( 15507      0)
"i:cice_imp_ocn"                                              -      24576    24576 1.061683e+07   2.581317e+02     0.017 ( 23508      0)     0.009 ( 23609      0)
"i:cice_imp_atm"                                              -      24576    24576 1.061683e+07   2.485999e+02     0.020 ( 23508      0)     0.009 ( 13179      0)
"i:cice_run_initmd"                                           -      24576    24576 1.061683e+07   5.115756e+04     2.247 (    11      0)     1.933 ( 15746      0)
"i:cice_run_presc"                                            -      24576    24576 1.061683e+07   2.703056e+04     1.166 ( 15744      0)     0.930 ( 21343      0)
"i:cice_pice_strd_adv_total"                                  -      24576    24576 1.061683e+07   2.460872e+04     1.044 ( 15744      0)     0.840 ( 21339      0)
"i:cice_pice_strd_adv_readLBUB"                               -      24576    24576 1.061683e+07   2.157742e+04     1.013 (  1776      0)     0.812 (     6      0)
"i:cice_pice_readLBUB_setup"                                  -      24576    24576 1.061683e+07   3.379114e+00     0.000 (  9128      0)     0.000 ( 15614      0)
"i:cice_pice_readLBUB_fbound"                                 -      24576    24576 4.915200e+04   2.951026e-01     0.289 (     0      0)     0.000 ( 19853      0)
"i:cice_pice_readLBUB_bcast"                                  -      24576    24576 4.915200e+04   7.110157e+03     0.290 ( 10650      0)     0.000 (     0      0)
"i:cice_pice_readLBUB_LB_setup"                               -      24576    24576 2.457600e+04   7.773544e-03     0.000 (     0      0)     0.000 (  2001      0)
"i:cice_pice_readLBUB_LB_readpio"                             -      24576    24576 2.457600e+04   1.607001e+03     0.120 ( 16524      0)     0.038 (     1      0)
"i:PIO:openfile"                                              -      24576    24576 2.457600e+04   7.836467e+02     0.033 (     0      0)     0.031 (     1      0)
"i:PIO:pio_inq_varid_file_vdesc"                              -      24576    24576 1.474560e+05   5.633312e+02     0.207 (  2654      0)     0.000 (  4709      0)
"i:PIO:pio_inq_varid_file_vid"                                -      24576    24576 1.474560e+05   5.627932e+02     0.207 (  2654      0)     0.000 ( 11561      0)
"i:PIO:pio_inq_varndims_file_vdesc"                           -      24576    24576 7.372800e+04   3.420615e+01     0.042 ( 17066      0)     0.000 (  3689      0)
"i:PIO:pio_inq_varndims_file_vid"                             -      24576    24576 7.372800e+04   3.416529e+01     0.042 ( 17065      0)     0.000 (  3689      0)
"i:PIO:pio_inq_vardimid_file_vdesc"                           -      24576    24576 7.372800e+04   4.344957e+01     0.020 ( 15750      0)     0.001 (  3396      0)
"i:PIO:pio_inq_vardimid_file_vid"                             -      24576    24576 7.372800e+04   4.341654e+01     0.020 ( 15750      0)     0.001 (  3396      0)
"i:PIO:pio_inq_dimlen_file_dimid"                             -      24576    24576 2.211840e+05   2.638300e+01     0.021 ( 15755      0)     0.000 (  2663      0)
"i:PIO:pio_inq_dimlen_file_dimid_offlen"                      -      24576    24576 2.211840e+05   2.631425e+01     0.021 ( 15755      0)     0.000 (  2663      0)
"i:PIO:pio_inq_vartype_file_vdesc"                            -      24576    24576 7.372800e+04   2.065300e+01     0.002 (     7      0)     0.000 ( 13311      0)
"i:PIO:pio_inq_vartype_file_vid"                              -      24576    24576 7.372800e+04   2.061930e+01     0.002 (     7      0)     0.000 ( 13311      0)
"i:PIO:read_darray_1d_real"                                   -      24576    24576 7.372800e+04   1.230229e+04     0.669 (  1356      0)     0.159 ( 15745      0)
"i:PIO:PIOc_read_darray"                                      -      24576    24576 7.372800e+04   1.230192e+04     0.669 (  1356      0)     0.146 ( 15745      0)
"i:PIO:read_darray_nc"                                        -      24576    24576 7.372800e+04   9.590294e+02     0.662 (  1356      0)     0.000 ( 21413      0)
"i:PIO:rearrange_io2comp"                                     -      24576    24576 7.372800e+04   1.129441e+04     0.661 (  1892      0)     0.001 (     0      0)
"i:PIO:pio_swapm"                                             -      24576    24576 7.372800e+04   1.128850e+04     0.661 (  1892      0)     0.001 (     0      0)
"i:cice_pice_readLBUB_UB_setup"                               -      24576    24576 4.915200e+04   3.689848e-01     0.029 ( 15744      0)     0.000 ( 12892      0)
"i:cice_pice_readLBUB_UB_readpio"                             -      24576    24576 4.915200e+04   1.282338e+04     0.663 (  1776      0)     0.440 ( 16977      0)
"i:cice_pice_readLBUB_filemgt"                                -      24576    24576 1.061683e+07   2.257055e+00     0.001 ( 15753      0)     0.000 ( 12648      0)
"i:cice_pice_strd_adv_map"                                    -      24576    24576 4.915200e+04   2.871645e+03     0.189 (     8      0)     0.001 ( 18362      0)
"i:cice_pice_strd_adv_tint"                                   -      24576    24576 1.061683e+07   1.131086e+02     0.013 ( 15751      0)     0.004 (  6929      0)
"i:cice_run_initflux"                                         -      24576    24576 1.061683e+07   1.082232e+02     0.005 (  4481      0)     0.004 ( 13174      0)
"i:cice_run_prepradiation"                                    -      24576    24576 1.061683e+07   8.322757e+01     0.007 ( 19398      0)     0.003 (  4157      0)
"i:cice_run_therm1"                                           -      24576    24576 1.061683e+07   3.008892e+03     0.473 ( 17757      0)     0.100 ( 20956      0)
"i:cice_run_dyn"                                              -      24576    24576 1.061683e+07   8.169335e-01     0.000 ( 10250      0)     0.000 (  4272      0)
"i:cice_run_radiation"                                        -      24576    24576 1.061683e+07   2.038642e+03     0.731 ( 19706      0)     0.050 ( 22445      0)
"i:cice_step_radiationib"                                     -      24576    24576 1.061683e+07   1.793682e+03     0.722 ( 19706      0)     0.042 ( 22445      0)
"i:cice_step_rib_swdedd1"                                     -      24576    24576 1.061683e+07   2.035640e+02     0.016 (  3128      0)     0.003 ( 23598      0)
"i:cice_step_rib_swdedd2"                                     -      24576    24576 1.061683e+07   1.379579e+02     0.008 ( 15745      0)     0.005 (  8753      0)
"i:cice_step_rib_swdedd7"                                     -      24576    24576 1.061683e+07   1.323867e+03     0.700 ( 19706      0)     0.024 ( 22445      0)
"i:cice_run_couplingprep"                                     -      24576    24576 1.061683e+07   2.691165e+03     0.980 ( 19699      0)     0.047 ( 23306      0)
"i:ice_HaloUpdate2DR8"                                        -      24576    24576 1.061683e+07   1.579797e+03     0.933 ( 19699      0)     0.005 ( 23617      0)
"i:ice_HU2DR8_init"                                           -      24576    24576 1.061683e+07   6.581987e+00     0.001 ( 19593      0)     0.000 ( 13044      0)
"i:cice_run_diag"                                             -      24576    24576 1.061683e+07   1.119013e+04     0.528 ( 23491      0)     0.408 ( 19590      0)
"i:cice_run_hist"                                             -      24576    24576 1.061683e+07   1.444594e+03     0.068 (  4494      0)     0.043 ( 22251      0)
"i:cice_run_accum"                                            -      24576    24576 1.061683e+07   6.083937e+01     0.004 ( 22273      0)     0.002 (  4060      0)
"i:cice_run_export"                                           -      24576    24576 1.061683e+07   7.402553e+02     0.036 ( 17813      0)     0.027 ( 19652      0)
"CPL:LND_RUN"                                                 -      24576    24576 1.061683e+07   4.020426e+05    19.059 (  1697      0)    13.739 ( 24208      0)
"l:lc_lnd_import"                                             -      24576    24576 1.061683e+07   6.589286e+02     0.059 ( 17455      0)     0.022 ( 18532      0)
"l:elm_run"                                                   -      24576    24576 1.064141e+07   3.999974e+05    18.976 (  1697      0)    13.655 ( 24208      0)
"l:shr_orb_decl"                                              -      24576    24576 1.064141e+07   1.011657e+01     0.001 ( 13440      0)     0.000 (  2215      0)
"l:decomp_vert"                                               -      24576    24576 1.064141e+07   6.677308e+01     0.008 ( 15753      0)     0.001 ( 13076      0)
"l:beggridwbal"                                               -      24576    24576 1.064141e+07   1.733977e+03     0.107 (  9198      0)     0.056 ( 19306      0)
"l:cnpinit"                                                   -      24576    24576 1.064141e+07   7.597349e+00     0.001 ( 22910      0)     0.000 (  2135      0)
"l:cnpvegsumm"                                                -      24576    24576 1.064141e+07   1.131356e+00     0.000 (    43      0)     0.000 ( 19703      0)
"l:dyn_subgrid"                                               -      24576    24576 1.064141e+07   1.057540e+04     0.546 ( 14747      0)     0.355 ( 18610      0)
"l:begwbal"                                                   -      24576    24576 1.064141e+07   1.816608e+02     0.028 ( 18378      0)     0.005 ( 24204      0)
"l:begcnpbal"                                                 -      24576    24576 1.064141e+07   2.327144e+00     0.041 (  9194      0)     0.000 ( 19332      0)
"l:drvinit"                                                   -      24576    24576 1.064141e+07   1.124321e+03     0.071 (  9197      0)     0.040 ( 18442      0)
"l:canhydro"                                                  -      24576    24576 1.064141e+07   1.806428e+03     0.228 ( 20370      0)     0.052 ( 13250      0)
"l:surfrad"                                                   -      24576    24576 1.064141e+07   3.604876e+03     0.173 (  1694      0)     0.123 ( 16085      0)
"l:bgp1"                                                      -      24576    24576 1.064141e+07   2.106738e+03     0.133 (  3076      0)     0.061 ( 18136      0)
"l:bgflux"                                                    -      24576    24576 1.064141e+07   2.679228e+03     0.189 (  9237      0)     0.064 (  7312      0)
"l:canflux"                                                   -      24576    24576 1.064141e+07   1.024178e+05     6.398 ( 20138      0)     2.438 ( 12404      0)
"l:can_iter"                                                  -      24576    24576 1.064141e+07   8.359812e+04     5.518 ( 20138      0)     1.831 ( 12404      0)
"l:uflux"                                                     -      24576    24576 1.064141e+07   1.726223e+03     0.255 ( 21718      0)     0.013 ( 17477      0)
"l:bgplake"                                                   -      24576    24576 1.064141e+07   8.467676e+03     0.588 (   747      0)     0.199 ( 12827      0)
"l:bgc"                                                       -      24576    24576 1.064141e+07   6.337061e+03     0.412 ( 21397      0)     0.172 ( 12402      0)
"l:soiltemperature"                                           -      24576    24576 1.064141e+07   6.245874e+04     3.160 (  1296      0)     2.101 ( 18610      0)
"l:SoilThermProp"                                             -      24576    24576 1.064141e+07   3.333316e+03     0.217 (  3076      0)     0.089 ( 16085      0)
"l:SoilTempBandDiag"                                          -      24576    24576 2.128282e+07   6.443204e+03     0.553 (  1296      0)     0.176 ( 19683      0)
"l:PhaseChangeH2osfc"                                         -      24576    24576 1.064141e+07   3.988278e+01     0.003 (  3255      0)     0.001 ( 19685      0)
"l:PhaseChangebeta"                                           -      24576    24576 1.064141e+07   1.285895e+03     0.091 (  3288      0)     0.026 ( 19683      0)
"l:bgp2"                                                      -      24576    24576 1.064141e+07   2.574831e+03     0.144 ( 24300      0)     0.077 ( 16085      0)
"l:bgp2_loop_1"                                               -      24576    24576 1.064141e+07   4.186822e+02     0.023 ( 24300      0)     0.013 ( 17795      0)
"l:bgp2_loop_2"                                               -      24576    24576 1.064141e+07   7.340057e+02     0.041 ( 24300      0)     0.023 ( 19063      0)
"l:bgp2_loop_3"                                               -      24576    24576 1.064141e+07   1.097579e+03     0.063 ( 24300      0)     0.029 ( 24208      0)
"l:bgp2_loop_4"                                               -      24576    24576 1.064141e+07   2.795180e+02     0.015 ( 21402      0)     0.009 ( 15154      0)
"l:patch2col"                                                 -      24576    24576 1.064141e+07   1.416465e+03     0.082 (  3076      0)     0.044 ( 12188      0)
"l:hydro without drainage"                                    -      24576    24576 1.064141e+07   1.920283e+04     1.139 (   587      0)     0.600 ( 13766      0)
"l:hylake"                                                    -      24576    24576 1.064141e+07   1.969798e+03     0.199 (   752      0)     0.058 ( 14848      0)
"l:snow_init"                                                 -      24576    24576 1.064141e+07   1.518432e+02     0.017 (  4741      0)     0.003 ( 23420      0)
"l:ecosysdyn"                                                 -      24576    24576 1.064141e+07   5.001015e+02     0.027 ( 19989      0)     0.016 ( 16085      0)
"l:depvel"                                                    -      24576    24576 2.128282e+07   8.549501e+00     0.014 ( 15754      0)     0.000 ( 23681      0)
"l:hydro2 drainage"                                           -      24576    24576 1.064141e+07   1.469820e+03     0.095 (  3076      0)     0.041 ( 14940      0)
"l:balchk"                                                    -      24576    24576 1.064141e+07   1.864738e+03     0.086 (  3185      0)     0.066 (  6950      0)
"l:gridbalchk"                                                -      24576    24576 1.064141e+07   1.024308e+03     0.049 ( 21406      0)     0.035 ( 23810      0)
"l:lnd2atm"                                                   -      24576    24576 1.064141e+07   7.968644e+03     0.387 (   403      0)     0.280 ( 23810      0)
"l:wrtdiag"                                                   -      24576    24576 1.064141e+07   1.041076e+02     0.017 (     0      0)     0.003 (  6979      0)
"l:hbuf"                                                      -      24576    24576 1.064141e+07   3.046667e+04     1.397 (  3185      0)     1.091 ( 18610      0)
"l:elm_drv_io"                                                -      24576    24576 1.064141e+07   3.477435e+01     0.012 ( 18105      0)     0.001 ( 13030      0)
"l:elm_drv_io_htapes"                                         -      24576    24576 1.064141e+07   2.693930e+01     0.012 ( 18105      0)     0.001 ( 22114      0)
"l:lc_lnd_export"                                             -      24576    24576 1.064141e+07   2.804202e+02     0.013 (  3000      0)     0.011 ( 12929      0)
"l:lc_elm2_adv_timestep"                                      -      24576    24576 1.064141e+07   7.066486e+00     0.001 ( 20615      0)     0.000 ( 14184      0)
"l:accum"                                                     -      24576    24576 1.061683e+07   5.723337e+03     0.272 ( 17403      0)     0.216 (   198      0)
"CPL:ATMOCNP"                                                 -      24576    24576 1.061683e+07   4.445978e+03     0.303 ( 17458      0)     0.038 ( 22676      0)
"CPL:atmocnp_fluxo"                                           -      24576    24576 1.061683e+07   3.785353e+03     0.276 ( 17458      0)     0.014 ( 23403      0)
"CPL:atmocnp_ocnalb"                                          -      24576    24576 1.061683e+07   6.362142e+02     0.050 ( 18258      0)     0.017 ( 22609      0)
"CPL:L2C"                                                     -      24576    24576 1.061683e+07   2.802253e+04     2.585 (  9850      0)     0.267 ( 24512      0)
"CPL:l2c_lndl2lndx"                                           -      24576    24576 1.061683e+07   2.798305e+04     2.583 (  9850      0)     0.265 ( 24512      0)
"lnd2cpl_run"                                                 -      24576    24576 1.061683e+07   2.451104e+01     0.001 (  5301      0)     0.001 ( 18602      0)
"CPL:LNDPOST"                                                 -      24576    24576 1.061683e+07   6.754463e+00     0.000 ( 23219      0)     0.000 (  9512      0)
"CPL:I2C"                                                     -      24576    24576 1.061683e+07   6.341758e+02     0.028 ( 13716      0)     0.024 ( 23084      0)
"CPL:i2c_icei2icex"                                           -      24576    24576 1.061683e+07   6.065811e+02     0.027 ( 13716      0)     0.023 ( 23084      0)
"CPL:i2c_infoexch"                                            -      24576    24576 1.061683e+07   1.187234e+01     0.001 ( 12742      0)     0.000 (  7864      0)
"CPL:ICEPOST"                                                 -      24576    24576 1.061683e+07   7.526042e-01     0.000 ( 18131      0)     0.000 ( 17992      0)
"CPL:FRACSET"                                                 -      24576    24576 1.061683e+07   1.605007e+03     0.078 ( 15744      0)     0.063 ( 20674      0)
"CPL:fracset_fracset"                                         -      24576    24576 1.061683e+07   1.601048e+03     0.077 ( 15747      0)     0.063 ( 20674      0)
"CPL:ATMPREP"                                                 -      24576    24576 1.061683e+07   4.349585e+04     3.153 ( 23278      0)     0.672 ( 10729      0)
"CPL:atmprep_xao2atm"                                         -      24576    24576 1.061683e+07   3.411853e+03     0.159 ( 15746      0)     0.134 ( 19463      0)
"CPL:atmprep_ocn2atm"                                         -      24576    24576 1.061683e+07   2.959927e+03     0.127 ( 12636      0)     0.117 ( 14325      0)
"CPL:atmprep_alb2atm"                                         -      24576    24576 1.061683e+07   1.369189e+03     0.061 (  1587      0)     0.051 ( 22644      0)
"CPL:atmprep_ice2atm"                                         -      24576    24576 1.061683e+07   3.359641e+03     0.148 ( 23186      0)     0.131 ( 22690      0)
"CPL:atmprep_lnd2atm"                                         -      24576    24576 1.061683e+07   3.071941e+04     2.633 ( 23278      0)     0.161 ( 10729      0)
"CPL:atmprep_mrgx2a"                                          -      24576    24576 1.061683e+07   1.625068e+03     0.078 ( 17961      0)     0.059 ( 16859      0)
"CPL:C2A"                                                     -      24576    24576 1.061683e+07   6.525403e+04     4.294 ( 14941      0)     1.432 ( 17998      0)
"CPL:c2a_atmx2atmg"                                           -      24576    24576 1.061683e+07   3.812616e+04     3.335 ( 10928      0)     0.536 ( 23432      0)
"CPL:c2a_infoexch"                                            -      24576    24576 1.061683e+07   2.711358e+04     2.075 ( 16389      0)     0.278 (  7735      0)
"CPL:ATM_RUN"                                                 -      24576    24576 1.061683e+07   5.558314e+06   230.028 (  7779      0)   221.941 ( 15066      0)
"a:EAMxx::run"                                                -      24576    24576 1.061683e+07   5.556187e+06   229.943 (  7779      0)   221.854 ( 15066      0)
"a:PIO:PIOc_sync"                                             -      24576    24576 2.457600e+04   5.673628e-01     0.000 (  2724      0)     0.000 (  3849      0)
"a:PIO:write_total"                                           -      24576    24576 2.457600e+04   5.152046e-01     0.000 (  2724      0)     0.000 (  3849      0)
"a:PIO:flush_output_buffer"                                   -       2048     2048 2.048000e+03   2.162398e-01     0.000 ( 17268      0)     0.000 ( 13836      0)
"a:EAMxx::EAMxx::run"                                         -      24576    24576 1.061683e+07   5.554177e+06   229.863 (  7779      0)   221.773 ( 15066      0)
"a:EAMxx::EAMxx::run-precondition-checks"                     -      24576    24576 1.061683e+07   4.223506e+00     0.000 ( 22419      0)     0.000 ( 18075      0)
"a:EAMxx::SurfaceCouplingImporter::run"                       -      24576    24576 1.061683e+07   1.539396e+04     1.119 ( 13759      0)     0.307 ( 15200      0)
"a:EAMxx::SurfaceCouplingImporter::run-precondition-checks"   -      24576    24576 1.061683e+07   1.862516e+00     0.000 ( 18684      0)     0.000 ( 18492      0)
"a:EAMxx::SurfaceCouplingImporter::run-postcondition-checks"  -      24576    24576 1.061683e+07   1.438434e+04     1.077 ( 13759      0)     0.266 ( 15200      0)
"a:EAMxx::homme::run"                                         -      24576    24576 1.061683e+07   5.169907e+06   211.314 (     7      0)   209.905 ( 10970      0)
"a:EAMxx::homme::run-precondition-checks"                     -      24576    24576 1.061683e+07   1.749040e+00     0.000 ( 10320      0)     0.000 (  7898      0)
"a:tl-sc prim_run_subcycle_c"                                 -      24576    24576 2.123366e+07   4.981748e+06   203.333 (  1443      0)   201.672 ( 16330      0)
"a:tl-s prim_step_flexible"                                   -      24576    24576 2.123366e+07   4.981645e+06   203.329 (  1443      0)   201.651 ( 16330      0)
"a:ApplyCAMForcing_tracers"                                   -      24576    24576 1.061683e+07   2.550800e+04     1.865 (   549      0)     0.245 ( 12390      0)
"a:tl-s deep_copy+derived_dp"                                 -      24576    24576 2.123366e+07   2.346792e+03     0.402 (  9932      0)     0.040 (  6347      0)
"a:ApplyCAMForcing_dynamics"                                  -      24576    24576 6.370099e+07   9.367273e+03     1.113 ( 23449      0)     0.273 ( 11602      0)
"a:tl-ae prim_advance_exp"                                    -      24576    24576 1.274020e+08   3.972649e+06   165.634 (  4542      0)   158.944 ( 19189      0)
"a:ttype9_imex_timestep"                                      -      24576    24576 1.274020e+08   3.390805e+06   144.524 ( 14879      0)   133.883 (  2730      0)
"a:caar compute"                                              -      24576    24576 1.274020e+09   8.539370e+05    36.378 (  1821      0)    33.455 (  4726      0)
"a:caar_bexchV"                                               -      24576    24576 6.370099e+08   7.965979e+05    39.303 (  5077      0)    26.295 (  4386      0)
"a:caar limiter"                                              -      24576    24576 7.644119e+08   4.531891e+05    21.043 ( 16285      0)    16.109 ( 21790      0)
"a:compute_stage_value_dirk"                                  -      24576    24576 6.370099e+08   1.270705e+06    58.513 (  4383      0)    49.913 (  8323      0)
"a:tl-ae advance_hypervis_dp"                                 -      24576    24576 1.274020e+08   5.774188e+05    28.442 (  4673      0)    19.256 (  8063      0)
"a:hvf-bhwk"                                                  -      24576    24576 1.274020e+08   3.103414e+05    15.196 ( 11249      0)    10.724 ( 18815      0)
"a:hvf-bexch"                                                 -      24576    24576 3.822060e+08   3.201402e+05    17.787 (  3713      0)     9.007 (  2207      0)
"a:tl-sc vertical_remap"                                      -      24576    24576 6.370099e+07   2.115518e+05     9.581 (  4371      0)     7.650 ( 13744      0)
"a:Remap Thickness Functor"                                   -      24576    24576 6.370099e+07   7.640843e+03     0.495 (  2321      0)     0.266 ( 11596      0)
"a:Remap Scale States Functor"                                -      24576    24576 6.370099e+07   3.448927e+03     0.216 ( 20493      0)     0.126 ( 18116      0)
"a:Remap Compute Grids Functor"                               -      24576    24576 6.370099e+07   1.507296e+04     0.679 ( 11212      0)     0.582 ( 19364      0)
"a:Remap Compute Remap Functor"                               -      24576    24576 6.370099e+07   1.395668e+05     6.373 (  3840      0)     4.814 (  8476      0)
"a:Remap Rescale States Functor"                              -      24576    24576 6.370099e+07   5.848372e+03     0.353 (  1822      0)     0.195 ( 18022      0)
"a:tl-at prim_advec_tracers_compose"                          -      24576    24576 2.123366e+07   7.323298e+05    32.020 ( 22337      0)    25.662 (  4684      0)
"a:compose_transport"                                         -      24576    24576 2.123366e+07   7.320511e+05    32.008 ( 22337      0)    25.651 (  4684      0)
"a:compose_calc_trajectory"                                   -      24576    24576 2.123366e+07   5.940514e+04     3.106 ( 12320      0)     1.760 (   616      0)
"a:compose_3d_levels"                                         -      24576    24576 2.123366e+07   3.148594e+04     1.660 (  9198      0)     0.912 (   361      0)
"a:compose_v_bexchv"                                          -      24576    24576 2.123366e+07   2.598942e+04     2.051 ( 14030      0)     0.613 ( 23719      0)
"a:compose_v2x"                                               -      24576    24576 2.123366e+07   1.841669e+03     0.138 ( 20617      0)     0.062 (  8476      0)
"a:compose_isl"                                               -      24576    24576 2.123366e+07   1.908759e+05    10.643 ( 19462      0)     5.747 ( 21127      0)
"a:compose_hypervis_scalar"                                   -      24576    24576 2.123366e+07   1.840875e+05    11.279 ( 13082      0)     4.941 ( 11903      0)
"a:compose_cedr_global"                                       -      24576    24576 2.123366e+07   2.664329e+05    13.264 ( 15994      0)     6.119 ( 18027      0)
"a:repro_sum_int"                                             -      24576    24576 2.123366e+07   2.437054e+05    12.298 ( 15996      0)     5.259 ( 18031      0)
"a:compose_cedr_local"                                        -      24576    24576 2.123366e+07   9.657109e+03     0.614 (  7254      0)     0.292 ( 15618      0)
"a:compose_dss_q"                                             -      24576    24576 2.123366e+07   2.143696e+04     1.399 ( 15742      0)     0.664 ( 12259      0)
"a:compose_vertical_remap"                                    -      24576    24576 2.123366e+07   2.696201e+04     1.276 ( 13601      0)     0.946 ( 13744      0)
"a:shr_reprosum_INF_NaN_Chk"                                  -      24576    24576 2.123366e+07   3.727807e+02     0.023 ( 21051      0)     0.014 (  5369      0)
"a:shr_reprosum_int"                                          -      24576    24576 2.123366e+07   7.574663e+04     3.413 (  8476      0)     1.968 ( 15755      0)
"a:repro_sum_loopa"                                           -      24576    24576 2.123366e+07   2.079046e+02     0.011 ( 21913      0)     0.008 (  1507      0)
"a:repro_sum_allr_minmax"                                     -      24576    24576 2.123366e+07   6.407792e+04     2.925 (  8476      0)     1.455 ( 15755      0)
"a:repro_sum_loopb"                                           -      24576    24576 2.123366e+07   4.925566e+02     0.032 ( 14099      0)     0.020 ( 12317      0)
"a:repro_sum_allr_i8"                                         -      24576    24576 2.123366e+07   1.083716e+04     0.459 (  1444      0)     0.418 ( 14099      0)
"a:repro_sum_finalsum"                                        -      24576    24576 2.123366e+07   2.156433e+01     0.004 ( 18096      0)     0.001 ( 23509      0)
"a:EAMxx::homme::run-postcondition-checks"                    -      24576    24576 1.061683e+07   1.109228e+04     1.643 (  9203      0)     0.390 ( 12274      0)
"a:EAMxx::physics::run"                                       -      24576    24576 1.061683e+07   3.586165e+05    18.431 (  7779      0)    10.424 ( 15066      0)
"a:EAMxx::physics::run-precondition-checks"                   -      24576    24576 1.061683e+07   2.622518e+00     0.000 ( 13200      0)     0.000 ( 13474      0)
"a:EAMxx::mac_aero_mic::run"                                  -      24576    24576 1.061683e+07   1.842348e+05     9.897 ( 17748      0)     4.660 ( 11696      0)
"a:EAMxx::mac_aero_mic::run-precondition-checks"              -      24576    24576 1.061683e+07   1.725729e+00     0.000 ( 13584      0)     0.000 ( 15820      0)
"a:EAMxx::tms::run"                                           -      24576    24576 1.061683e+07   7.441357e+03     0.684 (  9195      0)     0.041 ( 10466      0)
"a:EAMxx::tms::run-precondition-checks"                       -      24576    24576 1.061683e+07   1.578910e+00     0.000 ( 24258      0)     0.000 ( 15820      0)
"a:EAMxx::tms::run-postcondition-checks"                      -      24576    24576 1.061683e+07   7.177692e+02     0.035 ( 20551      0)     0.026 (  6404      0)
"a:EAMxx::shoc::run"                                          -      24576    24576 1.061683e+07   5.787936e+04     4.187 (  9202      0)     1.523 ( 14288      0)
"a:EAMxx::shoc::run-precondition-checks"                      -      24576    24576 1.061683e+07   1.656924e+00     0.000 (  5418      0)     0.000 ( 20222      0)
"a:EAMxx::shoc::preprocess"                                   -      24576    24576 1.061683e+07   2.211400e+03     0.704 (  9192      0)     0.006 (  7514      0)
"a:EAMxx::shoc::shoc_main"                                    -      24576    24576 1.061683e+07   3.629433e+04     2.787 ( 17885      0)     0.750 ( 14287      0)
"a:EAMxx::shoc::postprocess"                                  -      24576    24576 1.061683e+07   1.179482e+03     0.536 ( 21707      0)     0.010 (  9093      0)
"a:EAMxx::shoc::run-postcondition-checks"                     -      24576    24576 1.061683e+07   1.034432e+04     0.441 ( 22562      0)     0.406 (  5272      0)
"a:EAMxx::cld_fraction::run"                                  -      24576    24576 1.061683e+07   3.787935e+03     0.755 (  9495      0)     0.129 (  9470      0)
"a:EAMxx::cld_fraction::run-precondition-checks"              -      24576    24576 1.061683e+07   3.285324e+00     0.000 ( 23760      0)     0.000 (  4725      0)
"a:EAMxx::cld_fraction::run-postcondition-checks"             -      24576    24576 1.061683e+07   2.887004e+03     0.122 ( 21209      0)     0.113 ( 10318      0)
"a:EAMxx::spa::run"                                           -      24576    24576 1.061683e+07   2.178617e+04     2.142 ( 17455      0)     0.672 ( 19712      0)
"a:EAMxx::spa::run-precondition-checks"                       -      24576    24576 1.061683e+07   1.952148e+00     0.000 (  1377      0)     0.000 ( 12567      0)
"a:EAMxx::spa::run-postcondition-checks"                      -      24576    24576 1.061683e+07   1.104562e+04     0.826 (  8381      0)     0.414 (  7424      0)
"a:EAMxx::p3::run"                                            -      24576    24576 1.061683e+07   9.294227e+04     6.218 ( 10395      0)     1.698 ( 20530      0)
"a:EAMxx::p3::run-precondition-checks"                        -      24576    24576 1.061683e+07   9.630108e+02     0.115 ( 18715      0)     0.037 ( 11186      0)
"a:EAMxx::p3::run-postcondition-checks"                       -      24576    24576 1.061683e+07   2.166063e+04     1.108 ( 14279      0)     0.594 ( 15628      0)
"a:EAMxx::mac_aero_mic::run-postcondition-checks"             -      24576    24576 1.061683e+07   3.372927e+00     0.000 ( 20254      0)     0.000 (  6559      0)
"a:EAMxx::rrtmgp::run"                                        -      24576    24576 1.061683e+07   1.739823e+05     9.982 (  4649      0)     4.406 ( 15623      0)
"a:EAMxx::rrtmgp::run-precondition-checks"                    -      24576    24576 1.061683e+07   5.047944e+02     0.027 ( 14442      0)     0.018 ( 22064      0)
"a:EAMxx::rrtmgp::run-postcondition-checks"                   -      24576    24576 1.061683e+07   1.614559e+04     0.752 (  6089      0)     0.578 (  6776      0)
"a:EAMxx::physics::run-postcondition-checks"                  -      24576    24576 1.061683e+07   2.062557e+00     0.000 ( 22205      0)     0.000 ( 23266      0)
"a:EAMxx::SurfaceCouplingExporter::run"                       -      24576    24576 1.061683e+07   9.276284e+03     0.429 (  1605      0)     0.341 ( 14242      0)
"a:EAMxx::SurfaceCouplingExporter::run-precondition-checks"   -      24576    24576 1.061683e+07   3.465651e+00     0.000 (  8377      0)     0.000 ( 16331      0)
"a:EAMxx::SurfaceCouplingExporter::run-postcondition-checks"  -      24576    24576 1.061683e+07   4.328347e+00     0.001 ( 17700      0)     0.000 ( 19198      0)
"a:EAMxx::EAMxx::run-postcondition-checks"                    -      24576    24576 1.061683e+07   1.920669e+00     0.000 (  4092      0)     0.000 ( 11203      0)
"a:EAMxx::IO::restart"                                        -      24576    24576 1.061683e+07   7.961428e+01     0.060 ( 10057      0)     0.002 (   337      0)
"a:EAMxx::IO::model_restart"                                  -      24576    24576 1.061683e+07   6.861866e+01     0.059 ( 10058      0)     0.002 ( 11197      0)
"a:EAMxx::IO::restart::get_new_file"                          -      24576    24576 1.061683e+07   1.646633e+00     0.000 (   534      0)     0.000 (  8672      0)
"a:EAMxx::IO::restart::run_output_streams"                    -      24576    24576 1.061683e+07   3.734358e+01     0.058 ( 10058      0)     0.001 ( 11197      0)
"a:EAMxx::IO::standard"                                       -      24576    24576 1.061683e+07   2.418943e+01     0.002 (  8796      0)     0.001 (  6216      0)
"a:EAMxx::IO::nooutput.yaml"                                  -      24576    24576 1.061683e+07   1.786703e+01     0.001 ( 16335      0)     0.001 (  6216      0)
"a:EAMxx::IO::standard::get_new_file"                         -      24576    24576 1.061683e+07   8.684461e-01     0.000 ( 16335      0)     0.000 (  4404      0)
"a:EAMxx::IO::standard::run_output_streams"                   -      24576    24576 1.061683e+07   1.945081e+00     0.000 (  6360      0)     0.000 ( 22926      0)
"CPL:A2C"                                                     -      24576    24576 1.061683e+07   1.167444e+05     9.346 ( 13076      0)     1.289 (  7781      0)
"CPL:a2c_atma2atmx"                                           -      24576    24576 1.061683e+07   6.290007e+04     7.187 ( 18287      0)     0.214 (  2997      0)
"CPL:a2c_infoexch"                                            -      24576    24576 1.061683e+07   5.381499e+04     5.648 ( 13081      0)     0.034 (     0      0)
"CPL:ATMPOST"                                                 -      24576    24576 1.061683e+07   5.577499e+00     0.002 ( 15744      0)     0.000 ( 14803      0)
"CPL:HISTORY"                                                 -      24576    24576 1.061683e+07   2.815016e+01     0.002 (  5844      0)     0.001 ( 20344      0)
"CPL:cime_run_write_history"                                  -      24576    24576 1.061683e+07   2.182640e+01     0.001 (  7728      0)     0.001 ( 22034      0)
"CPL:TSTAMP_WRITE"                                            -      24576    24576 1.061683e+07   7.128774e+00     0.002 ( 15753      0)     0.000 (  7373      0)
"CPL:TPROF_WRITE"                                             -      24576    24576 1.061683e+07   3.651699e+00     0.000 ( 22380      0)     0.000 ( 14381      0)
"CPL:C2O_INITWAIT"                                            -      24576    24576 1.059226e+07   1.119302e+05     5.653 (     0      0)     3.365 ( 12434      0)
"l:interpMonthlyVeg"                                          -      24576    24576 1.059226e+07   9.274845e+04     3.792 ( 15744      0)     3.743 (  4633      0)
"l:readMonthlyVeg"                                            -      24576    24576 2.457600e+04   9.273886e+04     3.789 (  1584      0)     3.743 (  4633      0)
"l:PIO:openfile"                                              -      24576    24576 2.457600e+04   2.982270e+03     0.208 ( 14507      0)     0.041 ( 16756      0)
"l:PIO:pio_inq_varid_file_vdesc"                              -      24576    24576 1.966080e+05   4.862726e+01     0.014 (  4633      0)     0.000 ( 16064      0)
"l:PIO:pio_inq_varid_file_vid"                                -      24576    24576 1.966080e+05   4.854814e+01     0.014 (  4633      0)     0.000 ( 16064      0)
"l:PIO:pio_inq_varndims_file_vdesc"                           -      24576    24576 1.966080e+05   2.813807e+01     0.279 (  8186      0)     0.000 ( 22522      0)
"l:PIO:pio_inq_varndims_file_vid"                             -      24576    24576 1.966080e+05   2.807896e+01     0.279 (  8185      0)     0.000 ( 22522      0)
"l:PIO:pio_inq_vardimid_file_vdesc"                           -      24576    24576 1.966080e+05   5.553063e+01     0.005 (  3152      0)     0.001 ( 24565      0)
"l:PIO:pio_inq_vardimid_file_vid"                             -      24576    24576 1.966080e+05   5.547643e+01     0.005 (  3152      0)     0.001 ( 24565      0)
"l:PIO:pio_inq_dimname_file_dimid"                            -      24576    24576 1.671168e+06   1.375312e+02     0.013 (  3073      0)     0.002 ( 15916      0)
"l:PIO:pio_inq_dimlen_file_dimid"                             -      24576    24576 3.932160e+05   2.322828e+01     0.002 (  2967      0)     0.000 ( 20796      0)
"l:PIO:pio_inq_dimlen_file_dimid_offlen"                      -      24576    24576 3.932160e+05   2.313665e+01     0.002 (  2967      0)     0.000 ( 15216      0)
"l:PIO:pio_inquire_file"                                      -      24576    24576 7.372800e+05   4.058735e+01     0.004 (  1333      0)     0.001 ( 15603      0)
"l:PIO:pio_inq_ndims_file"                                    -      24576    24576 7.372800e+05   4.042939e+01     0.004 (  1333      0)     0.001 ( 15603      0)
"l:PIO:initdecomp"                                            -      24576    24576 2.457600e+04   2.428593e+04     0.989 (     2      0)     0.987 (  3753      0)
"l:PIO:PIOc_initdecomp"                                       -      24576    24576 2.457600e+04   2.428536e+04     0.989 (     5      0)     0.987 (  3753      0)
"l:PIO:box_rearrange_create"                                  -      24576    24576 2.457600e+04   2.424795e+04     0.987 (  5029      0)     0.985 (  3753      0)
"l:PIO:pio_swapm"                                             -      24576    24576 2.703360e+05   8.391424e+04     3.549 ( 17899      0)     1.993 (  5892      0)
"l:PIO:read_darray_3d_double"                                 -      24576    24576 1.966080e+05   6.294765e+04     2.585 ( 11251      0)     2.251 (  8188      0)
"l:PIO:PIOc_read_darray"                                      -      24576    24576 1.966080e+05   6.294714e+04     2.585 ( 11251      0)     2.251 (  8188      0)
"l:PIO:read_darray_nc"                                        -      24576    24576 1.966080e+05   1.914906e+03     1.389 (  5892      0)     0.000 ( 18509      0)
"l:PIO:rearrange_io2comp"                                     -      24576    24576 1.966080e+05   6.093666e+04     2.583 ( 11251      0)     1.127 (  5892      0)
"l:PIO:closefile"                                             -      24576    24576 2.457600e+04   3.362121e+01     0.046 (  4632      0)     0.000 (   383      0)
"l:PIO:PIOc_closefile"                                        -      24576    24576 2.457600e+04   3.358967e+01     0.046 (  4632      0)     0.000 (   383      0)
"l:surfalb"                                                   -      24576    24576 1.059226e+07   2.067145e+04     1.064 (  8706      0)     0.678 ( 24116      0)
"l:urbsurfalb"                                                -      24576    24576 1.059226e+07   4.050464e+03     0.195 ( 14294      0)     0.133 (   197      0)
"CPL:OCNT_RUN"                                                -      24576    24576 1.059226e+07   5.816399e+03     0.270 (     0      0)     0.108 ( 18378      0)
"o:DOCN_RUN"                                                  -      24576    24576 1.059226e+07   5.534189e+03     0.254 ( 24208      0)     0.097 ( 18378      0)
"o:docn_run1"                                                 -      24576    24576 1.059226e+07   9.789540e+00     0.001 ( 23999      0)     0.000 (   586      0)
"o:docn"                                                      -      24576    24576 1.059226e+07   5.502759e+03     0.252 ( 24208      0)     0.096 ( 18378      0)
"o:docn_strdata_advance"                                      -      24576    24576 1.059226e+07   3.678763e+03     0.174 ( 24208      0)     0.025 ( 18378      0)
"o:docn_strd_adv_total"                                       -      24576    24576 1.059226e+07   3.665787e+03     0.173 ( 24208      0)     0.024 ( 18378      0)
"o:docn_strd_adv_readLBUB"                                    -      24576    24576 1.059226e+07   1.256029e+03     0.158 (  4913      0)     0.014 (     7      0)
"o:docn_readLBUB_setup"                                       -      24576    24576 1.059226e+07   3.337192e+00     0.000 (  4065      0)     0.000 (   618      0)
"o:docn_readLBUB_filemgt"                                     -      24576    24576 1.059226e+07   2.451618e+00     0.000 (  3199      0)     0.000 ( 24119      0)
"o:docn_strd_adv_tint"                                        -      24576    24576 1.059226e+07   9.198072e+01     0.006 (  8903      0)     0.003 ( 18739      0)
"o:docn_scatter"                                              -      24576    24576 1.059226e+07   1.533764e+03     0.069 ( 12710      0)     0.059 ( 20602      0)
"o:docn_datamode"                                             -      24576    24576 1.059226e+07   5.413388e+01     0.005 ( 15754      0)     0.002 (  5570      0)
"o:docn_run2"                                                 -      24576    24576 1.059226e+07   8.746372e-01     0.003 (     0      0)     0.000 (  8409      0)
"CPL:O2CT"                                                    -      24576    24576 1.059226e+07   3.084172e+04     3.987 ( 12600      0)     0.073 (     7      0)
"CPL:o2c_ocno2ocnx"                                           -      24576    24576 1.059226e+07   2.743358e+02     0.013 (  1992      0)     0.010 (  6788      0)
"CPL:o2c_infoexch"                                            -      24576    24576 1.059226e+07   3.054998e+04     3.975 ( 12600      0)     0.062 (     7      0)
"CPL:OCNPOSTT"                                                -      24576    24576 1.059226e+07   3.852015e+00     0.000 ( 18456      0)     0.000 ( 22946      0)
"i:cice_pice_readLBUB_LB_copy"                                -      24576    24576 2.457600e+04   2.266174e-02     0.000 ( 15751      0)     0.000 (  4441      0)
"o:docn_readLBUB_fbound"                                      -      24576    24576 2.457600e+04   3.488795e-03     0.000 ( 19662      0)     0.000 (  4948      0)
"o:docn_readLBUB_bcast"                                       -      24576    24576 2.457600e+04   1.807571e+02     0.017 ( 15638      0)     0.000 (  1630      0)
"o:docn_readLBUB_LB_copy"                                     -      24576    24576 2.457600e+04   2.430600e-02     0.000 ( 18474      0)     0.000 ( 19475      0)
"o:docn_readLBUB_UB_setup"                                    -      24576    24576 2.457600e+04   9.972400e-03     0.000 (     0      0)     0.000 (  7301      0)
"o:docn_readLBUB_UB_readpio"                                  -      24576    24576 2.457600e+04   1.046032e+03     0.146 (  4930      0)     0.007 ( 14173      0)
"o:PIO:pio_inq_varid_file_vdesc"                              -      24576    24576 4.915200e+04   1.362691e+01     0.008 ( 14403      0)     0.000 ( 18814      0)
"o:PIO:pio_inq_varid_file_vid"                                -      24576    24576 4.915200e+04   1.359680e+01     0.008 ( 14403      0)     0.000 ( 18814      0)
"o:PIO:pio_inq_varndims_file_vdesc"                           -      24576    24576 2.457600e+04   4.279027e+00     0.001 (     0      0)     0.000 ( 23819      0)
"o:PIO:pio_inq_varndims_file_vid"                             -      24576    24576 2.457600e+04   4.258868e+00     0.001 (     0      0)     0.000 ( 23819      0)
"o:PIO:pio_inq_vardimid_file_vdesc"                           -      24576    24576 2.457600e+04   1.405927e+01     0.001 (  3403      0)     0.000 ( 13478      0)
"o:PIO:pio_inq_vardimid_file_vid"                             -      24576    24576 2.457600e+04   1.404097e+01     0.001 (  3403      0)     0.000 ( 16535      0)
"o:PIO:pio_inq_dimlen_file_dimid"                             -      24576    24576 7.372800e+04   8.656571e+00     0.000 (  3409      0)     0.000 ( 13540      0)
"o:PIO:pio_inq_dimlen_file_dimid_offlen"                      -      24576    24576 7.372800e+04   8.614572e+00     0.000 (  3409      0)     0.000 ( 13547      0)
"o:PIO:pio_inq_vartype_file_vdesc"                            -      24576    24576 2.457600e+04   6.917841e+00     0.001 (    10      0)     0.000 ( 23819      0)
"o:PIO:pio_inq_vartype_file_vid"                              -      24576    24576 2.457600e+04   6.900735e+00     0.001 (     4      0)     0.000 ( 23819      0)
"o:PIO:read_darray_1d_real"                                   -      24576    24576 2.457600e+04   9.669292e+02     0.142 (  4930      0)     0.005 ( 14305      0)
"o:PIO:PIOc_read_darray"                                      -      24576    24576 2.457600e+04   9.668376e+02     0.142 (  4930      0)     0.005 ( 14305      0)
"o:PIO:read_darray_nc"                                        -      24576    24576 2.457600e+04   5.748632e+01     0.141 (  3516      0)     0.000 ( 16646      0)
"o:PIO:rearrange_io2comp"                                     -      24576    24576 2.457600e+04   9.032661e+02     0.142 (  4930      0)     0.000 (     0      0)
"o:PIO:pio_swapm"                                             -      24576    24576 2.457600e+04   9.022742e+02     0.142 (  4930      0)     0.000 (     0      0)
"o:docn_strd_adv_fill"                                        -      24576    24576 2.457600e+04   5.960304e+00     0.000 ( 11976      0)     0.000 (  8071      0)
"o:docn_strd_adv_map"                                         -      24576    24576 2.457600e+04   2.252683e+03     0.136 ( 24344      0)     0.000 ( 21051      0)
"CPL:RUN_LOOP_BSTOP"                                          -      24576    24576 2.457600e+04   2.547333e+01     0.001 (  4663      0)     0.000 (   798      0)
"CPL:FINAL"                                                   -      24576    24576 2.457600e+04   2.654127e+04     1.082 (     0      0)     1.066 ( 18050      0)
"CPL:cime_final"                                              -      24576    24576 2.457600e+04   2.654123e+04     1.082 (     0      0)     1.066 ( 18050      0)
"o_f:DOCN_FINAL"                                              -      24576    24576 2.457600e+04   6.173514e-03     0.000 (  3309      0)     0.000 ( 13262      0)
"a_f:EAMxx::finalize"                                         y      24576    24576 2.457600e+04   5.307223e+03     0.995 ( 15744      0)     0.071 ( 21332      0)
"a_f:PIO:PIOc_sync"                                           -      24576    24576 2.457600e+04   6.902918e-01     0.026 ( 19728      0)     0.000 (  9549      0)
"a_f:PIO:write_total"                                         -      24576    24576 4.915200e+04   5.165123e+02     0.257 (  2280      0)     0.000 ( 16328      0)
"a_f:PIO:flush_output_buffer"                                 -       2048     2048 4.096000e+03   2.967832e-01     0.026 ( 19728      0)     0.000 ( 17700      0)
"a_f:PIO:PIOc_closefile"                                      -      24576    24576 4.915200e+04   1.776418e+03     0.879 (  2220      0)     0.000 (  4348      0)
"a_f:PIO:PIOc_closefile_write_mode"                           -      24576    24576 2.457600e+04   5.159658e+02     0.257 (  2280      0)     0.000 ( 16323      0)
"a_f:PIO:PIOc_freedecomp"                                     -      24576    24576 3.194880e+05   3.465581e+00     0.002 ( 15744      0)     0.000 ( 18739      0)
"PIO:finalize"                                                -      24576    24576 2.457600e+05   1.765914e+04     0.970 (     1      0)     0.002 ( 11220      0)
"PIO:PIOc_finalize"                                           -      24576    24576 2.457600e+05   1.765310e+04     0.969 (     1      0)     0.002 ( 14568      0)
"CPL:FINAL_sync1_tprf"                                        -      24576    24576 2.457600e+04   4.951855e+01     0.002 ( 10065      0)     0.000 (     0      0)
"CPL:FINAL_t_prf"                                             y          0        0 0.000000e+00   0.000000e+00     0.000 (     0      0)     0.000 (     0      0)

