
***** GLOBAL STATISTICS ( 12288 MPI TASKS) *****

$Id: gptl.c,v 1.157 2011-03-28 20:55:18 rosinski Exp $
'count' is cumulative. All other stats are max/min
'on' indicates whether the timer was active during output, and so stats are lower or upper bounds.

name                                                         on  processes  threads        count      walltotal   wallmax (proc   thrd  )   wallmin (proc   thrd  )
"CPL:INIT"                                                    -      12288    12288 1.228800e+04   6.309598e+06   622.022 (  7745      0)   476.477 (  7905      0)
"CPL:cime_pre_init1"                                          -      12288    12288 1.228800e+04   4.823319e+05   147.797 (  7746      0)     2.252 (  7907      0)
"CPL:mpi_init"                                                -      12288    12288 1.228800e+04   4.671914e+05   146.560 (  7746      0)     1.017 (  7898      0)
"CPL:ESMF_Initialize"                                         -      12288    12288 1.228800e+04   2.108037e+02     0.037 (  4122      0)     0.000 (  1935      0)
"CPL:cime_pre_init2"                                          -      12288    12288 1.228800e+04   2.130164e+04     1.787 (  4817      0)     1.477 (     4      0)
"CPL:seq_infodata_init"                                       -      12288    12288 1.228800e+04   2.454527e+03     0.699 ( 12271      0)     0.007 (  1412      0)
"CPL:seq_timemgr_clockInit"                                   -      12288    12288 1.228800e+04   6.207058e+01     0.041 (  4125      0)     0.001 (  6093      0)
"CPL:cime_init"                                               -      12288    12288 1.228800e+04   5.805754e+06   472.715 (     9      0)   472.426 (  4910      0)
"CPL:init_comps"                                              -      12288    12288 1.228800e+04   5.802482e+06   472.450 (     9      0)   472.161 (  4910      0)
"CPL:comp_init_pre_all"                                       -      12288    12288 1.228800e+04   9.742445e-01     0.003 (  4123      0)     0.000 ( 10113      0)
"CPL:comp_init_cc_atm"                                        -      12288    12288 1.228800e+04   2.276882e+06   185.535 (     9      0)   185.248 (  4910      0)
"a_i:comp_init"                                               -      12288    12288 2.457600e+04   2.276196e+06   185.532 (     0      0)   185.185 (  4347      0)
"a_i:EAMxx::init"                                             -      12288    12288 8.601600e+04   2.246109e+06   184.725 (    12      0)   177.247 (  5210      0)
"a_i:EAMxx::create_output_managers"                           -      12288    12288 1.228800e+04   3.975825e+01     0.028 (    22      0)     0.000 (  5605      0)
"a_i:EAMxx::create_atm_processes"                             -      12288    12288 1.228800e+04   7.059819e+03     0.914 (    13      0)     0.260 (  4123      0)
"a_i:EAMxx::create_grids"                                     -      12288    12288 1.228800e+04   7.391183e+05    60.311 (   821      0)    60.036 (  4007      0)
"a_i:EAMxx::build_grids"                                      -      12288    12288 1.228800e+04   6.318804e+05    51.446 (    25      0)    51.410 (  2640      0)
"a_i:PartitioningTime"                                        -      12288    12288 1.228800e+04   3.065667e-03     0.000 ( 11407      0)     0.000 (  5826      0)
"a_i:repro_sum_int"                                           -      12288    12288 1.228800e+04   2.613078e+03     0.353 (  3763      0)     0.090 (  4125      0)
"a_i:PIO:spio_get_att_tc"                                     -      12288    12288 1.339392e+06   3.387249e+02     0.048 ( 10744      0)     0.023 (     1      0)
"a_i:PIO:spio_get_vars_tc"                                    -      12288    12288 2.457600e+05   3.104514e+04     2.655 (  6447      0)     2.367 (  4118      0)
"a_i:PIO:PIOc_closefile"                                      -      12288    12288 1.597440e+05   9.391864e+02     3.327 (  9684      0)     0.000 (  4186      0)
"a_i:EAMxx::SurfaceCouplingImporter::set_grids"               -      12288    12288 1.228800e+04   2.026329e+01     0.942 (  4117      0)     0.000 (  8758      0)
"a_i:EAMxx::homme::set_grids"                                 -      12288    12288 1.228800e+04   3.156919e+04     6.577 (  4119      0)     1.625 (  9037      0)
"a_i:EAMxx::physics::set_grids"                               -      12288    12288 1.228800e+04   7.218610e+04     6.948 (  7224      0)     0.776 (  4121      0)
"a_i:EAMxx::mac_aero_mic::set_grids"                          -      12288    12288 1.228800e+04   6.638114e+04     6.452 (  6194      0)     0.370 (  4119      0)
"a_i:EAMxx::tms::set_grids"                                   -      12288    12288 1.228800e+04   1.638011e+01     0.023 (  4124      0)     0.001 (  6023      0)
"a_i:EAMxx::shoc::set_grids"                                  -      12288    12288 1.228800e+04   3.013874e+02     1.369 ( 11414      0)     0.000 (  6814      0)
"a_i:EAMxx::cld_fraction::set_grids"                          -      12288    12288 1.228800e+04   4.024548e+00     0.012 (  4117      0)     0.000 (  6151      0)
"a_i:EAMxx::spa::set_grids"                                   -      12288    12288 1.228800e+04   6.534513e+04     6.447 (  6194      0)     0.230 (  4119      0)
"a_i:EAMxx::p3::set_grids"                                    -      12288    12288 1.228800e+04   1.542948e+02     0.048 (  1705      0)     0.003 (  4370      0)
"a_i:EAMxx::rrtmgp::set_grids"                                -      12288    12288 1.228800e+04   5.680137e+03     0.502 (  5412      0)     0.389 (  6956      0)
"a_i:EAMxx::SurfaceCouplingExporter::set_grids"               -      12288    12288 1.228800e+04   2.316928e+02     0.051 (   192      0)     0.010 (  3994      0)
"a_i:EAMxx::create_fields"                                    -      12288    12288 1.228800e+04   2.903114e+03     0.310 (  6959      0)     0.210 (  4608      0)
"a_i:EAMxx::initialize_fields"                                -      12288    12288 1.228800e+04   6.925949e+05    56.433 (  1224      0)    56.276 (  8258      0)
"a_i:PIO:PIOc_initdecomp"                                     -      12288    12288 1.597440e+05   1.425748e+05    11.609 (  6922      0)    11.577 (  2654      0)
"a_i:PIO:box_rearrange_create"                                -      12288    12288 1.597440e+05   1.420087e+05    11.558 (  1607      0)    11.556 (  1038      0)
"a_i:PIO:pio_swapm"                                           -      12288    12288 7.495680e+05   4.064816e+05    41.383 (  1333      0)     5.273 (  5844      0)
"a_i:PIO:PIOc_read_darray"                                    -      12288    12288 2.703360e+05   3.860792e+05    32.568 (  1355      0)    29.175 (  5629      0)
"a_i:PIO:read_darray_nc"                                      -      12288    12288 2.703360e+05   2.311630e+04    28.807 (  8424      0)     0.000 (  5020      0)
"a_i:PIO:rearrange_io2comp"                                   -      12288    12288 2.703360e+05   3.133628e+05    31.223 (   716      0)     0.205 (  8424      0)
"a_i:EAMxx::initialize_atm_procs"                             -      12288    12288 1.228800e+04   7.558287e+05    63.264 (  8881      0)    56.053 (  5208      0)
"a_i:EAMxx::SurfaceCouplingImporter::init"                    -      12288    12288 1.228800e+04   1.543642e+01     0.089 (  9518      0)     0.000 (   656      0)
"a_i:EAMxx::homme::init"                                      -      12288    12288 1.228800e+04   3.114466e+05    25.733 (  4088      0)    24.235 (  5105      0)
"a_i:compose_init"                                            -      12288    12288 1.228800e+04   9.547034e+02     0.477 (   465      0)     0.015 (  9204      0)
"a_i:sl_init1"                                                -      12288    12288 1.228800e+04   2.492631e+04     2.472 (  4108      0)     0.367 (  4137      0)
"a_i:EAMxx::tms::init"                                        -      12288    12288 1.228800e+04   2.070366e-01     0.009 (  6956      0)     0.000 (  9716      0)
"a_i:EAMxx::shoc::init"                                       -      12288    12288 1.228800e+04   8.967386e+01     0.153 (  3544      0)     0.001 ( 10635      0)
"a_i:EAMxx::cld_fraction::init"                               -      12288    12288 1.228800e+04   2.941461e-01     0.000 (     0      0)     0.000 ( 10166      0)
"a_i:EAMxx::spa::init"                                        -      12288    12288 1.228800e+04   3.339467e+05    38.092 ( 12121      0)    26.688 (  4127      0)
"a_i:EAMxx::p3::init"                                         -      12288    12288 1.228800e+04   6.007156e+03     0.952 (  5868      0)     0.044 (  8497      0)
"a_i:EAMxx::rrtmgp::init"                                     -      12288    12288 1.228800e+04   1.041646e+05    10.365 (  2861      0)     0.050 (  4445      0)
"a_i:EAMxx::SurfaceCouplingExporter::init"                    -      12288    12288 1.228800e+04   7.068630e+01     0.243 ( 12192      0)     0.002 (  9172      0)
"a_i:EAMxx::initialize_output_managers"                       -      12288    12288 1.228800e+04   4.856459e+04     3.997 (   180      0)     3.941 (  3238      0)
"a_i:EAMxx::IO::standard"                                     -      12288    12288 1.228800e+04   4.612918e+04     3.885 (  5364      0)     3.702 (  2485      0)
"a_i:EAMxx::IO::nooutput.yaml"                                -      12288    12288 1.228800e+04   4.612917e+04     3.885 (  5364      0)     3.702 (  2485      0)
"a_i:EAMxx::IO::standard::get_new_file"                       -      12288    12288 1.228800e+04   4.605484e+04     3.854 (  3582      0)     3.672 (  4127      0)
"a_i:PIO:PIOc_createfile"                                     -      12288    12288 1.228800e+04   4.332272e+04     3.626 ( 11973      0)     3.453 (  4124      0)
"a_i:PIO:write_total"                                         -      12288    12288 4.055040e+05   4.350884e+04     3.803 ( 10068      0)     3.455 (  4124      0)
"a_i:PIO:spio_put_att_tc"                                     -      12288    12288 3.686400e+05   1.079872e+02     0.163 (   264      0)     0.000 (  5618      0)
"a_i:PIO:spio_put_vars_tc"                                    -      12288    12288 1.228800e+04   5.262161e+01     0.021 (  4500      0)     0.000 (  1513      0)
"a_i:PIO:flush_output_buffer"                                 -       1024     1024 2.048000e+03   4.272881e+01     0.046 (  1632      0)     0.008 (  4512      0)
"a_i:EAMxx::IO::standard::run_output_streams"                 -      12288    12288 1.228800e+04   1.855862e-03     0.000 ( 12150      0)     0.000 ( 11294      0)
"a_i:EAMxx::IO::standard::update_snapshot_tally"              -      12288    12288 1.228800e+04   7.428802e+01     0.038 (  6027      0)     0.000 (  7682      0)
"a_i:PIO:PIOc_sync"                                           -      12288    12288 1.228800e+04   2.552744e+01     0.026 (  7644      0)     0.000 (  9056      0)
"CPL:comp_init_cc_lnd"                                        -      12288    12288 1.228800e+04   2.443174e+06   198.964 ( 10249      0)   198.820 (  4125      0)
"l_i:comp_init"                                               -      12288    12288 1.228800e+04   2.442746e+06   198.899 ( 10249      0)   198.786 (  3263      0)
"l_i:elm_init1"                                               -      12288    12288 1.228800e+04   6.844808e+05    55.809 ( 10658      0)    55.622 (  3651      0)
"l_i:PIO:openfile"                                            -      12288    12288 2.826240e+05   4.897715e+04     4.716 (  3107      0)     2.531 ( 10255      0)
"l_i:PIO:pio_inq_dimid_file_dimid"                            -      12288    12288 7.618560e+05   7.895761e+02     0.124 (  1991      0)     0.004 (  4099      0)
"l_i:PIO:pio_inq_dimlen_file_dimid"                           -      12288    12288 4.423680e+06   2.567025e+02     0.046 (   540      0)     0.009 (  6948      0)
"l_i:PIO:pio_inq_dimlen_file_dimid_offlen"                    -      12288    12288 4.423680e+06   2.558358e+02     0.046 (   540      0)     0.009 (  6948      0)
"l_i:PIO:pio_inq_varid_file_vdesc"                            -      12288    12288 5.652480e+06   4.254872e+03     4.109 (  4045      0)     0.035 (  4284      0)
"l_i:PIO:pio_inq_varid_file_vid"                              -      12288    12288 5.652480e+06   4.121007e+03     4.087 (  4045      0)     0.016 (  6648      0)
"l_i:PIO:get_var_1d_int"                                      -      12288    12288 7.372800e+04   2.094649e+03     0.233 (  3851      0)     0.138 (  4124      0)
"l_i:PIO:spio_get_vars_tc"                                    -      12288    12288 2.445312e+06   8.004187e+04     6.994 (  1136      0)     5.443 (  9464      0)
"l_i:PIO:closefile"                                           -      12288    12288 2.457600e+05   3.639823e+02     0.536 (   312      0)     0.001 (  8098      0)
"l_i:PIO:PIOc_closefile"                                      -      12288    12288 2.457600e+05   3.636149e+02     0.536 (   312      0)     0.001 (  8098      0)
"l_i:PIO:pio_inq_varndims_file_vdesc"                         -      12288    12288 2.715648e+06   4.843010e+02     2.132 (  4093      0)     0.010 (  7619      0)
"l_i:PIO:pio_inq_varndims_file_vid"                           -      12288    12288 2.715648e+06   4.836126e+02     2.132 (  4093      0)     0.010 (  7619      0)
"l_i:PIO:pio_inq_vardimid_file_vdesc"                         -      12288    12288 2.715648e+06   6.875644e+02     0.134 (   495      0)     0.023 (  7990      0)
"l_i:PIO:pio_inq_vardimid_file_vid"                           -      12288    12288 2.715648e+06   6.869481e+02     0.134 (   495      0)     0.023 (  6948      0)
"l_i:PIO:pio_inq_dimname_file_dimid"                          -      12288    12288 9.768960e+06   7.831698e+02     0.144 (   980      0)     0.023 ( 10044      0)
"l_i:PIO:initdecomp"                                          -      12288    12288 3.194880e+05   1.447161e+05    12.104 (    35      0)    11.438 (  6948      0)
"l_i:PIO:PIOc_initdecomp"                                     -      12288    12288 3.194880e+05   1.446970e+05    12.103 (    35      0)    11.437 (  6948      0)
"l_i:PIO:box_rearrange_create"                                -      12288    12288 3.194880e+05   1.374190e+05    11.185 (  3714      0)    11.176 (  8931      0)
"l_i:PIO:pio_swapm"                                           -      12288    12288 3.649536e+06   1.980327e+06   170.532 (  8997      0)    58.902 (   696      0)
"l_i:PIO:read_darray_1d_double"                               -      12288    12288 1.007616e+06   5.826415e+05    47.632 (  9036      0)    44.426 (  4045      0)
"l_i:PIO:PIOc_read_darray"                                    -      12288    12288 2.691072e+06   1.951218e+06   160.384 (  9876      0)   154.043 (  4093      0)
"l_i:PIO:read_darray_nc"                                      -      12288    12288 2.691072e+06   9.096147e+04   105.920 (   696      0)     0.000 (  1214      0)
"l_i:PIO:rearrange_io2comp"                                   -      12288    12288 2.691072e+06   1.858040e+06   160.278 (  9879      0)    49.538 (   696      0)
"l_i:PIO:pio_inquire_file"                                    -      12288    12288 3.538944e+06   2.585017e+02     0.051 (  1993      0)     0.006 ( 10048      0)
"l_i:PIO:pio_inq_ndims_file"                                  -      12288    12288 3.538944e+06   2.577496e+02     0.051 (  1993      0)     0.006 ( 10044      0)
"l_i:PIO:read_darray_1d_int"                                  -      12288    12288 8.601600e+04   6.095261e+04     5.017 (  7476      0)     4.760 (  4060      0)
"l_i:PIO:read_darray_3d_double"                               -      12288    12288 2.211840e+05   8.393424e+04     7.003 (  3804      0)     6.457 (  4093      0)
"l_i:PIO:read_darray_3d_int"                                  -      12288    12288 1.228800e+04   2.160677e+03     0.184 (  8676      0)     0.160 (  2164      0)
"l_i:PIO:read_darray_4d_double"                               -      12288    12288 1.720320e+05   2.840553e+05    23.145 ( 10848      0)    22.858 (  4093      0)
"l_i:PIO:get_var_1d_text"                                     -      12288    12288 2.457600e+04   2.395939e+02     0.068 ( 12033      0)     0.001 (  1311      0)
"l_i:PIO:get_var_1d_double"                                   -      12288    12288 1.769472e+06   3.640015e+03     0.344 (  1169      0)     0.159 (  6958      0)
"l_i:PIO:get_var_0d_double"                                   -      12288    12288 1.228800e+05   1.936519e+02     0.020 ( 11006      0)     0.002 (  6948      0)
"l_i:PIO:read_darray_2d_double"                               -      12288    12288 1.142784e+06   9.316903e+05    77.180 (  9879      0)    74.448 (  2060      0)
"l_i:PIO:read_darray_2d_int"                                  -      12288    12288 4.915200e+04   5.789809e+03     0.487 (  3996      0)     0.440 ( 10256      0)
"l_i:gather_1darray_int_total"                                -      12288    12288 6.144000e+04   9.692997e+03     1.771 (     0      0)     0.375 (    18      0)
"l_i:scatter_1darray_int_total"                               -      12288    12288 6.144000e+04   2.269122e+04     2.245 (     9      0)     0.863 (     0      0)
"l_i:init_filters"                                            -      12288    12288 1.228800e+04   8.431326e+01     0.031 (   696      0)     0.000 (  2548      0)
"l_i:elm_init2"                                               -      12288    12288 1.228800e+04   1.750811e+06   142.541 (  6950      0)   142.476 (  3770      0)
"l_i:init_orbd"                                               -      12288    12288 1.228800e+04   1.610681e+00     0.061 ( 10252      0)     0.000 (  1123      0)
"l_i:PIO:get_var_0d_int"                                      -      12288    12288 2.580480e+05   7.577474e+04     7.495 (  6168      0)     5.127 (  9399      0)
"l_i:PIO:get_var_2d_double"                                   -      12288    12288 1.474560e+05   1.070801e+03     0.089 ( 10838      0)     0.082 (  9349      0)
"l_i:PIO:get_var_3d_double"                                   -      12288    12288 4.915200e+04   1.515825e+02     0.015 (  9927      0)     0.010 (     0      0)
"l_i:init_accflds"                                            -      12288    12288 1.228800e+04   8.695666e+00     0.020 ( 10252      0)     0.001 (  2318      0)
"l_i:init_dyn_subgrid"                                        -      12288    12288 1.228800e+04   4.675279e+02     0.074 (  1108      0)     0.001 (  8362      0)
"l_i:subgridRest_write-read"                                  -      12288    12288 1.228800e+04   2.164378e+05    17.625 (  8124      0)    17.598 (  2324      0)
"l_i:init_map2gc"                                             -      12288    12288 1.228800e+04   5.371484e+00     0.022 (  4127      0)     0.000 (  6882      0)
"l_i:init_elm_interface_data & pflotran"                      -      12288    12288 1.228800e+04   3.093778e-03     0.000 (  1328      0)     0.000 (  8606      0)
"l_i:init_wlog"                                               -      12288    12288 1.228800e+04   1.780615e-02     0.014 (     0      0)     0.000 (  8292      0)
"l_i:elm_init3"                                               -      12288    12288 1.228800e+04   1.791152e-02     0.000 (  9230      0)     0.000 (  8020      0)
"CPL:comp_init_cc_rof"                                        -      12288    12288 1.228800e+04   3.870111e+01     0.019 ( 10248      0)     0.001 (  6949      0)
"r_i:comp_init"                                               -      12288    12288 1.228800e+04   1.009469e+00     0.007 ( 10250      0)     0.000 (  3382      0)
"CPL:comp_init_cc_ocn"                                        -      12288    12288 1.228800e+04   5.288979e+05    43.046 (  9375      0)    42.896 ( 10255      0)
"o_i:comp_init"                                               -      12288    12288 1.228800e+04   5.287336e+05    43.043 (  9375      0)    42.896 ( 10255      0)
"o_i:docn_readnml"                                            -      12288    12288 1.228800e+04   7.229324e+03     0.639 (  4804      0)     0.189 (     0      0)
"o_i:DOCN_INIT"                                               -      12288    12288 1.228800e+04   5.212401e+05    42.836 (     9      0)    42.331 ( 10319      0)
"o_i:docn_strdata_init"                                       -      12288    12288 1.228800e+04   5.068548e+05    41.508 (    61      0)    40.868 (  5135      0)
"o_i:PIO:initdecomp"                                          -      12288    12288 3.686400e+04   1.124089e+04     0.945 (     4      0)     0.882 (     0      0)
"o_i:PIO:PIOc_initdecomp"                                     -      12288    12288 3.686400e+04   1.124077e+04     0.945 (     4      0)     0.882 (     0      0)
"o_i:PIO:box_rearrange_create"                                -      12288    12288 3.686400e+04   1.051020e+04     0.856 (  3867      0)     0.855 ( 11735      0)
"o_i:PIO:pio_swapm"                                           -      12288    12288 1.351680e+05   1.059346e+04     0.965 (  7830      0)     0.713 (  1512      0)
"o_i:docn_initgsmaps"                                         -      12288    12288 1.228800e+04   7.107992e+00     0.001 (  7909      0)     0.000 (   516      0)
"o_i:docn_initmctdom"                                         -      12288    12288 1.228800e+04   1.593604e+02     0.366 ( 10252      0)     0.000 (     6      0)
"o_i:docn_initmctavs"                                         -      12288    12288 1.228800e+04   2.046420e+00     0.017 ( 10249      0)     0.000 (  1764      0)
"o_i:DOCN_RUN"                                                -      12288    12288 1.228800e+04   1.420638e+04     1.531 (  8875      0)     1.040 ( 10321      0)
"o_i:docn_run1"                                               -      12288    12288 1.228800e+04   1.044550e-02     0.000 (  1381      0)     0.000 ( 11657      0)
"o_i:docn"                                                    -      12288    12288 1.228800e+04   1.420634e+04     1.531 (  8875      0)     1.040 ( 10321      0)
"o_i:docn_strdata_advance"                                    -      12288    12288 1.228800e+04   1.420372e+04     1.531 (  8875      0)     1.040 ( 10321      0)
"o_i:docn_strd_adv_total"                                     -      12288    12288 1.228800e+04   1.420366e+04     1.531 (  8875      0)     1.040 ( 10321      0)
"o_i:docn_strd_adv_readLBUB"                                  -      12288    12288 1.228800e+04   1.358400e+04     1.507 (  4797      0)     1.038 (   166      0)
"o_i:docn_readLBUB_setup"                                     -      12288    12288 1.228800e+04   5.471090e-02     0.000 ( 11151      0)     0.000 ( 10943      0)
"o_i:docn_readLBUB_fbound"                                    -      12288    12288 1.228800e+04   1.303131e+00     1.259 (     0      0)     0.000 (  8125      0)
"o_i:docn_readLBUB_bcast"                                     -      12288    12288 1.228800e+04   1.103213e+04     1.263 (  6048      0)     0.000 (     0      0)
"o_i:docn_readLBUB_LB_setup"                                  -      12288    12288 1.228800e+04   1.825431e-03     0.000 (     0      0)     0.000 (  3898      0)
"o_i:docn_readLBUB_LB_readpio"                                -      12288    12288 1.228800e+04   1.609362e+03     0.187 (  4968      0)     0.114 (     1      0)
"o_i:PIO:openfile"                                            -      12288    12288 1.228800e+04   1.257871e+03     0.108 ( 11980      0)     0.077 (  8472      0)
"o_i:PIO:pio_inq_varid_file_vdesc"                            -      12288    12288 4.915200e+04   2.688264e+02     0.054 (  8793      0)     0.000 ( 10144      0)
"o_i:PIO:pio_inq_varid_file_vid"                              -      12288    12288 4.915200e+04   2.688016e+02     0.054 (  8793      0)     0.000 ( 10144      0)
"o_i:PIO:pio_inq_varndims_file_vdesc"                         -      12288    12288 2.457600e+04   1.210358e+01     0.032 (  7039      0)     0.000 ( 10442      0)
"o_i:PIO:pio_inq_varndims_file_vid"                           -      12288    12288 2.457600e+04   1.208745e+01     0.032 (  7040      0)     0.000 ( 10442      0)
"o_i:PIO:pio_inq_vardimid_file_vdesc"                         -      12288    12288 2.457600e+04   1.390657e+01     0.001 (  3801      0)     0.001 (  5530      0)
"o_i:PIO:pio_inq_vardimid_file_vid"                           -      12288    12288 2.457600e+04   1.389240e+01     0.001 (  3801      0)     0.001 (  5525      0)
"o_i:PIO:pio_inq_dimlen_file_dimid"                           -      12288    12288 7.372800e+04   8.419749e+00     0.001 (  3821      0)     0.000 ( 10864      0)
"o_i:PIO:pio_inq_dimlen_file_dimid_offlen"                    -      12288    12288 7.372800e+04   8.394775e+00     0.001 (  3769      0)     0.000 ( 10864      0)
"o_i:PIO:pio_inq_vartype_file_vdesc"                          -      12288    12288 2.457600e+04   6.912723e+00     0.001 (    44      0)     0.000 (  1333      0)
"o_i:PIO:pio_inq_vartype_file_vid"                            -      12288    12288 2.457600e+04   6.898154e+00     0.001 (    44      0)     0.000 (  1339      0)
"o_i:PIO:read_darray_1d_real"                                 -      12288    12288 2.457600e+04   7.954338e+02     0.144 (  4968      0)     0.013 (  7039      0)
"o_i:PIO:PIOc_read_darray"                                    -      12288    12288 2.457600e+04   7.953502e+02     0.144 (  4968      0)     0.013 (  7039      0)
"o_i:PIO:read_darray_nc"                                      -      12288    12288 2.457600e+04   4.985933e+01     0.129 (  1164      0)     0.000 ( 12178      0)
"o_i:PIO:rearrange_io2comp"                                   -      12288    12288 2.457600e+04   7.239958e+02     0.142 (  7899      0)     0.001 (    12      0)
"o_i:docn_readLBUB_UB_setup"                                  -      12288    12288 1.228800e+04   7.626754e-03     0.000 (     0      0)     0.000 ( 11788      0)
"o_i:docn_readLBUB_UB_readpio"                                -      12288    12288 1.228800e+04   9.402177e+02     0.128 (  7894      0)     0.005 (  7057      0)
"o_i:docn_readLBUB_filemgt"                                   -      12288    12288 1.228800e+04   2.729971e-03     0.000 (  1430      0)     0.000 (  6987      0)
"o_i:docn_strd_adv_fill"                                      -      12288    12288 1.228800e+04   2.421595e+00     0.000 (  8089      0)     0.000 (  8998      0)
"o_i:docn_strd_adv_map"                                       -      12288    12288 1.228800e+04   5.801354e+02     0.069 (    13      0)     0.000 (  1341      0)
"o_i:docn_strd_adv_tint"                                      -      12288    12288 1.228800e+04   3.673792e+01     0.015 (  6957      0)     0.000 (  1350      0)
"o_i:docn_scatter"                                            -      12288    12288 1.228800e+04   1.774159e+00     0.001 ( 10256      0)     0.000 (  1079      0)
"o_i:docn_datamode"                                           -      12288    12288 1.228800e+04   3.995927e-01     0.003 ( 10248      0)     0.000 (  3957      0)
"o_i:docn_run2"                                               -      12288    12288 1.228800e+04   1.860191e-03     0.000 (     0      0)     0.000 (   984      0)
"CPL:comp_init_cc_ice"                                        -      12288    12288 1.228800e+04   5.483623e+05    44.738 (  3692      0)    44.419 (  6952      0)
"i_i:comp_init"                                               -      12288    12288 1.228800e+04   5.426741e+05    44.735 (  3684      0)    43.795 (   285      0)
"i_i:cice_init"                                               -      12288    12288 1.228800e+04   8.069315e+04     6.591 (  3872      0)     6.544 (  3075      0)
"i_i:ice_HaloUpdate2DR8"                                      -      12288    12288 4.915200e+04   3.778641e+02     0.931 (  5267      0)     0.000 (   325      0)
"i_i:ice_HU2DR8_init"                                         -      12288    12288 4.915200e+04   3.173978e-02     0.000 (  4243      0)     0.000 (   317      0)
"i_i:state_bound_h1"                                          -      12288    12288 1.228800e+04   7.924971e+00     0.021 (  4128      0)     0.000 ( 10179      0)
"i_i:ice_HaloUpdate3DR8"                                      -      12288    12288 6.144000e+04   8.346091e+00     0.021 (  4128      0)     0.000 ( 11962      0)
"i_i:ice_HU3DR8_init"                                         -      12288    12288 6.144000e+04   1.297901e-01     0.001 (  4124      0)     0.000 (  1381      0)
"i_i:ice_HU3DR8_recvall"                                      -      12288    12288 6.144000e+04   7.010017e+00     0.021 (  4128      0)     0.000 ( 10792      0)
"i_i:state_bound_hm"                                          -      12288    12288 1.228800e+04   2.360555e-01     0.000 (  2535      0)     0.000 (     0      0)
"i_i:state_bound_hc"                                          -      12288    12288 1.228800e+04   1.902208e-01     0.000 (   380      0)     0.000 (  5018      0)
"i_i:state_bound_h2"                                          -      12288    12288 1.228800e+04   2.269760e+00     0.017 ( 11641      0)     0.000 (  2135      0)
"i_i:ice_HaloUpdate4DR8"                                      -      12288    12288 1.228800e+04   1.528842e+00     0.017 ( 11641      0)     0.000 (  9371      0)
"i_i:ice_HU4DR8_init"                                         -      12288    12288 1.228800e+04   1.277872e-01     0.000 (  1120      0)     0.000 (  9804      0)
"i_i:ice_HU4DR8_recvall"                                      -      12288    12288 1.228800e+04   6.735927e-01     0.017 ( 11641      0)     0.000 (  4643      0)
"i_i:state_bound_hd"                                          -      12288    12288 1.228800e+04   8.494717e-02     0.000 (  3221      0)     0.000 (  4919      0)
"i_i:cice_mct_init"                                           -      12288    12288 1.228800e+04   4.619256e+05    38.165 (  6792      0)    37.208 ( 10968      0)
"i_i:PIO:initdecomp"                                          -      12288    12288 3.686400e+04   1.219694e+04     1.744 (     2      0)     0.862 (     0      0)
"i_i:PIO:PIOc_initdecomp"                                     -      12288    12288 3.686400e+04   1.219680e+04     1.744 (     2      0)     0.862 (     0      0)
"i_i:PIO:box_rearrange_create"                                -      12288    12288 3.686400e+04   1.056630e+04     0.860 (    10      0)     0.860 (   911      0)
"i_i:PIO:pio_swapm"                                           -      12288    12288 1.105920e+05   9.931554e+03     0.856 (  8400      0)     0.712 (  2929      0)
"CPL:comp_init_cc_glc"                                        -      12288    12288 1.228800e+04   3.123074e+01     0.004 (  9780      0)     0.001 (  5629      0)
"g_i:comp_init"                                               -      12288    12288 1.228800e+04   1.809044e-02     0.000 (  4359      0)     0.000 ( 11393      0)
"CPL:comp_init_cc_wav"                                        -      12288    12288 1.228800e+04   3.047854e+01     0.014 (  6951      0)     0.001 ( 10176      0)
"w_i:comp_init"                                               -      12288    12288 1.228800e+04   6.622984e-03     0.000 (  6516      0)     0.000 (  6661      0)
"CPL:comp_init_cc_esp"                                        -      12288    12288 1.228800e+04   2.534355e+01     0.011 ( 10251      0)     0.000 (  5345      0)
"e_i:comp_init"                                               -      12288    12288 1.228800e+04   1.370513e-01     0.011 ( 10253      0)     0.000 (  2940      0)
"CPL:comp_init_cc_iac"                                        -      12288    12288 1.228800e+04   2.928721e+01     0.003 (   891      0)     0.001 (  5436      0)
"z_i:comp_init"                                               -      12288    12288 1.228800e+04   6.218986e-03     0.000 (   369      0)     0.000 (  5606      0)
"CPL:comp_init_cx_all"                                        -      12288    12288 1.228800e+04   5.009642e+03     0.606 (     0      0)     0.301 (   245      0)
"CPL:comp_list_all"                                           -      12288    12288 1.228800e+04   2.530689e-01     0.001 (  4119      0)     0.000 (  1872      0)
"CPL:init_maps"                                               -      12288    12288 1.228800e+04   4.992091e+02     0.104 (  4120      0)     0.023 (   698      0)
"CPL:init_aream"                                              -      12288    12288 1.228800e+04   2.618079e+02     0.110 (  8506      0)     0.000 ( 12287      0)
"CPL:init_domain_check"                                       -      12288    12288 1.228800e+04   9.777710e+02     0.118 (   387      0)     0.007 ( 10255      0)
"CPL:init_areacor"                                            -      12288    12288 1.228800e+04   3.448293e+02     0.028 (  5340      0)     0.027 (  4127      0)
"CPL:init_fracs"                                              -      12288    12288 1.228800e+04   2.334145e+02     0.067 (     0      0)     0.001 (  7721      0)
"CPL:init_aoflux"                                             -      12288    12288 1.228800e+04   2.757431e+00     0.009 (  6948      0)     0.000 (  3854      0)
"CPL:init_atminit"                                            -      12288    12288 7.372800e+04   2.018150e+02     0.068 (  4935      0)     0.002 (  2208      0)
"CPL:comp_init_cc_atm2"                                       -      12288    12288 1.228800e+04   5.274393e+02     0.062 (  7936      0)     0.002 (  5532      0)
"CPL:init_readrestart"                                        -      12288    12288 1.228800e+04   1.788270e+00     0.006 (  4121      0)     0.000 (  9864      0)
"CPL:cime_run_init"                                           -      12288    12288 1.228800e+04   2.461528e+00     0.042 (     0      0)     0.000 (  9046      0)
"CPL:INIT_sync1_tprf"                                         -      12288    12288 1.228800e+04   4.976662e+02     0.042 (  1497      0)     0.000 (     0      0)
"CPL:INIT_t_prf"                                              -      12288    12288 1.228800e+04   4.551003e+00     0.144 (     0      0)     0.000 (  9853      0)
"CPL:INIT_sync2_tprf"                                         -      12288    12288 1.228800e+04   1.763052e+03     0.144 (  3997      0)     0.000 (     0      0)
"CPL:RUN_LOOP_BSTART"                                         -      12288    12288 1.228800e+04   4.324747e-01     0.000 (  9156      0)     0.000 (  3261      0)
"CPL:RUN_LOOP"                                                -      12288    12288 5.308416e+06   4.038026e+06   328.622 (  8753      0)   328.612 ( 10799      0)
"CPL:CLOCK_ADVANCE"                                           -      12288    12288 5.308416e+06   5.780937e+02     0.056 ( 10259      0)     0.044 (  8746      0)
"CPL:RUN"                                                     -      12288    12288 6.368870e+07   5.334085e+04     6.360 (   912      0)     2.178 ( 10471      0)
"CPL:OCNPRE1"                                                 -      12288    12288 5.308416e+06   5.978090e+03     1.984 (  7089      0)     0.197 (  5898      0)
"CPL:ocnpre1_atm2ocn"                                         -      12288    12288 5.308416e+06   5.970996e+03     1.983 (  7089      0)     0.197 (  5898      0)
"CPL:LNDPREP"                                                 -      12288    12288 5.308416e+06   9.002394e+02     0.116 ( 11815      0)     0.043 (  8250      0)
"CPL:lndprep_atm2lnd"                                         -      12288    12288 5.308416e+06   6.716549e+02     0.097 ( 11877      0)     0.031 (  1105      0)
"CPL:lndprep_mrgx2l"                                          -      12288    12288 5.308416e+06   2.173113e+02     0.024 (  1173      0)     0.003 (  8490      0)
"CPL:COMM"                                                    -      12288    12288 3.714662e+07   1.724089e+05    23.776 (  6671      0)     6.094 (  2899      0)
"CPL:C2L"                                                     -      12288    12288 5.308416e+06   4.620660e+03     0.422 ( 10291      0)     0.274 (    11      0)
"CPL:c2l_lndx2lndl"                                           -      12288    12288 5.308416e+06   2.281084e+03     0.240 ( 11717      0)     0.109 (  4971      0)
"CPL:c2l_infoexch"                                            -      12288    12288 5.308416e+06   2.330448e+03     0.296 ( 10143      0)     0.078 (     6      0)
"CPL:ICEPREP"                                                 -      12288    12288 5.308416e+06   1.684666e+03     0.151 (   419      0)     0.130 (  8491      0)
"CPL:iceprep_ocn2ice"                                         -      12288    12288 5.308416e+06   3.270279e+02     0.030 (  2184      0)     0.024 (  8240      0)
"CPL:iceprep_atm2ice"                                         -      12288    12288 5.308416e+06   5.179545e+02     0.045 ( 11163      0)     0.039 ( 12234      0)
"CPL:iceprep_mrgx2i"                                          -      12288    12288 5.308416e+06   8.131104e+02     0.079 (   419      0)     0.063 (  1972      0)
"CPL:C2I"                                                     -      12288    12288 5.308416e+06   2.406345e+03     0.206 (  7436      0)     0.177 (  1553      0)
"CPL:c2i_icex2icei"                                           -      12288    12288 5.308416e+06   5.512097e+02     0.047 (  4842      0)     0.041 (  6202      0)
"CPL:ice_infoexch"                                            -      12288    12288 5.308416e+06   1.848136e+03     0.163 (  7436      0)     0.131 (  1553      0)
"CPL:ICE_RUN"                                                 -      12288    12288 5.308416e+06   4.531770e+04     4.460 (  9780      0)     3.387 ( 11733      0)
"i:cice_run_total"                                            -      12288    12288 5.308416e+06   4.186535e+04     4.235 (  9780      0)     3.240 (  3938      0)
"i:cice_run_import"                                           -      12288    12288 5.308416e+06   2.262381e+03     0.230 (  2342      0)     0.165 (  6586      0)
"i:cice_imp_ocn"                                              -      12288    12288 5.308416e+06   2.078855e+02     0.026 (  4725      0)     0.015 (  1826      0)
"i:cice_imp_atm"                                              -      12288    12288 5.308416e+06   2.216648e+02     0.035 (  4725      0)     0.016 (  6593      0)
"i:cice_run_initmd"                                           -      12288    12288 5.308416e+06   1.777938e+04     1.574 (     4      0)     1.381 (  5916      0)
"i:cice_run_presc"                                            -      12288    12288 5.308416e+06   8.366010e+03     0.700 (  8904      0)     0.597 (  1325      0)
"i:cice_pice_strd_adv_total"                                  -      12288    12288 5.308416e+06   6.025550e+03     0.499 (  8908      0)     0.422 (  1327      0)
"i:cice_pice_strd_adv_readLBUB"                               -      12288    12288 5.308416e+06   5.196935e+03     0.481 (   931      0)     0.380 (    13      0)
"i:cice_pice_readLBUB_setup"                                  -      12288    12288 5.308416e+06   1.666957e+00     0.000 ( 12008      0)     0.000 (  6793      0)
"i:cice_pice_readLBUB_fbound"                                 -      12288    12288 2.457600e+04   2.734131e-01     0.270 (     0      0)     0.000 (  5495      0)
"i:cice_pice_readLBUB_bcast"                                  -      12288    12288 2.457600e+04   3.328788e+03     0.271 ( 10649      0)     0.000 (     0      0)
"i:cice_pice_readLBUB_LB_setup"                               -      12288    12288 1.228800e+04   3.694766e-03     0.000 (     0      0)     0.000 (  6694      0)
"i:cice_pice_readLBUB_LB_readpio"                             -      12288    12288 1.228800e+04   6.377300e+02     0.100 (  2952      0)     0.024 (     1      0)
"i:PIO:openfile"                                              -      12288    12288 1.228800e+04   2.296671e+02     0.020 ( 11620      0)     0.018 (  3993      0)
"i:PIO:pio_inq_varid_file_vdesc"                              -      12288    12288 7.372800e+04   2.672961e+02     0.064 (  8727      0)     0.000 (  2415      0)
"i:PIO:pio_inq_varid_file_vid"                                -      12288    12288 7.372800e+04   2.672646e+02     0.064 (  8727      0)     0.000 (  2415      0)
"i:PIO:pio_inq_varndims_file_vdesc"                           -      12288    12288 3.686400e+04   2.245763e+01     0.047 (  1250      0)     0.000 (  2422      0)
"i:PIO:pio_inq_varndims_file_vid"                             -      12288    12288 3.686400e+04   2.243679e+01     0.047 (  1250      0)     0.000 (  2422      0)
"i:PIO:pio_inq_vardimid_file_vdesc"                           -      12288    12288 3.686400e+04   2.049731e+01     0.002 (   159      0)     0.001 (  2412      0)
"i:PIO:pio_inq_vardimid_file_vid"                             -      12288    12288 3.686400e+04   2.048032e+01     0.002 (   159      0)     0.001 (  2412      0)
"i:PIO:pio_inq_dimlen_file_dimid"                             -      12288    12288 1.105920e+05   1.239912e+01     0.001 (   157      0)     0.001 ( 10503      0)
"i:PIO:pio_inq_dimlen_file_dimid_offlen"                      -      12288    12288 1.105920e+05   1.236449e+01     0.001 (   157      0)     0.001 ( 10503      0)
"i:PIO:pio_inq_vartype_file_vdesc"                            -      12288    12288 3.686400e+04   9.881212e+00     0.001 (   165      0)     0.000 (  1341      0)
"i:PIO:pio_inq_vartype_file_vid"                              -      12288    12288 3.686400e+04   9.864651e+00     0.001 (   163      0)     0.000 (  1341      0)
"i:PIO:read_darray_1d_real"                                   -      12288    12288 3.686400e+04   1.038188e+03     0.182 (   914      0)     0.037 ( 10746      0)
"i:PIO:PIOc_read_darray"                                      -      12288    12288 3.686400e+04   1.038102e+03     0.182 (   914      0)     0.037 ( 10746      0)
"i:PIO:read_darray_nc"                                        -      12288    12288 3.686400e+04   6.163652e+01     0.177 (    24      0)     0.000 (  5478      0)
"i:PIO:rearrange_io2comp"                                     -      12288    12288 3.686400e+04   9.525960e+02     0.180 (   914      0)     0.001 (     0      0)
"i:PIO:pio_swapm"                                             -      12288    12288 3.686400e+04   9.509846e+02     0.180 (   914      0)     0.000 (     0      0)
"i:cice_pice_readLBUB_UB_setup"                               -      12288    12288 2.457600e+04   9.102570e-03     0.000 (     0      0)     0.000 (  4218      0)
"i:cice_pice_readLBUB_UB_readpio"                             -      12288    12288 2.457600e+04   1.212014e+03     0.152 (    24      0)     0.033 (  1412      0)
"i:cice_pice_readLBUB_filemgt"                                -      12288    12288 5.308416e+06   1.127142e+00     0.000 (  5100      0)     0.000 (  8474      0)
"i:cice_pice_strd_adv_map"                                    -      12288    12288 2.457600e+04   7.256943e+02     0.106 (     1      0)     0.000 (  1309      0)
"i:cice_pice_strd_adv_tint"                                   -      12288    12288 5.308416e+06   7.966504e+01     0.009 ( 11324      0)     0.006 ( 12119      0)
"i:cice_run_initflux"                                         -      12288    12288 5.308416e+06   9.952079e+01     0.010 ( 10191      0)     0.008 (  4482      0)
"i:cice_run_prepradiation"                                    -      12288    12288 5.308416e+06   8.717803e+01     0.013 (  9669      0)     0.006 (  3023      0)
"i:cice_run_therm1"                                           -      12288    12288 5.308416e+06   3.147421e+03     0.573 (  9769      0)     0.218 ( 10390      0)
"i:cice_run_dyn"                                              -      12288    12288 5.308416e+06   3.298139e-01     0.000 ( 11264      0)     0.000 (  9426      0)
"i:cice_run_radiation"                                        -      12288    12288 5.308416e+06   2.025793e+03     0.761 (  9851      0)     0.113 ( 11308      0)
"i:cice_step_radiationib"                                     -      12288    12288 5.308416e+06   1.803852e+03     0.744 (  9851      0)     0.096 ( 11308      0)
"i:cice_step_rib_swdedd1"                                     -      12288    12288 5.308416e+06   1.795438e+02     0.024 (  8818      0)     0.005 ( 11759      0)
"i:cice_step_rib_swdedd2"                                     -      12288    12288 5.308416e+06   1.375082e+02     0.013 ( 11538      0)     0.010 (  2926      0)
"i:cice_step_rib_swdedd7"                                     -      12288    12288 5.308416e+06   1.372585e+03     0.704 (  9851      0)     0.063 ( 11308      0)
"i:cice_run_couplingprep"                                     -      12288    12288 5.308416e+06   1.715671e+03     0.741 (  9348      0)     0.102 (  9937      0)
"i:ice_HaloUpdate2DR8"                                        -      12288    12288 5.308416e+06   4.407719e+02     0.641 (  9348      0)     0.005 ( 10994      0)
"i:ice_HU2DR8_init"                                           -      12288    12288 5.308416e+06   3.981124e+00     0.001 (  8098      0)     0.000 (  1046      0)
"i:cice_run_diag"                                             -      12288    12288 5.308416e+06   4.149797e+03     0.349 (  7843      0)     0.299 (  9708      0)
"i:cice_run_hist"                                             -      12288    12288 5.308416e+06   1.380280e+03     0.137 (  6950      0)     0.085 ( 11777      0)
"i:cice_run_accum"                                            -      12288    12288 5.308416e+06   3.953823e+01     0.004 (  5721      0)     0.003 (  6676      0)
"i:cice_run_export"                                           -      12288    12288 5.308416e+06   7.062707e+02     0.066 (  8870      0)     0.053 (  2759      0)
"CPL:LND_RUN"                                                 -      12288    12288 5.308416e+06   3.433942e+05    32.966 (   758      0)    23.050 ( 12104      0)
"l:lc_lnd_import"                                             -      12288    12288 5.308416e+06   7.884278e+02     0.113 (  2992      0)     0.042 ( 11710      0)
"l:elm_run"                                                   -      12288    12288 5.320704e+06   3.415545e+05    32.824 (   758      0)    22.884 ( 12104      0)
"l:shr_orb_decl"                                              -      12288    12288 5.320704e+06   5.292087e+00     0.001 (  4099      0)     0.000 (  8167      0)
"l:decomp_vert"                                               -      12288    12288 5.320704e+06   5.318672e+01     0.008 (  4124      0)     0.002 (  9840      0)
"l:beggridwbal"                                               -      12288    12288 5.320704e+06   1.557283e+03     0.154 ( 12150      0)     0.103 (  4266      0)
"l:cnpinit"                                                   -      12288    12288 5.320704e+06   3.828615e+00     0.001 (  6821      0)     0.000 (  1348      0)
"l:cnpvegsumm"                                                -      12288    12288 5.320704e+06   5.559529e-01     0.000 (  4816      0)     0.000 ( 11598      0)
"l:dyn_subgrid"                                               -      12288    12288 5.320704e+06   9.669383e+03     0.914 (  1309      0)     0.679 (  6625      0)
"l:begwbal"                                                   -      12288    12288 5.320704e+06   1.831697e+02     0.025 ( 10698      0)     0.009 (  9841      0)
"l:begcnpbal"                                                 -      12288    12288 5.320704e+06   8.456036e-01     0.001 (  4117      0)     0.000 (  6534      0)
"l:drvinit"                                                   -      12288    12288 5.320704e+06   9.336137e+02     0.086 (   767      0)     0.068 (  6560      0)
"l:canhydro"                                                  -      12288    12288 5.320704e+06   1.706845e+03     0.242 ( 10248      0)     0.105 (  6625      0)
"l:surfrad"                                                   -      12288    12288 5.320704e+06   3.427071e+03     0.331 (   312      0)     0.237 (  6198      0)
"l:bgp1"                                                      -      12288    12288 5.320704e+06   1.984432e+03     0.234 (   640      0)     0.119 (  6094      0)
"l:bgflux"                                                    -      12288    12288 5.320704e+06   2.612033e+03     0.336 (  4438      0)     0.134 (  3655      0)
"l:canflux"                                                   -      12288    12288 5.320704e+06   1.015319e+05    12.421 ( 10069      0)     5.007 (  6202      0)
"l:can_iter"                                                  -      12288    12288 5.320704e+06   8.309770e+04    10.705 ( 10069      0)     3.775 (  6202      0)
"l:uflux"                                                     -      12288    12288 5.320704e+06   1.572515e+03     0.283 ( 10698      0)     0.036 (  9305      0)
"l:bgplake"                                                   -      12288    12288 5.320704e+06   7.815046e+03     0.937 (  1186      0)     0.394 (  7720      0)
"l:bgc"                                                       -      12288    12288 5.320704e+06   5.839010e+03     0.689 ( 11702      0)     0.339 (  6201      0)
"l:soiltemperature"                                           -      12288    12288 5.320704e+06   6.589458e+04     6.477 (  1306      0)     4.478 (  4266      0)
"l:SoilThermProp"                                             -      12288    12288 5.320704e+06   3.288433e+03     0.403 (  2061      0)     0.184 (  6094      0)
"l:SoilTempBandDiag"                                          -      12288    12288 1.064141e+07   6.332216e+03     0.889 (  1309      0)     0.341 (   348      0)
"l:PhaseChangeH2osfc"                                         -      12288    12288 5.320704e+06   3.424933e+01     0.005 (  3312      0)     0.001 (  9453      0)
"l:PhaseChangebeta"                                           -      12288    12288 5.320704e+06   1.238306e+03     0.171 (  1306      0)     0.050 (  9841      0)
"l:bgp2"                                                      -      12288    12288 5.320704e+06   2.662623e+03     0.289 ( 12150      0)     0.161 (  6625      0)
"l:bgp2_loop_1"                                               -      12288    12288 5.320704e+06   4.663451e+02     0.050 ( 12150      0)     0.029 (  8042      0)
"l:bgp2_loop_2"                                               -      12288    12288 5.320704e+06   8.169596e+02     0.087 ( 12150      0)     0.052 (  8042      0)
"l:bgp2_loop_3"                                               -      12288    12288 5.320704e+06   1.065281e+03     0.121 ( 12150      0)     0.056 ( 12104      0)
"l:bgp2_loop_4"                                               -      12288    12288 5.320704e+06   2.876921e+02     0.029 (  1960      0)     0.018 (  8042      0)
"l:patch2col"                                                 -      12288    12288 5.320704e+06   1.400290e+03     0.148 (  1538      0)     0.091 (  7470      0)
"l:hydro without drainage"                                    -      12288    12288 5.320704e+06   2.154464e+04     2.438 ( 12150      0)     1.293 (  3475      0)
"l:hylake"                                                    -      12288    12288 5.320704e+06   1.935024e+03     0.380 (    41      0)     0.117 (  3260      0)
"l:snow_init"                                                 -      12288    12288 5.320704e+06   1.562474e+02     0.037 (  2370      0)     0.005 ( 10974      0)
"l:ecosysdyn"                                                 -      12288    12288 5.320704e+06   5.123733e+02     0.050 (  2137      0)     0.034 (  5770      0)
"l:depvel"                                                    -      12288    12288 1.064141e+07   5.196998e+00     0.020 (  4122      0)     0.000 (  8659      0)
"l:hydro2 drainage"                                           -      12288    12288 5.320704e+06   1.501740e+03     0.184 ( 12150      0)     0.081 (  7470      0)
"l:balchk"                                                    -      12288    12288 5.320704e+06   1.716824e+03     0.158 (  2078      0)     0.122 (  6625      0)
"l:gridbalchk"                                                -      12288    12288 5.320704e+06   1.061248e+03     0.097 (  1089      0)     0.074 (  4266      0)
"l:lnd2atm"                                                   -      12288    12288 5.320704e+06   7.827169e+03     0.720 (  1635      0)     0.563 (  6882      0)
"l:wrtdiag"                                                   -      12288    12288 5.320704e+06   5.786925e+01     0.016 (     0      0)     0.004 (  9944      0)
"l:hbuf"                                                      -      12288    12288 5.320704e+06   2.955726e+04     2.722 (  2427      0)     2.139 (  4266      0)
"l:elm_drv_io"                                                -      12288    12288 5.320704e+06   1.687314e+01     0.005 (  4122      0)     0.001 (   584      0)
"l:elm_drv_io_htapes"                                         -      12288    12288 5.320704e+06   1.409319e+01     0.004 (  4122      0)     0.001 ( 10330      0)
"l:lc_lnd_export"                                             -      12288    12288 5.320704e+06   2.615935e+02     0.024 (  8203      0)     0.020 (  2230      0)
"l:lc_elm2_adv_timestep"                                      -      12288    12288 5.320704e+06   3.845459e+00     0.001 (   893      0)     0.000 ( 11316      0)
"l:accum"                                                     -      12288    12288 5.308416e+06   5.689317e+03     0.490 (  3690      0)     0.434 (    99      0)
"CPL:ATMOCNP"                                                 -      12288    12288 5.308416e+06   4.414895e+03     0.578 (    73      0)     0.084 (  1179      0)
"CPL:atmocnp_fluxo"                                           -      12288    12288 5.308416e+06   3.760430e+03     0.524 (    73      0)     0.023 (  1255      0)
"CPL:atmocnp_ocnalb"                                          -      12288    12288 5.308416e+06   6.402830e+02     0.079 (  4032      0)     0.037 ( 11184      0)
"CPL:L2C"                                                     -      12288    12288 5.308416e+06   2.994847e+04     5.405 (  1159      0)     0.317 (  1870      0)
"CPL:l2c_lndl2lndx"                                           -      12288    12288 5.308416e+06   2.992691e+04     5.403 (  1159      0)     0.315 (  1870      0)
"lnd2cpl_run"                                                 -      12288    12288 5.308416e+06   1.329486e+01     0.001 (  3392      0)     0.001 (  2433      0)
"CPL:LNDPOST"                                                 -      12288    12288 5.308416e+06   3.745038e+00     0.000 (  7342      0)     0.000 ( 10368      0)
"CPL:I2C"                                                     -      12288    12288 5.308416e+06   5.754182e+02     0.050 (  5244      0)     0.044 (  5618      0)
"CPL:i2c_icei2icex"                                           -      12288    12288 5.308416e+06   5.590772e+02     0.049 (  9786      0)     0.043 (    44      0)
"CPL:i2c_infoexch"                                            -      12288    12288 5.308416e+06   7.537832e+00     0.001 (  5276      0)     0.000 (  1182      0)
"CPL:ICEPOST"                                                 -      12288    12288 5.308416e+06   5.247697e-01     0.000 (  9134      0)     0.000 (  5828      0)
"CPL:FRACSET"                                                 -      12288    12288 5.308416e+06   3.536480e+03     1.994 (    53      0)     0.064 (  7168      0)
"CPL:fracset_fracset"                                         -      12288    12288 5.308416e+06   3.534018e+03     1.994 (    53      0)     0.064 (  7168      0)
"CPL:ATMPREP"                                                 -      12288    12288 5.308416e+06   3.675904e+04     4.614 (   912      0)     1.335 (  1325      0)
"CPL:atmprep_xao2atm"                                         -      12288    12288 5.308416e+06   7.100080e+03     2.547 (  1161      0)     0.151 (   222      0)
"CPL:atmprep_ocn2atm"                                         -      12288    12288 5.308416e+06   4.811359e+03     1.528 (   866      0)     0.110 (  5914      0)
"CPL:atmprep_alb2atm"                                         -      12288    12288 5.308416e+06   1.938645e+03     1.313 (   869      0)     0.049 ( 10460      0)
"CPL:atmprep_ice2atm"                                         -      12288    12288 5.308416e+06   4.352507e+03     1.674 (  1153      0)     0.148 ( 10375      0)
"CPL:atmprep_lnd2atm"                                         -      12288    12288 5.308416e+06   1.680343e+04     3.883 (  2279      0)     0.141 (  5358      0)
"CPL:atmprep_mrgx2a"                                          -      12288    12288 5.308416e+06   1.717152e+03     0.232 ( 10347      0)     0.093 (    70      0)
"CPL:C2A"                                                     -      12288    12288 5.308416e+06   1.874668e+04     3.620 (  5358      0)     0.711 ( 10327      0)
"CPL:c2a_atmx2atmg"                                           -      12288    12288 5.308416e+06   1.476630e+04     3.310 (  5358      0)     0.388 (  1902      0)
"CPL:c2a_infoexch"                                            -      12288    12288 5.308416e+06   3.972895e+03     1.222 (  8370      0)     0.118 (  1618      0)
"CPL:ATM_RUN"                                                 -      12288    12288 5.308416e+06   3.362506e+06   280.029 (  2897      0)   268.520 (  6636      0)
"a:EAMxx::run"                                                -      12288    12288 5.308416e+06   3.360654e+06   279.881 (  2897      0)   268.370 (  6636      0)
"a:PIO:PIOc_sync"                                             -      12288    12288 1.228800e+04   2.807624e-01     0.000 (  6900      0)     0.000 (  3328      0)
"a:PIO:write_total"                                           -      12288    12288 1.228800e+04   2.545477e-01     0.000 (  6900      0)     0.000 (  3328      0)
"a:PIO:flush_output_buffer"                                   -       1024     1024 1.024000e+03   1.085226e-01     0.000 (  6900      0)     0.000 ( 11268      0)
"a:EAMxx::EAMxx::run"                                         -      12288    12288 5.308416e+06   3.359649e+06   279.800 (  2897      0)   268.289 (  6636      0)
"a:EAMxx::EAMxx::run-precondition-checks"                     -      12288    12288 5.308416e+06   2.146788e+00     0.000 ( 11618      0)     0.000 (  5776      0)
"a:EAMxx::SurfaceCouplingImporter::run"                       -      12288    12288 5.308416e+06   5.432536e+03     0.816 (  6687      0)     0.282 (  2876      0)
"a:EAMxx::SurfaceCouplingImporter::run-precondition-checks"   -      12288    12288 5.308416e+06   9.190040e-01     0.000 (  6533      0)     0.000 (  5635      0)
"a:EAMxx::SurfaceCouplingImporter::run-postcondition-checks"  -      12288    12288 5.308416e+06   4.798172e+03     0.764 (  6687      0)     0.231 (   658      0)
"a:EAMxx::homme::run"                                         -      12288    12288 5.308416e+06   3.112133e+06   253.520 (    11      0)   252.670 ( 10251      0)
"a:EAMxx::homme::run-precondition-checks"                     -      12288    12288 5.308416e+06   8.260793e-01     0.000 (  8026      0)     0.000 ( 10466      0)
"a:tl-sc prim_run_subcycle_c"                                 -      12288    12288 1.061683e+07   3.009578e+06   245.588 (  2260      0)   244.461 ( 10254      0)
"a:tl-s prim_step_flexible"                                   -      12288    12288 1.061683e+07   3.009527e+06   245.584 (  2260      0)   244.436 ( 10254      0)
"a:ApplyCAMForcing_tracers"                                   -      12288    12288 5.308416e+06   7.524510e+03     1.141 ( 12019      0)     0.337 (  7344      0)
"a:tl-s deep_copy+derived_dp"                                 -      12288    12288 1.061683e+07   1.052853e+03     0.163 (   340      0)     0.071 (  3480      0)
"a:ApplyCAMForcing_dynamics"                                  -      12288    12288 3.185050e+07   4.678754e+03     0.542 (  4662      0)     0.343 (  2955      0)
"a:tl-ae prim_advance_exp"                                    -      12288    12288 6.370099e+07   2.430063e+06   202.764 (  5202      0)   194.341 (  4546      0)
"a:ttype9_imex_timestep"                                      -      12288    12288 6.370099e+07   2.080922e+06   178.922 (  5199      0)   163.426 (  5897      0)
"a:caar compute"                                              -      12288    12288 6.370099e+08   5.671184e+05    52.227 (  4844      0)    42.272 (  7726      0)
"a:caar_bexchV"                                               -      12288    12288 3.185050e+08   4.966488e+05    51.212 (  6170      0)    31.804 (  4939      0)
"a:caar limiter"                                              -      12288    12288 3.822060e+08   2.306940e+05    22.433 (  7402      0)    16.438 ( 11114      0)
"a:compute_stage_value_dirk"                                  -      12288    12288 3.185050e+08   7.728402e+05    70.961 (  7590      0)    58.546 (  4676      0)
"a:tl-ae advance_hypervis_dp"                                 -      12288    12288 6.370099e+07   3.471124e+05    35.521 (  5897      0)    22.747 (  7023      0)
"a:hvf-bhwk"                                                  -      12288    12288 6.370099e+07   1.835402e+05    18.110 ( 12101      0)    12.556 (  1937      0)
"a:hvf-bexch"                                                 -      12288    12288 1.911030e+08   2.025097e+05    23.772 (  5897      0)    11.043 (  7023      0)
"a:tl-sc vertical_remap"                                      -      12288    12288 3.185050e+07   1.596860e+05    14.307 (  4844      0)    11.272 (  7727      0)
"a:Remap Thickness Functor"                                   -      12288    12288 3.185050e+07   4.412876e+03     0.730 (    15      0)     0.312 (  5550      0)
"a:Remap Scale States Functor"                                -      12288    12288 3.185050e+07   1.809565e+03     0.524 (  1830      0)     0.132 (  2480      0)
"a:Remap Compute Grids Functor"                               -      12288    12288 3.185050e+07   1.054541e+04     1.228 (  2033      0)     0.788 (  9316      0)
"a:Remap Compute Remap Functor"                               -      12288    12288 3.185050e+07   1.122773e+05    10.438 (  4844      0)     7.618 (  7726      0)
"a:Remap Rescale States Functor"                              -      12288    12288 3.185050e+07   3.112391e+03     0.652 (  6731      0)     0.201 (  9106      0)
"a:tl-at prim_advec_tracers_compose"                          -      12288    12288 1.061683e+07   3.811628e+05    34.118 ( 11116      0)    25.820 (  5201      0)
"a:compose_transport"                                         -      12288    12288 1.061683e+07   3.810238e+05    34.107 ( 11116      0)    25.809 (  5201      0)
"a:compose_calc_trajectory"                                   -      12288    12288 1.061683e+07   3.708347e+04     3.823 (  5382      0)     2.547 ( 11249      0)
"a:compose_3d_levels"                                         -      12288    12288 1.061683e+07   1.989702e+04     1.835 (  5452      0)     1.334 (  7726      0)
"a:compose_v_bexchv"                                          -      12288    12288 1.061683e+07   1.570141e+04     2.199 (  5906      0)     0.779 ( 11249      0)
"a:compose_v2x"                                               -      12288    12288 1.061683e+07   1.439628e+03     0.186 (  4902      0)     0.096 (  7727      0)
"a:compose_isl"                                               -      12288    12288 1.061683e+07   1.159713e+05    12.844 (  9734      0)     7.513 ( 11908      0)
"a:compose_hypervis_scalar"                                   -      12288    12288 1.061683e+07   1.069143e+05    12.694 (  5500      0)     5.524 (  5558      0)
"a:compose_cedr_global"                                       -      12288    12288 1.061683e+07   9.599021e+04    10.268 ( 11140      0)     4.383 (  5207      0)
"a:repro_sum_int"                                             -      12288    12288 1.061683e+07   8.171105e+04     9.106 ( 11143      0)     3.219 (  5193      0)
"a:compose_cedr_local"                                        -      12288    12288 1.061683e+07   9.132450e+03     0.966 ( 10097      0)     0.625 (  9106      0)
"a:compose_dss_q"                                             -      12288    12288 1.061683e+07   1.585251e+04     1.573 (  7991      0)     1.077 (  5434      0)
"a:compose_vertical_remap"                                    -      12288    12288 1.061683e+07   2.489891e+04     2.362 (  4844      0)     1.788 (  7726      0)
"a:shr_reprosum_INF_NaN_Chk"                                  -      12288    12288 1.061683e+07   3.595389e+02     0.043 (   884      0)     0.028 ( 10507      0)
"a:shr_reprosum_int"                                          -      12288    12288 1.061683e+07   2.205135e+04     2.285 (  7727      0)     1.387 ( 10248      0)
"a:repro_sum_loopa"                                           -      12288    12288 1.061683e+07   2.019621e+02     0.018 (  2170      0)     0.016 (  5488      0)
"a:repro_sum_allr_minmax"                                     -      12288    12288 1.061683e+07   1.727876e+04     1.897 (  7727      0)     0.991 ( 10248      0)
"a:repro_sum_loopb"                                           -      12288    12288 1.061683e+07   4.881837e+02     0.064 (  7855      0)     0.039 (  3895      0)
"a:repro_sum_allr_i8"                                         -      12288    12288 1.061683e+07   4.017596e+03     0.334 (   131      0)     0.299 ( 11966      0)
"a:repro_sum_finalsum"                                        -      12288    12288 1.061683e+07   1.060382e+01     0.003 ( 10248      0)     0.001 (  3459      0)
"a:EAMxx::homme::run-postcondition-checks"                    -      12288    12288 5.308416e+06   6.085050e+03     0.660 ( 10257      0)     0.460 (  1620      0)
"a:EAMxx::physics::run"                                       -      12288    12288 5.308416e+06   2.367901e+05    25.651 (  2897      0)    14.164 (  6636      0)
"a:EAMxx::physics::run-precondition-checks"                   -      12288    12288 5.308416e+06   1.420824e+00     0.000 ( 11984      0)     0.000 (  2100      0)
"a:EAMxx::mac_aero_mic::run"                                  -      12288    12288 5.308416e+06   9.401566e+04    10.815 (  5712      0)     5.586 (  4584      0)
"a:EAMxx::mac_aero_mic::run-precondition-checks"              -      12288    12288 5.308416e+06   8.560290e-01     0.000 ( 10698      0)     0.000 ( 11161      0)
"a:EAMxx::tms::run"                                           -      12288    12288 5.308416e+06   1.543352e+03     0.213 ( 10251      0)     0.046 (  8038      0)
"a:EAMxx::tms::run-precondition-checks"                       -      12288    12288 5.308416e+06   7.872290e-01     0.000 (  7559      0)     0.000 ( 11194      0)
"a:EAMxx::tms::run-postcondition-checks"                      -      12288    12288 5.308416e+06   4.127830e+02     0.049 (  2384      0)     0.030 (  6390      0)
"a:EAMxx::shoc::run"                                          -      12288    12288 5.308416e+06   3.251378e+04     3.357 (  3752      0)     1.883 (  9540      0)
"a:EAMxx::shoc::run-precondition-checks"                      -      12288    12288 5.308416e+06   8.036287e-01     0.000 ( 10398      0)     0.000 (  5380      0)
"a:EAMxx::shoc::preprocess"                                   -      12288    12288 5.308416e+06   2.532943e+03     0.906 (  9506      0)     0.006 (  5224      0)
"a:EAMxx::shoc::shoc_main"                                    -      12288    12288 5.308416e+06   1.958279e+04     2.178 ( 12034      0)     1.054 (  7258      0)
"a:EAMxx::shoc::postprocess"                                  -      12288    12288 5.308416e+06   1.911765e+02     0.080 (  2768      0)     0.009 (  1187      0)
"a:EAMxx::shoc::run-postcondition-checks"                     -      12288    12288 5.308416e+06   6.154218e+03     0.545 (  3597      0)     0.484 ( 12090      0)
"a:EAMxx::cld_fraction::run"                                  -      12288    12288 5.308416e+06   2.074537e+03     0.235 (  8429      0)     0.158 (  5516      0)
"a:EAMxx::cld_fraction::run-precondition-checks"              -      12288    12288 5.308416e+06   1.660294e+00     0.000 (  3480      0)     0.000 (  7252      0)
"a:EAMxx::cld_fraction::run-postcondition-checks"             -      12288    12288 5.308416e+06   1.803625e+03     0.160 (  1607      0)     0.140 (  5272      0)
"a:EAMxx::spa::run"                                           -      12288    12288 5.308416e+06   1.280164e+04     1.376 ( 10255      0)     0.979 (  4782      0)
"a:EAMxx::spa::run-precondition-checks"                       -      12288    12288 5.308416e+06   9.937848e-01     0.000 (   426      0)     0.000 (   644      0)
"a:EAMxx::spa::run-postcondition-checks"                      -      12288    12288 5.308416e+06   7.825075e+03     0.689 (  7405      0)     0.605 (   938      0)
"a:EAMxx::p3::run"                                            -      12288    12288 5.308416e+06   4.488343e+04     6.597 (  5202      0)     2.016 ( 10432      0)
"a:EAMxx::p3::run-precondition-checks"                        -      12288    12288 5.308416e+06   6.050862e+02     0.214 (   489      0)     0.048 (  5408      0)
"a:EAMxx::p3::run-postcondition-checks"                       -      12288    12288 5.308416e+06   1.225639e+04     1.252 (  6695      0)     0.775 (   489      0)
"a:EAMxx::mac_aero_mic::run-postcondition-checks"             -      12288    12288 5.308416e+06   1.595737e+00     0.000 (  7530      0)     0.000 (  2726      0)
"a:EAMxx::rrtmgp::run"                                        -      12288    12288 5.308416e+06   1.425747e+05    15.593 (  3768      0)     7.726 (  5160      0)
"a:EAMxx::rrtmgp::run-precondition-checks"                    -      12288    12288 5.308416e+06   3.112120e+02     0.031 (  6765      0)     0.023 (  6272      0)
"a:EAMxx::rrtmgp::run-postcondition-checks"                   -      12288    12288 5.308416e+06   8.730718e+03     0.849 (  4662      0)     0.646 (  1306      0)
"a:EAMxx::physics::run-postcondition-checks"                  -      12288    12288 5.308416e+06   9.923043e-01     0.000 (  3900      0)     0.000 (  6264      0)
"a:EAMxx::SurfaceCouplingExporter::run"                       -      12288    12288 5.308416e+06   4.813531e+03     0.444 (  3021      0)     0.355 (  1124      0)
"a:EAMxx::SurfaceCouplingExporter::run-precondition-checks"   -      12288    12288 5.308416e+06   1.833070e+00     0.001 (  8154      0)     0.000 ( 10975      0)
"a:EAMxx::SurfaceCouplingExporter::run-postcondition-checks"  -      12288    12288 5.308416e+06   2.227823e+00     0.001 (  2001      0)     0.000 ( 12090      0)
"a:EAMxx::EAMxx::run-postcondition-checks"                    -      12288    12288 5.308416e+06   9.407433e-01     0.000 ( 11174      0)     0.000 (  1208      0)
"a:EAMxx::IO::restart"                                        -      12288    12288 5.308416e+06   3.112100e+01     0.016 (  6861      0)     0.002 (  3218      0)
"a:EAMxx::IO::model_restart"                                  -      12288    12288 5.308416e+06   2.571805e+01     0.016 (  6861      0)     0.002 (  5499      0)
"a:EAMxx::IO::restart::get_new_file"                          -      12288    12288 5.308416e+06   8.511482e-01     0.000 (  4350      0)     0.000 (  8833      0)
"a:EAMxx::IO::restart::run_output_streams"                    -      12288    12288 5.308416e+06   9.884289e+00     0.015 (  6861      0)     0.001 (  8294      0)
"a:EAMxx::IO::standard"                                       -      12288    12288 5.308416e+06   1.261675e+01     0.002 (  8048      0)     0.001 (  8776      0)
"a:EAMxx::IO::nooutput.yaml"                                  -      12288    12288 5.308416e+06   9.186474e+00     0.001 (  7632      0)     0.001 (  9474      0)
"a:EAMxx::IO::standard::get_new_file"                         -      12288    12288 5.308416e+06   4.052277e-01     0.000 (  3240      0)     0.000 (  5940      0)
"a:EAMxx::IO::standard::run_output_streams"                   -      12288    12288 5.308416e+06   1.002768e+00     0.000 (   518      0)     0.000 (  7731      0)
"CPL:A2C"                                                     -      12288    12288 5.308416e+06   8.553358e+04    12.095 (  6633      0)     1.048 (  2897      0)
"CPL:a2c_atma2atmx"                                           -      12288    12288 5.308416e+06   5.562431e+04    10.888 (  8838      0)     0.237 (  2902      0)
"CPL:a2c_infoexch"                                            -      12288    12288 5.308416e+06   2.989422e+04     7.978 (  8115      0)     0.035 (     0      0)
"CPL:ATMPOST"                                                 -      12288    12288 5.308416e+06   2.861476e+00     0.000 ( 11555      0)     0.000 (  1283      0)
"CPL:HISTORY"                                                 -      12288    12288 5.308416e+06   1.442485e+01     0.002 (  9768      0)     0.001 (  8668      0)
"CPL:cime_run_write_history"                                  -      12288    12288 5.308416e+06   1.134015e+01     0.001 (  3636      0)     0.001 (  5125      0)
"CPL:TSTAMP_WRITE"                                            -      12288    12288 5.308416e+06   3.564539e+00     0.001 (   737      0)     0.000 (  4958      0)
"CPL:TPROF_WRITE"                                             -      12288    12288 5.308416e+06   1.807065e+00     0.000 (  5199      0)     0.000 (  8833      0)
"CPL:C2O_INITWAIT"                                            -      12288    12288 5.296128e+06   5.824069e+04     6.829 (   132      0)     3.103 ( 10563      0)
"l:interpMonthlyVeg"                                          -      12288    12288 5.296128e+06   3.907912e+04     3.188 (  3888      0)     3.163 (  8768      0)
"l:readMonthlyVeg"                                            -      12288    12288 1.228800e+04   3.907527e+04     3.188 (  3948      0)     3.163 (  8768      0)
"l:PIO:openfile"                                              -      12288    12288 1.228800e+04   8.091496e+02     0.111 ( 11057      0)     0.024 (  3129      0)
"l:PIO:pio_inq_varid_file_vdesc"                              -      12288    12288 9.830400e+04   3.094385e+01     0.011 (  2562      0)     0.000 ( 12049      0)
"l:PIO:pio_inq_varid_file_vid"                                -      12288    12288 9.830400e+04   3.090627e+01     0.011 (  2562      0)     0.000 ( 12050      0)
"l:PIO:pio_inq_varndims_file_vdesc"                           -      12288    12288 9.830400e+04   1.384576e+01     0.150 (  4093      0)     0.000 ( 12275      0)
"l:PIO:pio_inq_varndims_file_vid"                             -      12288    12288 9.830400e+04   1.381734e+01     0.150 (  4093      0)     0.000 ( 12275      0)
"l:PIO:pio_inq_vardimid_file_vdesc"                           -      12288    12288 9.830400e+04   2.848135e+01     0.005 (   849      0)     0.001 ( 12241      0)
"l:PIO:pio_inq_vardimid_file_vid"                             -      12288    12288 9.830400e+04   2.845744e+01     0.005 (   849      0)     0.001 ( 12241      0)
"l:PIO:pio_inq_dimname_file_dimid"                            -      12288    12288 8.355840e+05   6.900405e+01     0.012 (   434      0)     0.002 ( 10409      0)
"l:PIO:pio_inq_dimlen_file_dimid"                             -      12288    12288 1.966080e+05   1.170717e+01     0.002 (  1022      0)     0.000 ( 10668      0)
"l:PIO:pio_inq_dimlen_file_dimid_offlen"                      -      12288    12288 1.966080e+05   1.166312e+01     0.002 (  1021      0)     0.000 ( 10668      0)
"l:PIO:pio_inquire_file"                                      -      12288    12288 3.686400e+05   2.030995e+01     0.004 (  3403      0)     0.001 ( 12252      0)
"l:PIO:pio_inq_ndims_file"                                    -      12288    12288 3.686400e+05   2.023426e+01     0.004 (  3403      0)     0.001 ( 12252      0)
"l:PIO:initdecomp"                                            -      12288    12288 1.228800e+04   6.402204e+03     0.521 (     6      0)     0.520 (   472      0)
"l:PIO:PIOc_initdecomp"                                       -      12288    12288 1.228800e+04   6.401672e+03     0.521 (  6480      0)     0.520 (   472      0)
"l:PIO:box_rearrange_create"                                  -      12288    12288 1.228800e+04   6.385316e+03     0.520 (  9394      0)     0.520 (  1566      0)
"l:PIO:pio_swapm"                                             -      12288    12288 1.351680e+05   3.622726e+04     3.052 ( 11963      0)     1.433 (  1920      0)
"l:PIO:read_darray_3d_double"                                 -      12288    12288 9.830400e+04   3.111168e+04     2.548 (  4968      0)     2.369 (  4093      0)
"l:PIO:PIOc_read_darray"                                      -      12288    12288 9.830400e+04   3.111145e+04     2.548 (  4968      0)     2.369 (  4093      0)
"l:PIO:read_darray_nc"                                        -      12288    12288 9.830400e+04   8.285805e+02     1.517 (  1920      0)     0.000 ( 10147      0)
"l:PIO:rearrange_io2comp"                                     -      12288    12288 9.830400e+04   3.023569e+04     2.546 (  5171      0)     0.978 (  1920      0)
"l:PIO:closefile"                                             -      12288    12288 1.228800e+04   8.960840e+00     0.023 (  4092      0)     0.000 (  1858      0)
"l:PIO:PIOc_closefile"                                        -      12288    12288 1.228800e+04   8.944611e+00     0.023 (  4092      0)     0.000 (  1858      0)
"l:surfalb"                                                   -      12288    12288 5.296128e+06   2.066909e+04     2.066 (  3744      0)     1.364 (  1610      0)
"l:urbsurfalb"                                                -      12288    12288 5.296128e+06   4.044536e+03     0.376 (  7147      0)     0.265 (    98      0)
"CPL:OCNT_RUN"                                                -      12288    12288 5.296128e+06   2.074259e+03     0.695 (     0      0)     0.120 (  1311      0)
"o:DOCN_RUN"                                                  -      12288    12288 5.296128e+06   1.875439e+03     0.635 (     0      0)     0.105 (  1311      0)
"o:docn_run1"                                                 -      12288    12288 5.296128e+06   4.932647e+00     0.001 (  2908      0)     0.000 (  6130      0)
"o:docn"                                                      -      12288    12288 5.296128e+06   1.859453e+03     0.631 (     0      0)     0.103 (  1203      0)
"o:docn_strdata_advance"                                      -      12288    12288 5.296128e+06   1.027295e+03     0.102 ( 12104      0)     0.036 (  1203      0)
"o:docn_strd_adv_total"                                       -      12288    12288 5.296128e+06   1.020404e+03     0.102 ( 12104      0)     0.036 (  1203      0)
"o:docn_strd_adv_readLBUB"                                    -      12288    12288 5.296128e+06   5.833794e+02     0.080 (   611      0)     0.019 (     3      0)
"o:docn_readLBUB_setup"                                       -      12288    12288 5.296128e+06   1.725985e+00     0.001 (  2557      0)     0.000 (  9312      0)
"o:docn_readLBUB_filemgt"                                     -      12288    12288 5.296128e+06   1.194865e+00     0.000 (  2557      0)     0.000 (  3404      0)
"o:docn_strd_adv_tint"                                        -      12288    12288 5.296128e+06   6.851251e+01     0.008 (  7631      0)     0.005 (  1591      0)
"o:docn_scatter"                                              -      12288    12288 5.296128e+06   5.482058e+02     0.051 (  5681      0)     0.041 (  5435      0)
"o:docn_datamode"                                             -      12288    12288 5.296128e+06   5.358311e+01     0.006 (  8616      0)     0.004 (  5689      0)
"o:docn_run2"                                                 -      12288    12288 5.296128e+06   5.616870e-01     0.003 (     0      0)     0.000 (  3000      0)
"CPL:O2CT"                                                    -      12288    12288 5.296128e+06   3.055575e+04     7.081 (  3475      0)     0.101 (     0      0)
"CPL:o2c_ocno2ocnx"                                           -      12288    12288 5.296128e+06   2.571422e+02     0.024 (  9065      0)     0.019 (  4231      0)
"CPL:o2c_infoexch"                                            -      12288    12288 5.296128e+06   3.028999e+04     7.059 (  3475      0)     0.077 (     0      0)
"CPL:OCNPOSTT"                                                -      12288    12288 5.296128e+06   2.399533e+00     0.000 ( 10824      0)     0.000 (  1283      0)
"i:cice_pice_readLBUB_LB_copy"                                -      12288    12288 1.228800e+04   1.322072e-02     0.000 ( 12018      0)     0.000 (  9968      0)
"o:docn_readLBUB_fbound"                                      -      12288    12288 1.228800e+04   1.768946e-03     0.000 (     0      0)     0.000 (   465      0)
"o:docn_readLBUB_bcast"                                       -      12288    12288 1.228800e+04   1.706105e+02     0.029 (  9002      0)     0.000 (   642      0)
"o:docn_readLBUB_LB_copy"                                     -      12288    12288 1.228800e+04   1.366459e-02     0.000 (  4019      0)     0.000 (  5821      0)
"o:docn_readLBUB_UB_setup"                                    -      12288    12288 1.228800e+04   5.242335e-03     0.000 (     0      0)     0.000 (   634      0)
"o:docn_readLBUB_UB_readpio"                                  -      12288    12288 1.228800e+04   3.977462e+02     0.065 (  1127      0)     0.009 (    13      0)
"o:PIO:pio_inq_varid_file_vdesc"                              -      12288    12288 2.457600e+04   1.303323e+01     0.011 (  9199      0)     0.000 ( 11825      0)
"o:PIO:pio_inq_varid_file_vid"                                -      12288    12288 2.457600e+04   1.301729e+01     0.011 (  9199      0)     0.000 ( 11825      0)
"o:PIO:pio_inq_varndims_file_vdesc"                           -      12288    12288 1.228800e+04   2.073524e+00     0.002 (     0      0)     0.000 (  9177      0)
"o:PIO:pio_inq_varndims_file_vid"                             -      12288    12288 1.228800e+04   2.062679e+00     0.002 (     0      0)     0.000 ( 10638      0)
"o:PIO:pio_inq_vardimid_file_vdesc"                           -      12288    12288 1.228800e+04   7.033176e+00     0.001 (  1951      0)     0.000 (  7681      0)
"o:PIO:pio_inq_vardimid_file_vid"                             -      12288    12288 1.228800e+04   7.023099e+00     0.001 (  1937      0)     0.000 (  7681      0)
"o:PIO:pio_inq_dimlen_file_dimid"                             -      12288    12288 3.686400e+04   4.310819e+00     0.000 (  1924      0)     0.000 (  9179      0)
"o:PIO:pio_inq_dimlen_file_dimid_offlen"                      -      12288    12288 3.686400e+04   4.288876e+00     0.000 (  1924      0)     0.000 (  9173      0)
"o:PIO:pio_inq_vartype_file_vdesc"                            -      12288    12288 1.228800e+04   3.517663e+00     0.000 (  1941      0)     0.000 (  9166      0)
"o:PIO:pio_inq_vartype_file_vid"                              -      12288    12288 1.228800e+04   3.508232e+00     0.000 (  1942      0)     0.000 (  9166      0)
"o:PIO:read_darray_1d_real"                                   -      12288    12288 1.228800e+04   3.339717e+02     0.058 (   792      0)     0.007 (    13      0)
"o:PIO:PIOc_read_darray"                                      -      12288    12288 1.228800e+04   3.339354e+02     0.058 (   792      0)     0.007 (    13      0)
"o:PIO:read_darray_nc"                                        -      12288    12288 1.228800e+04   2.053197e+01     0.057 (   792      0)     0.000 (  2919      0)
"o:PIO:rearrange_io2comp"                                     -      12288    12288 1.228800e+04   3.103259e+02     0.056 (   623      0)     0.000 (     0      0)
"o:PIO:pio_swapm"                                             -      12288    12288 1.228800e+04   3.100698e+02     0.056 (   623      0)     0.000 (     0      0)
"o:docn_strd_adv_fill"                                        -      12288    12288 1.228800e+04   1.638921e+00     0.000 (  2309      0)     0.000 ( 10048      0)
"o:docn_strd_adv_map"                                         -      12288    12288 1.228800e+04   3.354580e+02     0.049 (     9      0)     0.000 (  1277      0)
"CPL:RUN_LOOP_BSTOP"                                          -      12288    12288 1.228800e+04   7.479265e+01     0.006 (  6293      0)     0.000 (  9789      0)
"CPL:FINAL"                                                   -      12288    12288 1.228800e+04   1.373637e+04     1.120 (     0      0)     1.103 ( 10251      0)
"CPL:cime_final"                                              -      12288    12288 1.228800e+04   1.373635e+04     1.120 (     0      0)     1.103 ( 10251      0)
"o_f:DOCN_FINAL"                                              -      12288    12288 1.228800e+04   2.959609e-03     0.000 (     0      0)     0.000 ( 10675      0)
"a_f:EAMxx::finalize"                                         y      12288    12288 1.228800e+04   3.611878e+03     0.918 ( 10248      0)     0.119 (  1717      0)
"a_f:PIO:PIOc_sync"                                           -      12288    12288 1.228800e+04   2.612513e-01     0.000 (  2904      0)     0.000 (  8504      0)
"a_f:PIO:write_total"                                         -      12288    12288 2.457600e+04   1.190801e+02     0.119 ( 11052      0)     0.000 (  4581      0)
"a_f:PIO:flush_output_buffer"                                 -       1024     1024 2.048000e+03   1.286080e-01     0.000 (  3552      0)     0.000 (  7992      0)
"a_f:PIO:PIOc_closefile"                                      -      12288    12288 2.457600e+04   7.465968e+02     0.784 (  7164      0)     0.000 (  2933      0)
"a_f:PIO:PIOc_closefile_write_mode"                           -      12288    12288 1.228800e+04   1.188396e+02     0.119 ( 11052      0)     0.000 (  7091      0)
"a_f:PIO:PIOc_freedecomp"                                     -      12288    12288 1.597440e+05   1.764091e+00     0.001 (   384      0)     0.000 (  5533      0)
"PIO:finalize"                                                -      12288    12288 1.228800e+05   7.445382e+03     0.944 (    10      0)     0.002 ( 11388      0)
"PIO:PIOc_finalize"                                           -      12288    12288 1.228800e+05   7.441961e+03     0.944 (    10      0)     0.002 (   204      0)
"CPL:FINAL_sync1_tprf"                                        -      12288    12288 1.228800e+04   1.974999e+01     0.002 (   113      0)     0.000 (     0      0)
"CPL:FINAL_t_prf"                                             y          0        0 0.000000e+00   0.000000e+00     0.000 (     0      0)     0.000 (     0      0)

