
***** GLOBAL STATISTICS ( 16384 MPI TASKS) *****

$Id: gptl.c,v 1.157 2011-03-28 20:55:18 rosinski Exp $
'count' is cumulative. All other stats are max/min
'on' indicates whether the timer was active during output, and so stats are lower or upper bounds.

name                                                         on  processes  threads        count      walltotal   wallmax (proc   thrd  )   wallmin (proc   thrd  )
"CPL:INIT"                                                    -      16384    16384 1.638400e+04   4.097079e+06   251.776 (  7575      0)   249.013 (  2906      0)
"CPL:cime_pre_init1"                                          -      16384    16384 1.638400e+04   9.990604e+04     7.807 (  7574      0)     5.046 (  2907      0)
"CPL:mpi_init"                                                -      16384    16384 1.638400e+04   7.955137e+04     6.572 (  7568      0)     3.811 (  2904      0)
"CPL:ESMF_Initialize"                                         -      16384    16384 1.638400e+04   1.103954e+00     0.003 (  3472      0)     0.000 (   814      0)
"CPL:cime_pre_init2"                                          -      16384    16384 1.638400e+04   3.807566e+04     2.330 ( 13818      0)     2.292 (  1304      0)
"CPL:seq_infodata_init"                                       -      16384    16384 1.638400e+04   7.829009e+03     1.979 ( 15795      0)     0.001 (  3993      0)
"CPL:seq_timemgr_clockInit"                                   -      16384    16384 1.638400e+04   4.998498e+02     0.037 (  3477      0)     0.000 ( 12872      0)
"CPL:cime_init"                                               -      16384    16384 1.638400e+04   3.959096e+06   241.677 ( 15391      0)   241.638 ( 13617      0)
"CPL:init_comps"                                              -      16384    16384 1.638400e+04   3.957758e+06   241.594 (  5903      0)   241.556 ( 13621      0)
"CPL:comp_init_pre_all"                                       -      16384    16384 1.638400e+04   5.915133e-01     0.000 (  2681      0)     0.000 ( 11049      0)
"CPL:comp_init_cc_atm"                                        -      16384    16384 1.638400e+04   1.346197e+06    82.197 (  5767      0)    82.159 ( 13620      0)
"a_i:comp_init"                                               -      16384    16384 3.276800e+04   1.346015e+06    82.196 (  1112      0)    82.147 ( 13620      0)
"a_i:EAMxx::init"                                             -      16384    16384 1.146880e+05   1.302849e+06    79.952 ( 12288      0)    78.607 ( 11401      0)
"a_i:EAMxx::create_output_managers"                           -      16384    16384 1.638400e+04   7.897288e+00     0.002 ( 10375      0)     0.000 ( 15397      0)
"a_i:EAMxx::create_atm_processes"                             -      16384    16384 1.638400e+04   1.637598e+04     1.270 (  9278      0)     0.167 (   396      0)
"a_i:EAMxx::create_grids"                                     -      16384    16384 1.638400e+04   1.945382e+05    12.022 (     0      0)    11.803 (   509      0)
"a_i:EAMxx::build_grids"                                      -      16384    16384 1.638400e+04   1.668838e+05    10.193 ( 12807      0)    10.184 ( 13856      0)
"a_i:PartitioningTime"                                        -      16384    16384 1.638400e+04   5.265354e-02     0.001 ( 13043      0)     0.000 (     0      0)
"a_i:repro_sum_int"                                           -      16384    16384 1.638400e+04   3.682394e+03     0.276 (  5179      0)     0.001 ( 13628      0)
"a_i:PIO:spio_get_att_tc"                                     -      16384    16384 1.785856e+06   1.056017e+02     0.008 ( 12557      0)     0.006 (  6125      0)
"a_i:PIO:spio_get_vars_tc"                                    -      16384    16384 3.276800e+05   1.264969e+04     0.789 ( 12087      0)     0.755 (  4360      0)
"a_i:PIO:PIOc_closefile"                                      -      16384    16384 2.129920e+05   1.843663e+03     2.595 (   832      0)     0.000 ( 10293      0)
"a_i:EAMxx::SurfaceCouplingImporter::set_grids"               -      16384    16384 1.638400e+04   3.186155e+00     0.001 (  7279      0)     0.000 (  5931      0)
"a_i:EAMxx::homme::set_grids"                                 -      16384    16384 1.638400e+04   5.040849e+03     0.492 (  6432      0)     0.137 ( 11397      0)
"a_i:EAMxx::physics::set_grids"                               -      16384    16384 1.638400e+04   2.170194e+04     1.515 ( 13320      0)     1.124 (  6433      0)
"a_i:EAMxx::mac_aero_mic::set_grids"                          -      16384    16384 1.638400e+04   8.622574e+03     0.707 (  9715      0)     0.342 (  6950      0)
"a_i:EAMxx::tms::set_grids"                                   -      16384    16384 1.638400e+04   2.750818e+01     0.006 (  9169      0)     0.000 ( 13631      0)
"a_i:EAMxx::shoc::set_grids"                                  -      16384    16384 1.638400e+04   6.736898e+00     0.012 (  9169      0)     0.000 ( 13327      0)
"a_i:EAMxx::cld_fraction::set_grids"                          -      16384    16384 1.638400e+04   1.796748e+00     0.001 ( 14694      0)     0.000 (  2471      0)
"a_i:EAMxx::spa::set_grids"                                   -      16384    16384 1.638400e+04   8.575732e+03     0.702 ( 13496      0)     0.338 (  6946      0)
"a_i:EAMxx::p3::set_grids"                                    -      16384    16384 1.638400e+04   9.591187e+00     0.012 (  9715      0)     0.000 (  5515      0)
"a_i:EAMxx::rrtmgp::set_grids"                                -      16384    16384 1.638400e+04   1.307823e+04     0.820 (  4152      0)     0.772 (  1033      0)
"a_i:EAMxx::SurfaceCouplingExporter::set_grids"               -      16384    16384 1.638400e+04   2.886042e+01     0.027 (  9715      0)     0.002 ( 14865      0)
"a_i:EAMxx::create_fields"                                    -      16384    16384 1.638400e+04   1.858392e+03     0.139 ( 16257      0)     0.105 (  1939      0)
"a_i:EAMxx::initialize_fields"                                -      16384    16384 1.638400e+04   4.644836e+05    28.411 ( 12602      0)    28.249 (   979      0)
"a_i:PIO:PIOc_initdecomp"                                     -      16384    16384 2.129920e+05   1.031558e+05     6.297 ( 11557      0)     6.295 ( 13720      0)
"a_i:PIO:box_rearrange_create"                                -      16384    16384 2.129920e+05   1.029547e+05     6.285 (  6170      0)     6.283 ( 12590      0)
"a_i:PIO:pio_swapm"                                           -      16384    16384 9.994240e+05   2.150792e+05    22.830 (   913      0)     1.696 (  6144      0)
"a_i:PIO:PIOc_read_darray"                                    -      16384    16384 3.604480e+05   2.747136e+05    17.971 ( 14269      0)    14.878 (   922      0)
"a_i:PIO:read_darray_nc"                                      -      16384    16384 3.604480e+05   1.942568e+04    17.603 (     0      0)     0.000 ( 12897      0)
"a_i:PIO:rearrange_io2comp"                                   -      16384    16384 3.604480e+05   1.619588e+05    17.594 ( 14629      0)     0.047 ( 12288      0)
"a_i:EAMxx::initialize_atm_procs"                             -      16384    16384 1.638400e+04   6.117113e+05    37.609 (  1910      0)    36.881 (  3960      0)
"a_i:EAMxx::SurfaceCouplingImporter::init"                    -      16384    16384 1.638400e+04   2.591029e+00     0.001 (  1214      0)     0.000 (  2728      0)
"a_i:EAMxx::homme::init"                                      -      16384    16384 1.638400e+04   2.157892e+05    13.345 (  1601      0)    12.974 ( 13800      0)
"a_i:compose_init"                                            -      16384    16384 1.638400e+04   2.178745e+03     0.345 (   962      0)     0.013 (  8336      0)
"a_i:sl_init1"                                                -      16384    16384 1.638400e+04   3.818047e+03     0.478 (  2456      0)     0.159 ( 10713      0)
"a_i:EAMxx::tms::init"                                        -      16384    16384 1.638400e+04   5.726115e-02     0.000 (  8240      0)     0.000 (  4137      0)
"a_i:EAMxx::shoc::init"                                       -      16384    16384 1.638400e+04   1.287869e+02     0.038 ( 14628      0)     0.004 ( 12128      0)
"a_i:EAMxx::cld_fraction::init"                               -      16384    16384 1.638400e+04   4.775160e-01     0.000 (  1037      0)     0.000 ( 10877      0)
"a_i:EAMxx::spa::init"                                        -      16384    16384 1.638400e+04   3.850052e+05    23.644 (  9083      0)    23.409 (  4342      0)
"a_i:EAMxx::p3::init"                                         -      16384    16384 1.638400e+04   3.375980e+03     0.377 ( 15719      0)     0.053 (     3      0)
"a_i:EAMxx::rrtmgp::init"                                     -      16384    16384 1.638400e+04   7.035450e+03     0.679 (  9936      0)     0.150 (     4      0)
"a_i:EAMxx::SurfaceCouplingExporter::init"                    -      16384    16384 1.638400e+04   9.106622e+00     0.001 (  9172      0)     0.000 (  1080      0)
"a_i:EAMxx::initialize_output_managers"                       -      16384    16384 1.638400e+04   1.387308e+04     0.858 (  9184      0)     0.845 (  8325      0)
"a_i:EAMxx::IO::standard"                                     -      16384    16384 1.638400e+04   5.710217e+03     0.648 ( 13248      0)     0.165 ( 10827      0)
"a_i:EAMxx::IO::nooutput.yaml"                                -      16384    16384 1.638400e+04   5.710195e+03     0.648 ( 13248      0)     0.165 ( 10827      0)
"a_i:EAMxx::IO::standard::get_new_file"                       -      16384    16384 1.638400e+04   5.685571e+03     0.636 ( 13248      0)     0.165 ( 10827      0)
"a_i:PIO:PIOc_createfile"                                     -      16384    16384 1.638400e+04   5.638099e+03     0.633 ( 13248      0)     0.163 ( 10827      0)
"a_i:PIO:write_total"                                         -      16384    16384 5.406720e+05   5.668494e+03     0.645 ( 13248      0)     0.163 ( 10827      0)
"a_i:PIO:spio_put_att_tc"                                     -      16384    16384 4.915200e+05   1.884023e+00     0.000 (  1120      0)     0.000 (  2002      0)
"a_i:PIO:spio_put_vars_tc"                                    -      16384    16384 1.638400e+04   4.652164e+00     0.002 (  5336      0)     0.000 ( 14717      0)
"a_i:PIO:flush_output_buffer"                                 -       2048     2048 4.096000e+03   2.462450e+01     0.012 (  6128      0)     0.012 ( 10552      0)
"a_i:EAMxx::IO::standard::run_output_streams"                 -      16384    16384 1.638400e+04   2.653390e-03     0.000 (  8185      0)     0.000 (  4670      0)
"a_i:EAMxx::IO::standard::update_snapshot_tally"              -      16384    16384 1.638400e+04   2.457679e+01     0.012 (  9184      0)     0.000 ( 13746      0)
"a_i:PIO:PIOc_sync"                                           -      16384    16384 1.638400e+04   2.386563e+01     0.012 (  9184      0)     0.000 ( 15156      0)
"CPL:comp_init_cc_lnd"                                        -      16384    16384 1.638400e+04   1.290620e+06    78.776 (  4026      0)    78.765 (     1      0)
"l_i:comp_init"                                               -      16384    16384 1.638400e+04   1.290462e+06    78.775 (  4024      0)    78.761 ( 13425      0)
"l_i:elm_init1"                                               -      16384    16384 1.638400e+04   3.318566e+05    20.488 (     5      0)    19.923 (  7750      0)
"l_i:PIO:openfile"                                            -      16384    16384 3.768320e+05   9.330726e+04     7.372 (  3232      0)     4.553 (  9423      0)
"l_i:PIO:pio_inq_dimid_file_dimid"                            -      16384    16384 1.015808e+06   2.700042e+01     0.004 (  5451      0)     0.001 (  1071      0)
"l_i:PIO:pio_inq_dimlen_file_dimid"                           -      16384    16384 6.094848e+06   1.420836e+02     0.012 (  8193      0)     0.005 ( 11839      0)
"l_i:PIO:pio_inq_dimlen_file_dimid_offlen"                    -      16384    16384 6.094848e+06   1.405818e+02     0.012 (  8193      0)     0.005 ( 11839      0)
"l_i:PIO:pio_inq_varid_file_vdesc"                            -      16384    16384 7.634944e+06   2.197031e+03     0.583 (  8185      0)     0.012 (     7      0)
"l_i:PIO:pio_inq_varid_file_vid"                              -      16384    16384 7.634944e+06   2.194758e+03     0.583 (  8185      0)     0.012 (     7      0)
"l_i:PIO:get_var_1d_int"                                      -      16384    16384 9.830400e+04   7.064141e+03     0.460 ( 16368      0)     0.405 (  6946      0)
"l_i:PIO:spio_get_vars_tc"                                    -      16384    16384 3.260416e+06   3.245420e+05    19.864 ( 16375      0)    19.726 (  1164      0)
"l_i:PIO:closefile"                                           -      16384    16384 3.276800e+05   4.505235e+02     0.302 (  4680      0)     0.001 ( 14769      0)
"l_i:PIO:PIOc_closefile"                                      -      16384    16384 3.276800e+05   4.502129e+02     0.302 (  4680      0)     0.000 ( 11937      0)
"l_i:PIO:pio_inq_varndims_file_vdesc"                         -      16384    16384 3.719168e+06   2.114473e+02     0.021 (  8193      0)     0.004 (   127      0)
"l_i:PIO:pio_inq_varndims_file_vid"                           -      16384    16384 3.719168e+06   2.103244e+02     0.020 (  8193      0)     0.004 (   127      0)
"l_i:PIO:pio_inq_vardimid_file_vdesc"                         -      16384    16384 3.719168e+06   3.891894e+02     0.036 (  8192      0)     0.012 (   127      0)
"l_i:PIO:pio_inq_vardimid_file_vid"                           -      16384    16384 3.719168e+06   3.880232e+02     0.036 (  8192      0)     0.012 (   127      0)
"l_i:PIO:pio_inq_dimname_file_dimid"                          -      16384    16384 1.351680e+07   4.578576e+02     0.039 (  8193      0)     0.016 (  8302      0)
"l_i:PIO:initdecomp"                                          -      16384    16384 4.259840e+05   6.848653e+04     4.229 (    10      0)     4.104 (  6145      0)
"l_i:PIO:PIOc_initdecomp"                                     -      16384    16384 4.259840e+05   6.846840e+04     4.228 (    10      0)     4.102 (  6145      0)
"l_i:PIO:box_rearrange_create"                                -      16384    16384 4.259840e+05   6.645998e+04     4.058 (  1122      0)     4.053 (  6145      0)
"l_i:PIO:pio_swapm"                                           -      16384    16384 4.964352e+06   5.929244e+05    38.689 (  4244      0)     6.486 ( 16160      0)
"l_i:PIO:read_darray_1d_double"                               -      16384    16384 1.343488e+06   1.384363e+05     8.512 (    95      0)     8.244 (  8185      0)
"l_i:PIO:PIOc_read_darray"                                    -      16384    16384 3.686400e+06   5.823217e+05    35.713 (   127      0)    35.087 (  8185      0)
"l_i:PIO:read_darray_nc"                                      -      16384    16384 3.686400e+06   3.629172e+04    31.752 ( 16160      0)     0.000 (  6423      0)
"l_i:PIO:rearrange_io2comp"                                   -      16384    16384 3.686400e+06   5.449405e+05    35.662 (   119      0)     3.641 ( 16160      0)
"l_i:PIO:pio_inquire_file"                                    -      16384    16384 4.915200e+06   1.119805e+02     0.010 (    23      0)     0.004 (  8303      0)
"l_i:PIO:pio_inq_ndims_file"                                  -      16384    16384 4.915200e+06   1.105781e+02     0.010 (    23      0)     0.004 (  8303      0)
"l_i:PIO:read_darray_1d_int"                                  -      16384    16384 1.146880e+05   8.337197e+03     0.520 ( 10607      0)     0.485 (  8185      0)
"l_i:PIO:read_darray_3d_double"                               -      16384    16384 2.949120e+05   4.083030e+04     2.499 (   584      0)     2.481 ( 14297      0)
"l_i:PIO:read_darray_3d_int"                                  -      16384    16384 1.638400e+04   1.397135e+04     0.854 (  5817      0)     0.851 (  2910      0)
"l_i:PIO:read_darray_4d_double"                               -      16384    16384 2.293760e+05   5.632447e+04     3.467 (  3752      0)     3.434 ( 14378      0)
"l_i:PIO:get_var_1d_text"                                     -      16384    16384 3.276800e+04   3.623148e+03     0.240 (  7475      0)     0.191 (     1      0)
"l_i:PIO:get_var_1d_double"                                   -      16384    16384 2.359296e+06   1.041607e+03     0.077 (  8193      0)     0.040 (  1371      0)
"l_i:PIO:get_var_0d_double"                                   -      16384    16384 1.638400e+05   1.823552e+03     0.124 (  3205      0)     0.091 (   290      0)
"l_i:PIO:read_darray_2d_double"                               -      16384    16384 1.622016e+06   3.200745e+05    19.632 (  9911      0)    19.314 ( 16368      0)
"l_i:PIO:read_darray_2d_int"                                  -      16384    16384 6.553600e+04   4.355962e+03     0.290 (   392      0)     0.257 (  8170      0)
"l_i:gather_1darray_int_total"                                -      16384    16384 8.192000e+04   4.803143e+03     1.108 (     0      0)     0.181 (    12      0)
"l_i:scatter_1darray_int_total"                               -      16384    16384 8.192000e+04   2.486012e+04     1.627 (     8      0)     0.626 (     0      0)
"l_i:init_filters"                                            -      16384    16384 1.638400e+04   2.782962e+00     0.002 (  5441      0)     0.000 (  5888      0)
"l_i:elm_init2"                                               -      16384    16384 1.638400e+04   9.486789e+05    57.914 (  6800      0)    57.900 ( 13041      0)
"l_i:init_orbd"                                               -      16384    16384 1.638400e+04   3.378890e-01     0.000 ( 13630      0)     0.000 (  2209      0)
"l_i:PIO:get_var_0d_int"                                      -      16384    16384 3.440640e+05   3.080373e+05    18.823 ( 11154      0)    18.762 (   126      0)
"l_i:PIO:get_var_2d_double"                                   -      16384    16384 1.966080e+05   1.951184e+03     0.128 (     0      0)     0.098 (  1697      0)
"l_i:PIO:get_var_3d_double"                                   -      16384    16384 6.553600e+04   1.922348e+03     0.123 (  5127      0)     0.105 (  2387      0)
"l_i:init_accflds"                                            -      16384    16384 1.638400e+04   2.987450e+00     0.000 (     0      0)     0.000 ( 10539      0)
"l_i:init_dyn_subgrid"                                        -      16384    16384 1.638400e+04   1.804080e+01     0.002 (  5447      0)     0.001 (  7241      0)
"l_i:subgridRest_write-read"                                  -      16384    16384 1.638400e+04   4.973776e+04     3.038 ( 11336      0)     3.030 (  8193      0)
"l_i:init_map2gc"                                             -      16384    16384 1.638400e+04   6.590380e+00     0.001 (  2681      0)     0.000 (  9176      0)
"l_i:init_elm_interface_data & pflotran"                      -      16384    16384 1.638400e+04   9.726580e-04     0.000 ( 11145      0)     0.000 (     5      0)
"l_i:init_wlog"                                               -      16384    16384 1.638400e+04   7.268840e-04     0.000 (     0      0)     0.000 (   328      0)
"l_i:elm_init3"                                               -      16384    16384 1.638400e+04   4.611306e-02     0.000 ( 13625      0)     0.000 (  7760      0)
"CPL:comp_init_cc_rof"                                        -      16384    16384 1.638400e+04   6.708512e+00     0.001 (  9811      0)     0.000 (  8050      0)
"r_i:comp_init"                                               -      16384    16384 1.638400e+04   6.665193e-01     0.000 (  1211      0)     0.000 (  3087      0)
"CPL:comp_init_cc_ocn"                                        -      16384    16384 1.638400e+04   5.742051e+05    35.054 (     5      0)    35.045 (  4027      0)
"o_i:comp_init"                                               -      16384    16384 1.638400e+04   5.741910e+05    35.054 (     0      0)    35.042 (  5329      0)
"o_i:docn_readnml"                                            -      16384    16384 1.638400e+04   2.533201e+03     0.162 (     7      0)     0.152 ( 15002      0)
"o_i:DOCN_INIT"                                               -      16384    16384 1.638400e+04   5.716569e+05    34.892 (  4563      0)    34.889 (  5398      0)
"o_i:docn_strdata_init"                                       -      16384    16384 1.638400e+04   5.475565e+05    33.421 (  1095      0)    33.420 (  6970      0)
"o_i:PIO:initdecomp"                                          -      16384    16384 4.915200e+04   3.854696e+03     0.236 ( 15975      0)     0.232 (     0      0)
"o_i:PIO:PIOc_initdecomp"                                     -      16384    16384 4.915200e+04   3.854592e+03     0.236 ( 15975      0)     0.232 (     0      0)
"o_i:PIO:box_rearrange_create"                                -      16384    16384 4.915200e+04   3.718482e+03     0.227 ( 13955      0)     0.226 (  3451      0)
"o_i:PIO:pio_swapm"                                           -      16384    16384 1.802240e+05   3.840127e+03     0.238 (  2887      0)     0.221 (  6920      0)
"o_i:docn_initgsmaps"                                         -      16384    16384 1.638400e+04   3.045041e+01     0.003 ( 10185      0)     0.002 (   602      0)
"o_i:docn_initmctdom"                                         -      16384    16384 1.638400e+04   2.540917e+00     0.001 (  2906      0)     0.000 (  3887      0)
"o_i:docn_initmctavs"                                         -      16384    16384 1.638400e+04   1.244293e+00     0.000 (  5184      0)     0.000 ( 10061      0)
"o_i:DOCN_RUN"                                                -      16384    16384 1.638400e+04   2.406581e+04     1.470 ( 13602      0)     1.467 ( 13951      0)
"o_i:docn_run1"                                               -      16384    16384 1.638400e+04   2.020086e-02     0.000 (  4930      0)     0.000 ( 15413      0)
"o_i:docn"                                                    -      16384    16384 1.638400e+04   2.406574e+04     1.470 ( 13602      0)     1.467 ( 13951      0)
"o_i:docn_strdata_advance"                                    -      16384    16384 1.638400e+04   2.406383e+04     1.469 ( 13602      0)     1.466 (  5443      0)
"o_i:docn_strd_adv_total"                                     -      16384    16384 1.638400e+04   2.406376e+04     1.469 ( 13602      0)     1.466 (  5443      0)
"o_i:docn_strd_adv_readLBUB"                                  -      16384    16384 1.638400e+04   2.403643e+04     1.468 ( 10225      0)     1.465 (  3377      0)
"o_i:docn_readLBUB_setup"                                     -      16384    16384 1.638400e+04   4.097514e-03     0.000 (  4243      0)     0.000 (  4207      0)
"o_i:docn_readLBUB_fbound"                                    -      16384    16384 1.638400e+04   1.219727e+00     1.217 (     0      0)     0.000 (  1005      0)
"o_i:docn_readLBUB_bcast"                                     -      16384    16384 1.638400e+04   1.995644e+04     1.219 ( 11059      0)     0.000 (     0      0)
"o_i:docn_readLBUB_LB_setup"                                  -      16384    16384 1.638400e+04   8.685675e-03     0.000 ( 12143      0)     0.000 (  2101      0)
"o_i:docn_readLBUB_LB_readpio"                                -      16384    16384 1.638400e+04   3.945707e+03     0.242 (  4096      0)     0.239 (  2907      0)
"o_i:PIO:openfile"                                            -      16384    16384 1.638400e+04   3.796530e+03     0.232 (   496      0)     0.230 ( 13628      0)
"o_i:PIO:pio_inq_varid_file_vdesc"                            -      16384    16384 6.553600e+04   3.391686e+00     0.001 ( 15475      0)     0.000 (  1048      0)
"o_i:PIO:pio_inq_varid_file_vid"                              -      16384    16384 6.553600e+04   3.363804e+00     0.001 ( 15475      0)     0.000 (  1048      0)
"o_i:PIO:pio_inq_varndims_file_vdesc"                         -      16384    16384 3.276800e+04   1.856207e+00     0.000 ( 12681      0)     0.000 (  2007      0)
"o_i:PIO:pio_inq_varndims_file_vid"                           -      16384    16384 3.276800e+04   1.841863e+00     0.000 ( 12686      0)     0.000 (  2006      0)
"o_i:PIO:pio_inq_vardimid_file_vdesc"                         -      16384    16384 3.276800e+04   4.429008e+00     0.001 (  1269      0)     0.000 (  2007      0)
"o_i:PIO:pio_inq_vardimid_file_vid"                           -      16384    16384 3.276800e+04   4.414050e+00     0.001 (  1269      0)     0.000 (  2007      0)
"o_i:PIO:pio_inq_dimlen_file_dimid"                           -      16384    16384 9.830400e+04   2.669254e+00     0.000 (  5755      0)     0.000 (  4461      0)
"o_i:PIO:pio_inq_dimlen_file_dimid_offlen"                    -      16384    16384 9.830400e+04   2.640670e+00     0.000 (  5754      0)     0.000 (  4461      0)
"o_i:PIO:pio_inq_vartype_file_vdesc"                          -      16384    16384 3.276800e+04   2.158775e+00     0.000 ( 10270      0)     0.000 (  9002      0)
"o_i:PIO:pio_inq_vartype_file_vid"                            -      16384    16384 3.276800e+04   2.146527e+00     0.000 ( 10270      0)     0.000 (  9002      0)
"o_i:PIO:read_darray_1d_real"                                 -      16384    16384 3.276800e+04   2.536779e+02     0.017 (  7224      0)     0.013 (  2905      0)
"o_i:PIO:PIOc_read_darray"                                    -      16384    16384 3.276800e+04   2.536048e+02     0.017 (  7224      0)     0.013 (  2905      0)
"o_i:PIO:read_darray_nc"                                      -      16384    16384 3.276800e+04   2.886361e+01     0.016 (  7136      0)     0.000 ( 11092      0)
"o_i:PIO:rearrange_io2comp"                                   -      16384    16384 3.276800e+04   2.185173e+02     0.016 ( 13193      0)     0.000 (   248      0)
"o_i:docn_readLBUB_UB_setup"                                  -      16384    16384 1.638400e+04   5.328848e-03     0.000 (     0      0)     0.000 (  1753      0)
"o_i:docn_readLBUB_UB_readpio"                                -      16384    16384 1.638400e+04   1.319443e+02     0.009 (  1873      0)     0.007 (  6126      0)
"o_i:docn_readLBUB_filemgt"                                   -      16384    16384 1.638400e+04   2.785787e-03     0.000 ( 11225      0)     0.000 (   224      0)
"o_i:docn_strd_adv_fill"                                      -      16384    16384 1.638400e+04   2.325406e+00     0.001 ( 13630      0)     0.000 ( 15371      0)
"o_i:docn_strd_adv_map"                                       -      16384    16384 1.638400e+04   2.434376e+01     0.003 (  3645      0)     0.000 (  2033      0)
"o_i:docn_strd_adv_tint"                                      -      16384    16384 1.638400e+04   1.959764e-01     0.001 (  2904      0)     0.000 (  7715      0)
"o_i:docn_scatter"                                            -      16384    16384 1.638400e+04   1.643785e+00     0.000 ( 12638      0)     0.000 (  1667      0)
"o_i:docn_datamode"                                           -      16384    16384 1.638400e+04   1.677546e-01     0.001 ( 15002      0)     0.000 ( 14772      0)
"o_i:docn_run2"                                               -      16384    16384 1.638400e+04   9.139390e-04     0.000 (     0      0)     0.000 (  2416      0)
"CPL:comp_init_cc_ice"                                        -      16384    16384 1.638400e+04   7.423101e+05    45.308 ( 15006      0)    45.307 ( 14290      0)
"i_i:comp_init"                                               -      16384    16384 1.638400e+04   7.422991e+05    45.307 ( 15004      0)    45.306 ( 13948      0)
"i_i:cice_init"                                               -      16384    16384 1.638400e+04   2.693874e+05    16.444 (  4568      0)    16.441 ( 12083      0)
"i_i:ice_HaloUpdate2DR8"                                      -      16384    16384 6.553600e+04   1.033902e+01     1.352 (     1      0)     0.000 ( 14566      0)
"i_i:ice_HU2DR8_init"                                         -      16384    16384 6.553600e+04   1.901123e-02     0.000 ( 11875      0)     0.000 ( 10247      0)
"i_i:state_bound_h1"                                          -      16384    16384 1.638400e+04   2.296077e+00     0.002 (  4559      0)     0.000 (  6042      0)
"i_i:ice_HaloUpdate3DR8"                                      -      16384    16384 8.192000e+04   2.420000e+00     0.002 (  4559      0)     0.000 (  6042      0)
"i_i:ice_HU3DR8_init"                                         -      16384    16384 8.192000e+04   1.797563e-02     0.000 ( 11483      0)     0.000 ( 12134      0)
"i_i:ice_HU3DR8_recvall"                                      -      16384    16384 8.192000e+04   1.998575e+00     0.002 (  4559      0)     0.000 (  4658      0)
"i_i:state_bound_hm"                                          -      16384    16384 1.638400e+04   6.090234e-02     0.000 (  4929      0)     0.000 (  4587      0)
"i_i:state_bound_hc"                                          -      16384    16384 1.638400e+04   1.439301e-02     0.000 ( 13387      0)     0.000 (  1803      0)
"i_i:state_bound_h2"                                          -      16384    16384 1.638400e+04   3.851317e-01     0.001 ( 14998      0)     0.000 (  7402      0)
"i_i:ice_HaloUpdate4DR8"                                      -      16384    16384 1.638400e+04   1.518424e-01     0.001 ( 14998      0)     0.000 ( 11201      0)
"i_i:ice_HU4DR8_init"                                         -      16384    16384 1.638400e+04   2.733174e-02     0.000 ( 13629      0)     0.000 ( 15227      0)
"i_i:ice_HU4DR8_recvall"                                      -      16384    16384 1.638400e+04   4.322314e-02     0.001 ( 14998      0)     0.000 (   580      0)
"i_i:state_bound_hd"                                          -      16384    16384 1.638400e+04   5.333605e-03     0.000 (  4202      0)     0.000 ( 11156      0)
"i_i:cice_mct_init"                                           -      16384    16384 1.638400e+04   4.729101e+05    28.865 ( 13261      0)    28.863 (  4565      0)
"i_i:PIO:initdecomp"                                          -      16384    16384 4.915200e+04   4.577025e+03     0.280 (  6485      0)     0.275 (     0      0)
"i_i:PIO:PIOc_initdecomp"                                     -      16384    16384 4.915200e+04   4.576913e+03     0.280 (  6485      0)     0.275 (     0      0)
"i_i:PIO:box_rearrange_create"                                -      16384    16384 4.915200e+04   4.421096e+03     0.270 ( 13216      0)     0.269 ( 16341      0)
"i_i:PIO:pio_swapm"                                           -      16384    16384 1.474560e+05   4.328419e+03     0.265 (  6080      0)     0.263 ( 16379      0)
"CPL:comp_init_cc_glc"                                        -      16384    16384 1.638400e+04   9.743717e+00     0.001 ( 15913      0)     0.000 (  4887      0)
"g_i:comp_init"                                               -      16384    16384 1.638400e+04   1.350820e-02     0.000 ( 13891      0)     0.000 (  2992      0)
"CPL:comp_init_cc_wav"                                        -      16384    16384 1.638400e+04   8.505060e+00     0.001 (  8668      0)     0.000 (  5455      0)
"w_i:comp_init"                                               -      16384    16384 1.638400e+04   7.015389e-03     0.000 (  3734      0)     0.000 (   336      0)
"CPL:comp_init_cc_esp"                                        -      16384    16384 1.638400e+04   7.557874e+00     0.001 ( 13755      0)     0.000 (  2663      0)
"e_i:comp_init"                                               -      16384    16384 1.638400e+04   6.737373e-03     0.000 (  2624      0)     0.000 (  1944      0)
"CPL:comp_init_cc_iac"                                        -      16384    16384 1.638400e+04   7.838623e+00     0.001 ( 11365      0)     0.000 (  3901      0)
"z_i:comp_init"                                               -      16384    16384 1.638400e+04   6.603646e-03     0.000 (  1224      0)     0.000 (    24      0)
"CPL:comp_init_cx_all"                                        -      16384    16384 1.638400e+04   4.383881e+03     0.268 (   525      0)     0.267 ( 11365      0)
"CPL:comp_list_all"                                           -      16384    16384 1.638400e+04   8.650438e-01     0.002 (  5441      0)     0.000 (   617      0)
"CPL:init_maps"                                               -      16384    16384 1.638400e+04   5.082819e+02     0.038 (  7559      0)     0.030 ( 15068      0)
"CPL:init_aream"                                              -      16384    16384 1.638400e+04   1.304140e+01     0.008 (  7571      0)     0.000 ( 16383      0)
"CPL:init_domain_check"                                       -      16384    16384 1.638400e+04   4.872633e+02     0.031 (  6746      0)     0.023 (  7571      0)
"CPL:init_areacor"                                            -      16384    16384 1.638400e+04   1.173697e+02     0.007 ( 14872      0)     0.007 ( 12241      0)
"CPL:init_fracs"                                              -      16384    16384 1.638400e+04   1.799703e+01     0.003 (  8463      0)     0.001 ( 12669      0)
"CPL:init_aoflux"                                             -      16384    16384 1.638400e+04   9.847531e-01     0.000 ( 13622      0)     0.000 (  8613      0)
"CPL:init_atminit"                                            -      16384    16384 9.830400e+04   4.985685e+01     0.006 ( 15467      0)     0.001 ( 11216      0)
"CPL:comp_init_cc_atm2"                                       -      16384    16384 1.638400e+04   8.301633e+01     0.008 ( 16080      0)     0.002 (  2552      0)
"CPL:init_readrestart"                                        -      16384    16384 1.638400e+04   9.610149e-01     0.000 (  8377      0)     0.000 ( 13920      0)
"CPL:cime_run_init"                                           -      16384    16384 1.638400e+04   2.290185e+00     0.003 (     0      0)     0.000 (  5871      0)
"CPL:INIT_sync1_tprf"                                         -      16384    16384 1.638400e+04   5.140296e+01     0.004 (  6003      0)     0.000 (     0      0)
"CPL:INIT_t_prf"                                              -      16384    16384 1.638400e+04   4.616476e+00     0.269 (     0      0)     0.000 (  6731      0)
"CPL:INIT_sync2_tprf"                                         -      16384    16384 1.638400e+04   4.400481e+03     0.269 (  2171      0)     0.000 (     0      0)
"CPL:RUN_LOOP_BSTART"                                         -      16384    16384 1.638400e+04   5.895490e+00     0.001 (   926      0)     0.000 (  2170      0)
"CPL:RUN_LOOP"                                                -      16384    16384 7.077888e+06   4.207301e+06   256.795 ( 11631      0)   256.793 ( 15183      0)
"CPL:CLOCK_ADVANCE"                                           -      16384    16384 7.077888e+06   4.737556e+02     0.047 (     2      0)     0.028 (  7533      0)
"CPL:RUN"                                                     -      16384    16384 8.491827e+07   8.352447e+04     7.606 (  2696      0)     2.010 (  9928      0)
"CPL:OCNPRE1"                                                 -      16384    16384 7.077888e+06   4.768366e+03     2.576 (  2696      0)     0.147 (  6453      0)
"CPL:ocnpre1_atm2ocn"                                         -      16384    16384 7.077888e+06   4.761262e+03     2.576 (  2696      0)     0.147 (  6453      0)
"CPL:LNDPREP"                                                 -      16384    16384 7.077888e+06   1.077368e+03     0.104 ( 15767      0)     0.041 (  8919      0)
"CPL:lndprep_atm2lnd"                                         -      16384    16384 7.077888e+06   8.825069e+02     0.092 ( 15762      0)     0.034 (  7943      0)
"CPL:lndprep_mrgx2l"                                          -      16384    16384 7.077888e+06   1.832155e+02     0.040 ( 13570      0)     0.002 (  7146      0)
"CPL:COMM"                                                    -      16384    16384 4.952883e+07   1.706561e+05    20.422 (  8897      0)     2.962 (  2008      0)
"CPL:C2L"                                                     -      16384    16384 7.077888e+06   2.652008e+03     0.191 ( 13145      0)     0.122 (  4120      0)
"CPL:c2l_lndx2lndl"                                           -      16384    16384 7.077888e+06   1.651654e+03     0.129 (  7304      0)     0.073 ( 15767      0)
"CPL:c2l_infoexch"                                            -      16384    16384 7.077888e+06   9.907037e+02     0.081 ( 11646      0)     0.027 (     4      0)
"CPL:ICEPREP"                                                 -      16384    16384 7.077888e+06   1.272529e+03     0.113 ( 13571      0)     0.073 ( 11498      0)
"CPL:iceprep_ocn2ice"                                         -      16384    16384 7.077888e+06   1.351171e+02     0.010 ( 13072      0)     0.007 ( 16334      0)
"CPL:iceprep_atm2ice"                                         -      16384    16384 7.077888e+06   2.756435e+02     0.022 ( 15592      0)     0.015 ( 11798      0)
"CPL:iceprep_mrgx2i"                                          -      16384    16384 7.077888e+06   8.324862e+02     0.086 ( 13571      0)     0.047 (   577      0)
"CPL:C2I"                                                     -      16384    16384 7.077888e+06   8.189034e+02     0.074 ( 11279      0)     0.038 ( 16183      0)
"CPL:c2i_icex2icei"                                           -      16384    16384 7.077888e+06   2.892860e+02     0.023 (  9120      0)     0.015 ( 16183      0)
"CPL:ice_infoexch"                                            -      16384    16384 7.077888e+06   5.183963e+02     0.056 ( 11279      0)     0.022 (  5461      0)
"CPL:ICE_RUN"                                                 -      16384    16384 7.077888e+06   3.963309e+04     3.591 ( 13081      0)     2.241 ( 15730      0)
"i:cice_run_total"                                            -      16384    16384 7.077888e+06   3.848400e+04     3.523 ( 13081      0)     2.140 ( 15730      0)
"i:cice_run_import"                                           -      16384    16384 7.077888e+06   1.714067e+03     0.125 (   353      0)     0.097 ( 10220      0)
"i:cice_imp_ocn"                                              -      16384    16384 7.077888e+06   3.272285e+02     0.021 (  4078      0)     0.019 (  6824      0)
"i:cice_imp_atm"                                              -      16384    16384 7.077888e+06   3.867124e+02     0.025 ( 14594      0)     0.023 (  7676      0)
"i:cice_run_initmd"                                           -      16384    16384 7.077888e+06   1.738592e+04     1.094 (     8      0)     0.995 ( 15732      0)
"i:cice_run_presc"                                            -      16384    16384 7.077888e+06   6.632736e+03     0.414 ( 10391      0)     0.387 ( 12345      0)
"i:cice_pice_strd_adv_total"                                  -      16384    16384 7.077888e+06   5.396150e+03     0.331 ( 13733      0)     0.324 ( 15237      0)
"i:cice_pice_strd_adv_readLBUB"                               -      16384    16384 7.077888e+06   5.244059e+03     0.322 ( 14556      0)     0.319 (    61      0)
"i:cice_pice_readLBUB_setup"                                  -      16384    16384 7.077888e+06   2.061234e+00     0.000 (  7065      0)     0.000 ( 14738      0)
"i:cice_pice_readLBUB_fbound"                                 -      16384    16384 3.276800e+04   1.426683e-01     0.138 (     0      0)     0.000 (   396      0)
"i:cice_pice_readLBUB_bcast"                                  -      16384    16384 3.276800e+04   2.272596e+03     0.139 (  4913      0)     0.000 (     0      0)
"i:cice_pice_readLBUB_LB_setup"                               -      16384    16384 1.638400e+04   5.820849e-03     0.000 (     0      0)     0.000 ( 15748      0)
"i:cice_pice_readLBUB_LB_readpio"                             -      16384    16384 1.638400e+04   2.635648e+03     0.162 (  9936      0)     0.160 (   210      0)
"i:PIO:openfile"                                              -      16384    16384 1.638400e+04   2.453631e+03     0.153 (  6747      0)     0.149 (  5435      0)
"i:PIO:pio_inq_varid_file_vdesc"                              -      16384    16384 9.830400e+04   4.781280e+00     0.001 (  9166      0)     0.000 (  1447      0)
"i:PIO:pio_inq_varid_file_vid"                                -      16384    16384 9.830400e+04   4.740253e+00     0.001 (  9166      0)     0.000 (  1447      0)
"i:PIO:pio_inq_varndims_file_vdesc"                           -      16384    16384 4.915200e+04   2.941253e+00     0.001 (  4563      0)     0.000 ( 13431      0)
"i:PIO:pio_inq_varndims_file_vid"                             -      16384    16384 4.915200e+04   2.918316e+00     0.001 (  4563      0)     0.000 ( 13431      0)
"i:PIO:pio_inq_vardimid_file_vdesc"                           -      16384    16384 4.915200e+04   7.358366e+00     0.001 (  5830      0)     0.000 ( 13886      0)
"i:PIO:pio_inq_vardimid_file_vid"                             -      16384    16384 4.915200e+04   7.331435e+00     0.001 (  5830      0)     0.000 ( 13886      0)
"i:PIO:pio_inq_dimlen_file_dimid"                             -      16384    16384 1.474560e+05   4.227076e+00     0.001 (  8903      0)     0.000 (  6643      0)
"i:PIO:pio_inq_dimlen_file_dimid_offlen"                      -      16384    16384 1.474560e+05   4.180752e+00     0.001 (  8903      0)     0.000 (  6643      0)
"i:PIO:pio_inq_vartype_file_vdesc"                            -      16384    16384 4.915200e+04   3.340025e+00     0.001 (  1879      0)     0.000 ( 15662      0)
"i:PIO:pio_inq_vartype_file_vid"                              -      16384    16384 4.915200e+04   3.319539e+00     0.001 (  1879      0)     0.000 ( 15662      0)
"i:PIO:read_darray_1d_real"                                   -      16384    16384 4.915200e+04   4.615558e+02     0.031 ( 14566      0)     0.025 (  7150      0)
"i:PIO:PIOc_read_darray"                                      -      16384    16384 4.915200e+04   4.614161e+02     0.031 ( 14566      0)     0.025 (  7150      0)
"i:PIO:read_darray_nc"                                        -      16384    16384 4.915200e+04   5.265155e+01     0.030 ( 10240      0)     0.000 ( 16370      0)
"i:PIO:rearrange_io2comp"                                     -      16384    16384 4.915200e+04   4.002883e+02     0.030 ( 14566      0)     0.000 (  1544      0)
"i:PIO:pio_swapm"                                             -      16384    16384 4.915200e+04   3.992189e+02     0.030 ( 14564      0)     0.000 (  1544      0)
"i:cice_pice_readLBUB_UB_setup"                               -      16384    16384 3.276800e+04   1.134196e-02     0.000 (     0      0)     0.000 ( 11545      0)
"i:cice_pice_readLBUB_UB_readpio"                             -      16384    16384 3.276800e+04   3.163467e+02     0.022 (  6144      0)     0.018 (  2746      0)
"i:cice_pice_readLBUB_filemgt"                                -      16384    16384 7.077888e+06   9.630528e-01     0.000 (  3123      0)     0.000 (     0      0)
"i:cice_pice_strd_adv_map"                                    -      16384    16384 3.276800e+04   6.605932e+01     0.006 (  2710      0)     0.000 (  1964      0)
"i:cice_pice_strd_adv_tint"                                   -      16384    16384 7.077888e+06   6.983905e+01     0.005 ( 12480      0)     0.004 (  8737      0)
"i:cice_run_initflux"                                         -      16384    16384 7.077888e+06   1.401039e+02     0.016 (  7285      0)     0.006 (  9451      0)
"i:cice_run_prepradiation"                                    -      16384    16384 7.077888e+06   4.681168e+01     0.008 ( 15246      0)     0.002 ( 16323      0)
"i:cice_run_therm1"                                           -      16384    16384 7.077888e+06   1.975545e+03     0.808 ( 13054      0)     0.077 ( 11450      0)
"i:cice_run_dyn"                                              -      16384    16384 7.077888e+06   3.575247e-01     0.000 ( 15921      0)     0.000 ( 10464      0)
"i:cice_run_radiation"                                        -      16384    16384 7.077888e+06   1.537139e+03     0.884 ( 13225      0)     0.044 ( 15250      0)
"i:cice_step_radiationib"                                     -      16384    16384 7.077888e+06   1.441130e+03     0.879 ( 13225      0)     0.038 ( 15226      0)
"i:cice_step_rib_swdedd1"                                     -      16384    16384 7.077888e+06   2.387347e+02     0.021 ( 11337      0)     0.003 ( 15477      0)
"i:cice_step_rib_swdedd2"                                     -      16384    16384 7.077888e+06   2.625169e+01     0.004 ( 11686      0)     0.001 ( 11003      0)
"i:cice_step_rib_swdedd7"                                     -      16384    16384 7.077888e+06   1.128898e+03     0.852 ( 13225      0)     0.031 ( 11541      0)
"i:cice_run_couplingprep"                                     -      16384    16384 7.077888e+06   1.789992e+03     1.368 ( 13130      0)     0.036 ( 15073      0)
"i:ice_HaloUpdate2DR8"                                        -      16384    16384 7.077888e+06   1.168247e+03     1.333 ( 13138      0)     0.003 ( 12394      0)
"i:ice_HU2DR8_init"                                           -      16384    16384 7.077888e+06   1.692637e+00     0.000 (  1351      0)     0.000 ( 11893      0)
"i:cice_run_diag"                                             -      16384    16384 7.077888e+06   5.804370e+03     0.361 (   483      0)     0.302 ( 13081      0)
"i:cice_run_hist"                                             -      16384    16384 7.077888e+06   8.111757e+02     0.064 (  4236      0)     0.038 ( 10830      0)
"i:cice_run_accum"                                            -      16384    16384 7.077888e+06   2.598925e+01     0.002 ( 11791      0)     0.001 ( 10362      0)
"i:cice_run_export"                                           -      16384    16384 7.077888e+06   5.214600e+02     0.040 ( 13057      0)     0.030 (  8867      0)
"CPL:LND_RUN"                                                 -      16384    16384 7.077888e+06   3.437579e+05    26.122 (  2607      0)    16.653 ( 16139      0)
"l:lc_lnd_import"                                             -      16384    16384 7.077888e+06   4.934770e+02     0.035 (  3672      0)     0.026 ( 11595      0)
"l:elm_run"                                                   -      16384    16384 7.094272e+06   3.423981e+05    26.041 (  2607      0)    16.570 ( 16139      0)
"l:shr_orb_decl"                                              -      16384    16384 7.094272e+06   6.895713e+00     0.001 ( 16063      0)     0.000 ( 10814      0)
"l:decomp_vert"                                               -      16384    16384 7.094272e+06   4.041094e+01     0.004 (  4225      0)     0.002 (  8719      0)
"l:beggridwbal"                                               -      16384    16384 7.094272e+06   1.597816e+03     0.131 ( 16200      0)     0.078 ( 11651      0)
"l:cnpinit"                                                   -      16384    16384 7.094272e+06   2.673068e+00     0.000 (  1818      0)     0.000 (  8919      0)
"l:cnpvegsumm"                                                -      16384    16384 7.094272e+06   2.989241e-01     0.000 (  7149      0)     0.000 (  8955      0)
"l:dyn_subgrid"                                               -      16384    16384 7.094272e+06   1.294047e+04     0.944 ( 16200      0)     0.686 (  9177      0)
"l:begwbal"                                                   -      16384    16384 7.094272e+06   3.022054e+02     0.032 ( 16200      0)     0.012 (  9177      0)
"l:begcnpbal"                                                 -      16384    16384 7.094272e+06   5.503693e-01     0.000 (  1509      0)     0.000 ( 10714      0)
"l:drvinit"                                                   -      16384    16384 7.094272e+06   7.709959e+02     0.062 (  6354      0)     0.041 ( 15873      0)
"l:canhydro"                                                  -      16384    16384 7.094272e+06   1.838056e+03     0.153 (  1745      0)     0.078 (  8833      0)
"l:surfrad"                                                   -      16384    16384 7.094272e+06   3.294150e+03     0.273 ( 11591      0)     0.158 ( 12709      0)
"l:bgp1"                                                      -      16384    16384 7.094272e+06   2.143572e+03     0.208 ( 16200      0)     0.088 (  9177      0)
"l:bgflux"                                                    -      16384    16384 7.094272e+06   3.025800e+03     0.259 (  3189      0)     0.117 ( 11450      0)
"l:canflux"                                                   -      16384    16384 7.094272e+06   1.315561e+05    12.707 (  2607      0)     4.600 (  8269      0)
"l:can_iter"                                                  -      16384    16384 7.094272e+06   1.127955e+05    11.156 (  2607      0)     3.759 (  8269      0)
"l:uflux"                                                     -      16384    16384 7.094272e+06   1.391963e+03     0.263 ( 16200      0)     0.008 (  7962      0)
"l:bgplake"                                                   -      16384    16384 7.094272e+06   8.490309e+03     0.804 (   498      0)     0.300 (  8824      0)
"l:bgc"                                                       -      16384    16384 7.094272e+06   5.532954e+03     0.445 (  2493      0)     0.258 (  8268      0)
"l:soiltemperature"                                           -      16384    16384 7.094272e+06   3.298107e+04     2.735 ( 16200      0)     1.581 (  9123      0)
"l:SoilThermProp"                                             -      16384    16384 7.094272e+06   3.697888e+03     0.346 ( 16200      0)     0.158 ( 11489      0)
"l:SoilTempBandDiag"                                          -      16384    16384 1.418854e+07   7.960000e+03     0.780 ( 16200      0)     0.348 (   464      0)
"l:PhaseChangeH2osfc"                                         -      16384    16384 7.094272e+06   3.228976e+01     0.004 (  6019      0)     0.001 ( 12391      0)
"l:PhaseChangebeta"                                           -      16384    16384 7.094272e+06   1.588857e+03     0.167 ( 16200      0)     0.052 ( 13122      0)
"l:bgp2"                                                      -      16384    16384 7.094272e+06   3.512435e+03     0.294 (  2493      0)     0.154 (  9179      0)
"l:bgp2_loop_1"                                               -      16384    16384 7.094272e+06   4.542019e+02     0.042 ( 16200      0)     0.020 (  9177      0)
"l:bgp2_loop_2"                                               -      16384    16384 7.094272e+06   8.554253e+02     0.083 (   115      0)     0.038 (  9179      0)
"l:bgp2_loop_3"                                               -      16384    16384 7.094272e+06   1.774986e+03     0.152 (  2493      0)     0.074 ( 16139      0)
"l:bgp2_loop_4"                                               -      16384    16384 7.094272e+06   4.017708e+02     0.033 ( 15117      0)     0.018 (  8268      0)
"l:patch2col"                                                 -      16384    16384 7.094272e+06   1.794483e+03     0.155 ( 16200      0)     0.080 ( 10723      0)
"l:hydro without drainage"                                    -      16384    16384 7.094272e+06   1.591177e+04     1.370 ( 16200      0)     0.764 ( 10723      0)
"l:hylake"                                                    -      16384    16384 7.094272e+06   1.194985e+03     0.190 (  5067      0)     0.056 ( 10293      0)
"l:snow_init"                                                 -      16384    16384 7.094272e+06   1.687478e+02     0.029 (  3160      0)     0.004 ( 15613      0)
"l:ecosysdyn"                                                 -      16384    16384 7.094272e+06   4.570138e+02     0.042 ( 15195      0)     0.020 (  9176      0)
"l:depvel"                                                    -      16384    16384 1.418854e+07   1.141537e+01     0.001 (  2551      0)     0.000 ( 11807      0)
"l:hydro2 drainage"                                           -      16384    16384 7.094272e+06   1.530294e+03     0.151 (  4734      0)     0.067 ( 11090      0)
"l:balchk"                                                    -      16384    16384 7.094272e+06   1.530969e+03     0.110 (  1426      0)     0.081 (  5689      0)
"l:gridbalchk"                                                -      16384    16384 7.094272e+06   1.373049e+03     0.100 ( 16200      0)     0.071 ( 15873      0)
"l:lnd2atm"                                                   -      16384    16384 7.094272e+06   1.017540e+04     0.742 ( 16200      0)     0.537 (  9176      0)
"l:wrtdiag"                                                   -      16384    16384 7.094272e+06   1.185712e+02     0.013 (     0      0)     0.006 (  8574      0)
"l:hbuf"                                                      -      16384    16384 7.094272e+06   3.626092e+04     2.549 (  2493      0)     1.952 (  9179      0)
"l:elm_drv_io"                                                -      16384    16384 7.094272e+06   2.079457e+01     0.002 ( 12362      0)     0.001 ( 11106      0)
"l:elm_drv_io_htapes"                                         -      16384    16384 7.094272e+06   1.678266e+01     0.002 ( 12362      0)     0.001 (  9549      0)
"l:lc_lnd_export"                                             -      16384    16384 7.094272e+06   2.010899e+02     0.014 ( 13533      0)     0.012 (  9858      0)
"l:lc_elm2_adv_timestep"                                      -      16384    16384 7.094272e+06   4.326467e+00     0.001 (  5441      0)     0.000 (  1515      0)
"l:accum"                                                     -      16384    16384 7.077888e+06   4.409216e+03     0.376 (   830      0)     0.249 (   132      0)
"CPL:ATMOCNP"                                                 -      16384    16384 7.077888e+06   5.060350e+03     0.442 (     6      0)     0.055 ( 10750      0)
"CPL:atmocnp_fluxo"                                           -      16384    16384 7.077888e+06   4.286252e+03     0.395 (     6      0)     0.009 (  2177      0)
"CPL:atmocnp_ocnalb"                                          -      16384    16384 7.077888e+06   7.614883e+02     0.071 (  5369      0)     0.033 (  9190      0)
"CPL:L2C"                                                     -      16384    16384 7.077888e+06   1.513181e+04     4.537 (  2318      0)     0.060 (  3997      0)
"CPL:l2c_lndl2lndx"                                           -      16384    16384 7.077888e+06   1.511785e+04     4.537 (  2318      0)     0.059 (  3997      0)
"lnd2cpl_run"                                                 -      16384    16384 7.077888e+06   4.447251e+00     0.001 (  3382      0)     0.000 (  1723      0)
"CPL:LNDPOST"                                                 -      16384    16384 7.077888e+06   1.196878e+00     0.000 (   191      0)     0.000 (  4796      0)
"CPL:I2C"                                                     -      16384    16384 7.077888e+06   3.155439e+02     0.026 (  2789      0)     0.017 (  7224      0)
"CPL:i2c_icei2icex"                                           -      16384    16384 7.077888e+06   2.992422e+02     0.025 (  2789      0)     0.016 (  7224      0)
"CPL:i2c_infoexch"                                            -      16384    16384 7.077888e+06   4.405942e+00     0.001 (  3391      0)     0.000 (  1997      0)
"CPL:ICEPOST"                                                 -      16384    16384 7.077888e+06   7.736603e-01     0.000 ( 11043      0)     0.000 (  4689      0)
"CPL:FRACSET"                                                 -      16384    16384 7.077888e+06   1.225715e+04     4.295 (  2305      0)     0.060 (  6453      0)
"CPL:fracset_fracset"                                         -      16384    16384 7.077888e+06   1.225374e+04     4.295 (  2305      0)     0.059 (  6453      0)
"CPL:ATMPREP"                                                 -      16384    16384 7.077888e+06   5.903698e+04     5.871 (  7894      0)     1.025 ( 16075      0)
"CPL:atmprep_xao2atm"                                         -      16384    16384 7.077888e+06   1.711772e+04     3.755 (  9008      0)     0.116 ( 11504      0)
"CPL:atmprep_ocn2atm"                                         -      16384    16384 7.077888e+06   9.703874e+03     2.336 ( 13376      0)     0.103 ( 11504      0)
"CPL:atmprep_alb2atm"                                         -      16384    16384 7.077888e+06   3.456633e+03     1.653 (  1149      0)     0.044 ( 11216      0)
"CPL:atmprep_ice2atm"                                         -      16384    16384 7.077888e+06   7.191292e+03     1.794 (  1155      0)     0.125 ( 11504      0)
"CPL:atmprep_lnd2atm"                                         -      16384    16384 7.077888e+06   1.977120e+04     4.357 (  4880      0)     0.096 (  4210      0)
"CPL:atmprep_mrgx2a"                                          -      16384    16384 7.077888e+06   1.759992e+03     0.216 (  5510      0)     0.082 (  1255      0)
"CPL:C2A"                                                     -      16384    16384 7.077888e+06   1.501424e+04     3.739 ( 11021      0)     0.214 ( 15104      0)
"CPL:c2a_atmx2atmg"                                           -      16384    16384 7.077888e+06   1.151127e+04     3.551 ( 11021      0)     0.057 (  3091      0)
"CPL:c2a_infoexch"                                            -      16384    16384 7.077888e+06   3.493385e+03     1.976 ( 11084      0)     0.039 (  5745      0)
"CPL:ATM_RUN"                                                 -      16384    16384 7.077888e+06   3.550666e+06   222.374 (  3004      0)   210.855 (  7670      0)
"a:EAMxx::run"                                                -      16384    16384 7.077888e+06   3.549634e+06   222.312 (  3004      0)   210.794 (  7670      0)
"a:EAMxx::EAMxx::run"                                         -      16384    16384 7.077888e+06   3.549009e+06   222.273 (  3004      0)   210.754 (  7670      0)
"a:EAMxx::EAMxx::run-precondition-checks"                     -      16384    16384 7.077888e+06   2.858106e+00     0.001 (  8146      0)     0.000 ( 14371      0)
"a:EAMxx::SurfaceCouplingImporter::run"                       -      16384    16384 7.077888e+06   8.136218e+03     0.612 ( 13484      0)     0.447 (  2593      0)
"a:EAMxx::SurfaceCouplingImporter::run-precondition-checks"   -      16384    16384 7.077888e+06   1.316157e+00     0.000 ( 15281      0)     0.000 ( 15757      0)
"a:EAMxx::SurfaceCouplingImporter::run-postcondition-checks"  -      16384    16384 7.077888e+06   7.168845e+03     0.546 (  3266      0)     0.390 ( 10793      0)
"a:EAMxx::homme::run"                                         -      16384    16384 7.077888e+06   3.172936e+06   193.891 (    31      0)   193.431 ( 15529      0)
"a:EAMxx::homme::run-precondition-checks"                     -      16384    16384 7.077888e+06   1.800587e+00     0.000 (   769      0)     0.000 ( 15306      0)
"a:tl-sc prim_run_subcycle_c"                                 -      16384    16384 1.415578e+07   3.113142e+06   190.205 (   292      0)   189.812 ( 14509      0)
"a:tl-s prim_step_flexible"                                   -      16384    16384 1.415578e+07   3.113083e+06   190.201 (   292      0)   189.809 ( 14509      0)
"a:ApplyCAMForcing_tracers"                                   -      16384    16384 7.077888e+06   4.809832e+03     0.386 (  6774      0)     0.228 ( 15699      0)
"a:tl-s deep_copy+derived_dp"                                 -      16384    16384 1.415578e+07   1.414677e+03     0.111 (  5346      0)     0.079 ( 16080      0)
"a:ApplyCAMForcing_dynamics"                                  -      16384    16384 4.246733e+07   6.376006e+03     0.410 ( 14538      0)     0.358 ( 15577      0)
"a:tl-ae prim_advance_exp"                                    -      16384    16384 8.493466e+07   2.463296e+06   153.478 (  5400      0)   148.437 ( 10919      0)
"a:ttype9_imex_timestep"                                      -      16384    16384 8.493466e+07   2.112739e+06   132.084 ( 14577      0)   126.730 ( 15666      0)
"a:caar compute"                                              -      16384    16384 8.493466e+08   7.750640e+05    48.311 (  2264      0)    46.008 ( 15625      0)
"a:caar_bexchV"                                               -      16384    16384 4.246733e+08   3.424473e+05    25.351 ( 11809      0)    17.790 ( 13440      0)
"a:caar limiter"                                              -      16384    16384 5.096079e+08   2.842119e+04     1.929 (   214      0)     1.667 ( 10809      0)
"a:compute_stage_value_dirk"                                  -      16384    16384 4.246733e+08   9.491611e+05    61.925 ( 13440      0)    55.891 ( 15541      0)
"a:tl-ae advance_hypervis_dp"                                 -      16384    16384 8.493466e+07   3.469912e+05    24.138 (  5395      0)    19.769 ( 14082      0)
"a:hvf-bhwk"                                                  -      16384    16384 8.493466e+07   1.873522e+05    13.209 (  5139      0)    10.732 ( 13440      0)
"a:hvf-bexch"                                                 -      16384    16384 2.548040e+08   1.424680e+05    11.831 (  5395      0)     7.129 (  1754      0)
"a:tl-sc vertical_remap"                                      -      16384    16384 4.246733e+07   1.842877e+05    11.881 (  4376      0)    10.372 ( 14207      0)
"a:Remap Thickness Functor"                                   -      16384    16384 4.246733e+07   8.080411e+03     0.630 (  8514      0)     0.399 ( 14207      0)
"a:Remap Scale States Functor"                                -      16384    16384 4.246733e+07   2.255499e+03     0.155 ( 10538      0)     0.131 ( 15577      0)
"a:Remap Compute Grids Functor"                               -      16384    16384 4.246733e+07   1.554687e+04     0.984 (  9175      0)     0.852 ( 16142      0)
"a:Remap Compute Remap Functor"                               -      16384    16384 4.246733e+07   1.353482e+05     8.779 (  8800      0)     7.530 ( 14207      0)
"a:Remap Rescale States Functor"                              -      16384    16384 4.246733e+07   2.374707e+03     0.159 ( 13516      0)     0.138 ( 16137      0)
"a:tl-at prim_advec_tracers_compose"                          -      16384    16384 1.415578e+07   4.249585e+05    27.602 ( 13151      0)    22.993 ( 14581      0)
"a:compose_transport"                                         -      16384    16384 1.415578e+07   4.248363e+05    27.595 ( 13151      0)    22.986 ( 14581      0)
"a:compose_calc_trajectory"                                   -      16384    16384 1.415578e+07   4.087719e+04     3.937 ( 10507      0)     2.088 ( 12473      0)
"a:compose_3d_levels"                                         -      16384    16384 1.415578e+07   2.281414e+04     1.563 (  1499      0)     1.254 ( 14206      0)
"a:compose_v_bexchv"                                          -      16384    16384 1.415578e+07   1.650921e+04     2.539 ( 10507      0)     0.661 ( 12473      0)
"a:compose_v2x"                                               -      16384    16384 1.415578e+07   1.507438e+03     0.098 (   210      0)     0.088 ( 15600      0)
"a:compose_isl"                                               -      16384    16384 1.415578e+07   5.632799e+04     5.378 (  1024      0)     2.755 ( 10945      0)
"a:compose_hypervis_scalar"                                   -      16384    16384 1.415578e+07   9.775655e+04     9.027 (  9438      0)     4.443 ( 11842      0)
"a:compose_cedr_global"                                       -      16384    16384 1.415578e+07   1.869246e+05    13.595 (  1761      0)     9.032 ( 14576      0)
"a:repro_sum_int"                                             -      16384    16384 1.415578e+07   1.531508e+05    11.552 (  1662      0)     6.962 (  5474      0)
"a:compose_cedr_local"                                        -      16384    16384 1.415578e+07   2.285517e+04     1.542 ( 12216      0)     1.183 ( 14698      0)
"a:compose_dss_q"                                             -      16384    16384 1.415578e+07   2.002272e+04     1.868 ( 14720      0)     1.060 ( 14150      0)
"a:compose_vertical_remap"                                    -      16384    16384 1.415578e+07   2.748684e+04     1.758 (  8960      0)     1.556 ( 10809      0)
"a:EAMxx::homme::run-postcondition-checks"                    -      16384    16384 7.077888e+06   9.464744e+03     0.610 ( 11522      0)     0.562 ( 10857      0)
"a:EAMxx::physics::run"                                       -      16384    16384 7.077888e+06   3.653796e+05    27.988 (  3004      0)    16.469 (  8865      0)
"a:EAMxx::physics::run-precondition-checks"                   -      16384    16384 7.077888e+06   2.065708e+00     0.000 (  4408      0)     0.000 (  8265      0)
"a:EAMxx::mac_aero_mic::run"                                  -      16384    16384 7.077888e+06   1.007938e+05     7.882 (  5554      0)     4.465 ( 10041      0)
"a:EAMxx::mac_aero_mic::run-precondition-checks"              -      16384    16384 7.077888e+06   1.805125e+00     0.000 ( 11953      0)     0.000 ( 10198      0)
"a:EAMxx::tms::run"                                           -      16384    16384 7.077888e+06   1.479092e+03     0.181 (  1966      0)     0.054 (  4809      0)
"a:EAMxx::tms::run-precondition-checks"                       -      16384    16384 7.077888e+06   1.550548e+00     0.000 ( 14843      0)     0.000 ( 13012      0)
"a:EAMxx::tms::run-postcondition-checks"                      -      16384    16384 7.077888e+06   8.129405e+02     0.065 (  8124      0)     0.043 (  3561      0)
"a:EAMxx::shoc::run"                                          -      16384    16384 7.077888e+06   3.632925e+04     2.865 (   322      0)     1.847 ( 12655      0)
"a:EAMxx::shoc::run-precondition-checks"                      -      16384    16384 7.077888e+06   1.515783e+00     0.000 ( 14454      0)     0.000 (  3998      0)
"a:EAMxx::shoc::preprocess"                                   -      16384    16384 7.077888e+06   1.329405e+02     0.010 (  4950      0)     0.007 (  7827      0)
"a:EAMxx::shoc::shoc_main"                                    -      16384    16384 7.077888e+06   2.552611e+04     2.198 (   326      0)     1.203 ( 13199      0)
"a:EAMxx::shoc::postprocess"                                  -      16384    16384 7.077888e+06   4.495757e+02     0.031 ( 10455      0)     0.024 (  8848      0)
"a:EAMxx::shoc::run-postcondition-checks"                     -      16384    16384 7.077888e+06   8.771302e+03     0.573 (  4838      0)     0.517 (  3409      0)
"a:EAMxx::cld_fraction::run"                                  -      16384    16384 7.077888e+06   2.823453e+03     0.209 ( 13774      0)     0.164 (  7305      0)
"a:EAMxx::cld_fraction::run-precondition-checks"              -      16384    16384 7.077888e+06   2.113006e+00     0.000 ( 11723      0)     0.000 (  6757      0)
"a:EAMxx::cld_fraction::run-postcondition-checks"             -      16384    16384 7.077888e+06   2.476864e+03     0.163 (  1318      0)     0.145 ( 15625      0)
"a:EAMxx::spa::run"                                           -      16384    16384 7.077888e+06   1.794628e+04     1.615 ( 15078      0)     0.940 ( 13063      0)
"a:EAMxx::spa::run-precondition-checks"                       -      16384    16384 7.077888e+06   1.562349e+00     0.001 (   166      0)     0.000 (  5778      0)
"a:EAMxx::spa::run-postcondition-checks"                      -      16384    16384 7.077888e+06   7.594112e+03     0.485 (  6944      0)     0.428 (  7509      0)
"a:EAMxx::p3::run"                                            -      16384    16384 7.077888e+06   4.199507e+04     3.723 (  5554      0)     1.368 ( 10041      0)
"a:EAMxx::p3::run-precondition-checks"                        -      16384    16384 7.077888e+06   7.348124e+02     0.052 (  4838      0)     0.043 ( 11217      0)
"a:EAMxx::p3::run-postcondition-checks"                       -      16384    16384 7.077888e+06   1.166545e+04     0.762 (  7786      0)     0.688 (  1725      0)
"a:EAMxx::mac_aero_mic::run-postcondition-checks"             -      16384    16384 7.077888e+06   1.667439e+00     0.000 (  7761      0)     0.000 (  2976      0)
"a:EAMxx::rrtmgp::run"                                        -      16384    16384 7.077888e+06   2.643097e+05    20.492 (  3866      0)    11.760 (  8917      0)
"a:EAMxx::rrtmgp::run-precondition-checks"                    -      16384    16384 7.077888e+06   3.775390e+02     0.028 (     0      0)     0.022 (  4809      0)
"a:EAMxx::rrtmgp::run-postcondition-checks"                   -      16384    16384 7.077888e+06   1.371361e+04     3.148 (     4      0)     0.807 ( 14129      0)
"a:EAMxx::physics::run-postcondition-checks"                  -      16384    16384 7.077888e+06   1.364724e+00     0.000 (  3347      0)     0.000 (  7930      0)
"a:EAMxx::SurfaceCouplingExporter::run"                       -      16384    16384 7.077888e+06   2.187924e+03     0.239 (  5413      0)     0.126 (  4413      0)
"a:EAMxx::SurfaceCouplingExporter::run-precondition-checks"   -      16384    16384 7.077888e+06   2.198623e+00     0.001 ( 14177      0)     0.000 (  7148      0)
"a:EAMxx::SurfaceCouplingExporter::run-postcondition-checks"  -      16384    16384 7.077888e+06   1.826818e+00     0.000 ( 14044      0)     0.000 (  5474      0)
"a:EAMxx::EAMxx::run-postcondition-checks"                    -      16384    16384 7.077888e+06   1.151588e+00     0.004 ( 15316      0)     0.000 (  9690      0)
"a:EAMxx::IO::restart"                                        -      16384    16384 7.077888e+06   2.867309e+01     0.002 (  8425      0)     0.001 (  3237      0)
"a:EAMxx::IO::model_restart"                                  -      16384    16384 7.077888e+06   2.393010e+01     0.002 (  8425      0)     0.001 (  2397      0)
"a:EAMxx::IO::restart::get_new_file"                          -      16384    16384 7.077888e+06   8.489296e-01     0.000 ( 12482      0)     0.000 (  3652      0)
"a:EAMxx::IO::restart::run_output_streams"                    -      16384    16384 7.077888e+06   9.545594e+00     0.001 (  5348      0)     0.000 ( 11316      0)
"a:EAMxx::IO::standard"                                       -      16384    16384 7.077888e+06   1.465550e+01     0.001 (  8496      0)     0.001 (  8921      0)
"a:EAMxx::IO::nooutput.yaml"                                  -      16384    16384 7.077888e+06   1.024149e+01     0.001 (  4028      0)     0.000 (  8921      0)
"a:EAMxx::IO::standard::get_new_file"                         -      16384    16384 7.077888e+06   5.233897e-01     0.000 ( 10540      0)     0.000 (  8531      0)
"a:EAMxx::IO::standard::run_output_streams"                   -      16384    16384 7.077888e+06   7.883257e-01     0.000 (  6654      0)     0.000 ( 10897      0)
"CPL:A2C"                                                     -      16384    16384 7.077888e+06   1.069857e+05    12.701 (  7670      0)     1.376 (  3004      0)
"CPL:a2c_atma2atmx"                                           -      16384    16384 7.077888e+06   6.017353e+04    10.144 ( 11453      0)     0.080 (  2062      0)
"CPL:a2c_infoexch"                                            -      16384    16384 7.077888e+06   4.679783e+04     8.836 ( 10809      0)     0.013 (     0      0)
"CPL:ATMPOST"                                                 -      16384    16384 7.077888e+06   1.661226e+00     0.000 ( 12526      0)     0.000 (  4247      0)
"CPL:HISTORY"                                                 -      16384    16384 7.077888e+06   4.137217e+00     0.001 ( 12459      0)     0.000 ( 11696      0)
"CPL:cime_run_write_history"                                  -      16384    16384 7.077888e+06   1.360354e+00     0.000 ( 15945      0)     0.000 (  5497      0)
"CPL:TSTAMP_WRITE"                                            -      16384    16384 7.077888e+06   2.962410e+00     0.000 ( 15558      0)     0.000 ( 10831      0)
"CPL:TPROF_WRITE"                                             -      16384    16384 7.077888e+06   3.702801e-01     0.000 ( 15263      0)     0.000 (  7680      0)
"CPL:C2O_INITWAIT"                                            -      16384    16384 7.061504e+06   1.672362e+04     2.910 (  2193      0)     0.409 ( 15880      0)
"l:interpMonthlyVeg"                                          -      16384    16384 7.061504e+06   4.264472e+04     2.604 (  1608      0)     2.599 ( 11689      0)
"l:readMonthlyVeg"                                            -      16384    16384 1.638400e+04   4.263754e+04     2.604 (  3576      0)     2.598 ( 11689      0)
"l:PIO:openfile"                                              -      16384    16384 1.638400e+04   3.777801e+03     0.344 ( 14094      0)     0.136 ( 15585      0)
"l:PIO:pio_inq_varid_file_vdesc"                              -      16384    16384 1.310720e+05   2.680763e+01     0.004 ( 15077      0)     0.000 (  5712      0)
"l:PIO:pio_inq_varid_file_vid"                                -      16384    16384 1.310720e+05   2.675704e+01     0.004 ( 15077      0)     0.000 (  5712      0)
"l:PIO:pio_inq_varndims_file_vdesc"                           -      16384    16384 1.310720e+05   8.701090e+00     0.001 ( 14883      0)     0.000 (  5714      0)
"l:PIO:pio_inq_varndims_file_vid"                             -      16384    16384 1.310720e+05   8.658119e+00     0.001 ( 14882      0)     0.000 (  5714      0)
"l:PIO:pio_inq_vardimid_file_vdesc"                           -      16384    16384 1.310720e+05   1.904432e+01     0.002 (  1412      0)     0.001 (  1278      0)
"l:PIO:pio_inq_vardimid_file_vid"                             -      16384    16384 1.310720e+05   1.900145e+01     0.002 (  1412      0)     0.001 (  1278      0)
"l:PIO:pio_inq_dimname_file_dimid"                            -      16384    16384 1.114112e+06   5.117349e+01     0.004 ( 14161      0)     0.003 (  2716      0)
"l:PIO:pio_inq_dimlen_file_dimid"                             -      16384    16384 2.621440e+05   7.954591e+00     0.001 (  3003      0)     0.000 (  7794      0)
"l:PIO:pio_inq_dimlen_file_dimid_offlen"                      -      16384    16384 2.621440e+05   7.886046e+00     0.001 (  3003      0)     0.000 (  7794      0)
"l:PIO:pio_inquire_file"                                      -      16384    16384 4.915200e+05   1.492676e+01     0.002 ( 11858      0)     0.001 ( 13809      0)
"l:PIO:pio_inq_ndims_file"                                    -      16384    16384 4.915200e+05   1.479597e+01     0.002 ( 11858      0)     0.001 ( 13809      0)
"l:PIO:initdecomp"                                            -      16384    16384 1.638400e+04   2.434923e+03     0.149 (  9847      0)     0.148 ( 14304      0)
"l:PIO:PIOc_initdecomp"                                       -      16384    16384 1.638400e+04   2.434663e+03     0.149 (  9847      0)     0.148 ( 14304      0)
"l:PIO:box_rearrange_create"                                  -      16384    16384 1.638400e+04   2.409785e+03     0.147 ( 13781      0)     0.147 (  1917      0)
"l:PIO:pio_swapm"                                             -      16384    16384 1.802240e+05   3.406984e+04     2.218 (  5786      0)     0.273 ( 16312      0)
"l:PIO:read_darray_3d_double"                                 -      16384    16384 1.310720e+05   3.419695e+04     2.090 (  1872      0)     2.084 ( 15006      0)
"l:PIO:PIOc_read_darray"                                      -      16384    16384 1.310720e+05   3.419661e+04     2.090 (  1872      0)     2.084 ( 15006      0)
"l:PIO:read_darray_nc"                                        -      16384    16384 1.310720e+05   2.228357e+03     1.941 ( 16312      0)     0.000 (  3723      0)
"l:PIO:rearrange_io2comp"                                     -      16384    16384 1.310720e+05   3.193800e+04     2.087 (  5787      0)     0.143 ( 16312      0)
"l:PIO:closefile"                                             -      16384    16384 1.638400e+04   1.905359e+00     0.001 (  1432      0)     0.000 (  9137      0)
"l:PIO:PIOc_closefile"                                        -      16384    16384 1.638400e+04   1.885604e+00     0.001 (  1432      0)     0.000 (  9137      0)
"l:surfalb"                                                   -      16384    16384 7.061504e+06   1.382318e+04     1.080 (  2607      0)     0.709 ( 16225      0)
"l:urbsurfalb"                                                -      16384    16384 7.061504e+06   6.287520e+03     0.667 ( 10897      0)     0.305 (  3901      0)
"CPL:OCNT_RUN"                                                -      16384    16384 7.061504e+06   1.701907e+03     0.148 (     0      0)     0.089 (   917      0)
"o:DOCN_RUN"                                                  -      16384    16384 7.061504e+06   1.508594e+03     0.103 ( 16139      0)     0.077 (   917      0)
"o:docn_run1"                                                 -      16384    16384 7.061504e+06   5.323643e+00     0.001 (     1      0)     0.000 (  1256      0)
"o:docn"                                                      -      16384    16384 7.061504e+06   1.490670e+03     0.102 ( 16139      0)     0.076 (   917      0)
"o:docn_strdata_advance"                                      -      16384    16384 7.061504e+06   6.187161e+02     0.048 ( 16139      0)     0.022 ( 14767      0)
"o:docn_strd_adv_total"                                       -      16384    16384 7.061504e+06   6.086013e+02     0.048 ( 16139      0)     0.022 ( 14767      0)
"o:docn_strd_adv_readLBUB"                                    -      16384    16384 7.061504e+06   4.618673e+02     0.039 (  9179      0)     0.013 (   944      0)
"o:docn_readLBUB_setup"                                       -      16384    16384 7.061504e+06   1.880263e+00     0.000 (  7419      0)     0.000 ( 12292      0)
"o:docn_readLBUB_filemgt"                                     -      16384    16384 7.061504e+06   9.936176e-01     0.000 ( 12155      0)     0.000 ( 12111      0)
"o:docn_strd_adv_tint"                                        -      16384    16384 7.061504e+06   7.369715e+01     0.005 ( 13731      0)     0.004 ( 11180      0)
"o:docn_scatter"                                              -      16384    16384 7.061504e+06   7.511107e+02     0.048 (     0      0)     0.044 ( 11341      0)
"o:docn_datamode"                                             -      16384    16384 7.061504e+06   3.127113e+01     0.003 (  6743      0)     0.002 ( 11155      0)
"o:docn_run2"                                                 -      16384    16384 7.061504e+06   3.617598e-01     0.005 (     0      0)     0.000 (  8039      0)
"CPL:O2CT"                                                    -      16384    16384 7.061504e+06   2.971441e+04     6.245 ( 16139      0)     0.020 ( 14173      0)
"CPL:o2c_ocno2ocnx"                                           -      16384    16384 7.061504e+06   1.164567e+02     0.009 (  5265      0)     0.007 (  9075      0)
"CPL:o2c_infoexch"                                            -      16384    16384 7.061504e+06   2.958845e+04     6.237 ( 16139      0)     0.012 ( 14173      0)
"CPL:OCNPOSTT"                                                -      16384    16384 7.061504e+06   2.620087e+00     0.000 ( 16127      0)     0.000 ( 13590      0)
"i:cice_pice_readLBUB_LB_copy"                                -      16384    16384 1.638400e+04   1.456609e-02     0.000 ( 14243      0)     0.000 ( 15361      0)
"o:docn_readLBUB_fbound"                                      -      16384    16384 1.638400e+04   5.904849e-03     0.000 (     0      0)     0.000 (  1466      0)
"o:docn_readLBUB_bcast"                                       -      16384    16384 1.638400e+04   1.085363e+02     0.018 ( 14187      0)     0.000 (  1127      0)
"o:docn_readLBUB_LB_copy"                                     -      16384    16384 1.638400e+04   1.742035e-02     0.000 (  5584      0)     0.000 ( 10447      0)
"o:docn_readLBUB_UB_setup"                                    -      16384    16384 1.638400e+04   9.190607e-03     0.000 (     0      0)     0.000 (  1747      0)
"o:docn_readLBUB_UB_readpio"                                  -      16384    16384 1.638400e+04   3.327239e+02     0.022 (  2048      0)     0.011 (   949      0)
"o:PIO:pio_inq_varid_file_vdesc"                              -      16384    16384 3.276800e+04   2.063302e+00     0.000 (  3919      0)     0.000 (  1965      0)
"o:PIO:pio_inq_varid_file_vid"                                -      16384    16384 3.276800e+04   2.042140e+00     0.000 (  3919      0)     0.000 ( 16259      0)
"o:PIO:pio_inq_varndims_file_vdesc"                           -      16384    16384 1.638400e+04   1.233855e+00     0.000 ( 16038      0)     0.000 ( 10699      0)
"o:PIO:pio_inq_varndims_file_vid"                             -      16384    16384 1.638400e+04   1.221997e+00     0.000 ( 16039      0)     0.000 (  1135      0)
"o:PIO:pio_inq_vardimid_file_vdesc"                           -      16384    16384 1.638400e+04   3.307601e+00     0.000 (  4487      0)     0.000 ( 16257      0)
"o:PIO:pio_inq_vardimid_file_vid"                             -      16384    16384 1.638400e+04   3.296750e+00     0.000 (  4487      0)     0.000 ( 16257      0)
"o:PIO:pio_inq_dimlen_file_dimid"                             -      16384    16384 4.915200e+04   1.583105e+00     0.003 ( 14760      0)     0.000 (  5127      0)
"o:PIO:pio_inq_dimlen_file_dimid_offlen"                      -      16384    16384 4.915200e+04   1.560056e+00     0.003 ( 14760      0)     0.000 (  9751      0)
"o:PIO:pio_inq_vartype_file_vdesc"                            -      16384    16384 1.638400e+04   1.584755e+00     0.005 (  2260      0)     0.000 ( 14027      0)
"o:PIO:pio_inq_vartype_file_vid"                              -      16384    16384 1.638400e+04   1.576951e+00     0.005 (  2260      0)     0.000 (   423      0)
"o:PIO:read_darray_1d_real"                                   -      16384    16384 1.638400e+04   3.200634e+02     0.021 (  2048      0)     0.011 (   949      0)
"o:PIO:PIOc_read_darray"                                      -      16384    16384 1.638400e+04   3.200177e+02     0.021 (  2048      0)     0.011 (   949      0)
"o:PIO:read_darray_nc"                                        -      16384    16384 1.638400e+04   3.845841e+01     0.021 (  2048      0)     0.000 (  5492      0)
"o:PIO:rearrange_io2comp"                                     -      16384    16384 1.638400e+04   2.804613e+02     0.021 (  2887      0)     0.000 (    32      0)
"o:PIO:pio_swapm"                                             -      16384    16384 1.638400e+04   2.799463e+02     0.021 (  2881      0)     0.000 (    32      0)
"o:docn_strd_adv_fill"                                        -      16384    16384 1.638400e+04   2.132890e+00     0.000 (   624      0)     0.000 ( 15229      0)
"o:docn_strd_adv_map"                                         -      16384    16384 1.638400e+04   3.501056e+01     0.004 (  2437      0)     0.000 ( 14351      0)
"CPL:RUN_LOOP_BSTOP"                                          -      16384    16384 1.638400e+04   1.403392e+01     0.001 ( 14492      0)     0.000 (     3      0)
"CPL:FINAL"                                                   -      16384    16384 1.638400e+04   1.517226e+04     0.928 (   657      0)     0.925 (   864      0)
"CPL:cime_final"                                              -      16384    16384 1.638400e+04   1.517224e+04     0.928 (   657      0)     0.925 (   864      0)
"o_f:DOCN_FINAL"                                              -      16384    16384 1.638400e+04   2.501860e-03     0.000 (     0      0)     0.000 (  6104      0)
"a_f:EAMxx::finalize"                                         y      16384    16384 1.638400e+04   2.039885e+03     0.162 (   629      0)     0.090 ( 15473      0)
"a_f:PIO:PIOc_sync"                                           -      16384    16384 1.638400e+04   3.127258e-01     0.000 ( 13280      0)     0.000 ( 10732      0)
"a_f:PIO:write_total"                                         -      16384    16384 3.276800e+04   4.584436e+00     0.003 ( 13824      0)     0.000 (  6052      0)
"a_f:PIO:flush_output_buffer"                                 -       2048     2048 4.096000e+03   2.779240e-01     0.000 ( 13280      0)     0.000 (  4304      0)
"a_f:PIO:PIOc_closefile"                                      -      16384    16384 3.276800e+04   4.627854e+01     0.043 (  9688      0)     0.000 ( 12777      0)
"a_f:PIO:PIOc_closefile_write_mode"                           -      16384    16384 1.638400e+04   4.293452e+00     0.003 ( 13824      0)     0.000 (  8455      0)
"a_f:PIO:PIOc_freedecomp"                                     -      16384    16384 2.129920e+05   3.003986e+00     0.001 ( 15528      0)     0.000 (  6765      0)
"PIO:finalize"                                                -      16384    16384 1.638400e+05   1.172932e+03     0.641 (     0      0)     0.000 ( 11739      0)
"PIO:PIOc_finalize"                                           -      16384    16384 1.638400e+05   1.172432e+03     0.641 (     0      0)     0.000 (  5383      0)
"CPL:FINAL_sync1_tprf"                                        -      16384    16384 1.638400e+04   3.681916e+01     0.003 (  8921      0)     0.000 (   657      0)
"CPL:FINAL_t_prf"                                             y          0        0 0.000000e+00   0.000000e+00     0.000 (     0      0)     0.000 (     0      0)

