
***** GLOBAL STATISTICS (     8 MPI TASKS) *****

$Id: gptl.c,v 1.157 2011-03-28 20:55:18 rosinski Exp $
'count' is cumulative. All other stats are max/min
'on' indicates whether the timer was active during output, and so stats are lower or upper bounds.

name                                                         on  processes  threads        count      walltotal   wallmax (proc   thrd  )   wallmin (proc   thrd  )
"CPL:INIT"                                                    -          8        8 8.000000e+00   2.934208e+02    36.678 (     0      0)    36.678 (     5      0)
"CPL:cime_pre_init1"                                          -          8        8 8.000000e+00   7.368084e+00     0.921 (     5      0)     0.921 (     1      0)
"CPL:mpi_init"                                                -          8        8 8.000000e+00   6.656000e+00     0.832 (     0      0)     0.832 (     0      0)
"CPL:ESMF_Initialize"                                         -          8        8 8.000000e+00   4.909997e-07     0.000 (     5      0)     0.000 (     1      0)
"CPL:cime_pre_init2"                                          -          8        8 8.000000e+00   2.136743e-01     0.027 (     0      0)     0.027 (     1      0)
"CPL:seq_infodata_init"                                       -          8        8 8.000000e+00   1.252166e-02     0.002 (     1      0)     0.001 (     0      0)
"CPL:seq_timemgr_clockInit"                                   -          8        8 8.000000e+00   1.201811e-02     0.002 (     3      0)     0.001 (     0      0)
"CPL:cime_init"                                               -          8        8 8.000000e+00   2.858390e+02    35.730 (     1      0)    35.730 (     2      0)
"CPL:init_comps"                                              -          8        8 8.000000e+00   2.857079e+02    35.714 (     3      0)    35.713 (     0      0)
"CPL:comp_init_pre_all"                                       -          8        8 8.000000e+00   2.296190e-04     0.000 (     7      0)     0.000 (     6      0)
"CPL:comp_init_cc_atm"                                        -          8        8 8.000000e+00   2.438743e+02    30.484 (     1      0)    30.484 (     0      0)
"a_i:comp_init"                                               -          8        8 1.600000e+01   2.438715e+02    30.484 (     0      0)    30.484 (     1      0)
"a_i:EAMxx::init"                                             -          8        8 5.600000e+01   2.343665e+02    29.345 (     4      0)    28.964 (     0      0)
"a_i:EAMxx::create_output_managers"                           -          8        8 8.000000e+00   1.766314e-03     0.000 (     0      0)     0.000 (     7      0)
"a_i:EAMxx::create_atm_processes"                             -          8        8 8.000000e+00   2.692905e+00     0.385 (     7      0)     0.002 (     0      0)
"a_i:EAMxx::create_grids"                                     -          8        8 8.000000e+00   1.434599e+01     1.794 (     0      0)     1.793 (     3      0)
"a_i:EAMxx::build_grids"                                      -          8        8 8.000000e+00   4.658923e+00     0.582 (     6      0)     0.582 (     5      0)
"a_i:PartitioningTime"                                        -          8        8 8.000000e+00   2.492000e-06     0.000 (     7      0)     0.000 (     4      0)
"a_i:repro_sum_int"                                           -          8        8 8.000000e+00   2.313407e-03     0.000 (     1      0)     0.000 (     3      0)
"a_i:PIO:spio_get_att_tc"                                     -          8        8 7.840000e+02   5.675938e-03     0.001 (     4      0)     0.001 (     0      0)
"a_i:PIO:spio_get_vars_tc"                                    -          8        8 1.600000e+02   6.924237e+00     0.866 (     4      0)     0.865 (     2      0)
"a_i:PIO:PIOc_closefile"                                      -          8        8 9.600000e+01   7.701064e-03     0.003 (     0      0)     0.000 (     7      0)
"a_i:EAMxx::SurfaceCouplingImporter::set_grids"               -          8        8 8.000000e+00   1.163288e-03     0.000 (     4      0)     0.000 (     3      0)
"a_i:EAMxx::homme::set_grids"                                 -          8        8 8.000000e+00   1.930680e+00     0.242 (     6      0)     0.241 (     2      0)
"a_i:EAMxx::physics::set_grids"                               -          8        8 8.000000e+00   7.740217e+00     0.968 (     2      0)     0.967 (     6      0)
"a_i:EAMxx::mac_aero_mic::set_grids"                          -          8        8 8.000000e+00   2.650480e+00     0.332 (     0      0)     0.331 (     6      0)
"a_i:EAMxx::tms::set_grids"                                   -          8        8 8.000000e+00   2.598922e-02     0.003 (     4      0)     0.003 (     0      0)
"a_i:EAMxx::shoc::set_grids"                                  -          8        8 8.000000e+00   2.656641e-03     0.000 (     4      0)     0.000 (     1      0)
"a_i:EAMxx::cld_fraction::set_grids"                          -          8        8 8.000000e+00   7.249720e-04     0.000 (     4      0)     0.000 (     1      0)
"a_i:EAMxx::spa::set_grids"                                   -          8        8 8.000000e+00   2.616977e+00     0.328 (     0      0)     0.327 (     4      0)
"a_i:EAMxx::p3::set_grids"                                    -          8        8 8.000000e+00   3.797174e-03     0.001 (     6      0)     0.000 (     5      0)
"a_i:EAMxx::rrtmgp::set_grids"                                -          8        8 8.000000e+00   5.089330e+00     0.636 (     3      0)     0.636 (     6      0)
"a_i:EAMxx::SurfaceCouplingExporter::set_grids"               -          8        8 8.000000e+00   1.176791e-02     0.002 (     4      0)     0.001 (     5      0)
"a_i:EAMxx::create_fields"                                    -          8        8 8.000000e+00   1.328144e+00     0.169 (     0      0)     0.164 (     3      0)
"a_i:EAMxx::initialize_fields"                                -          8        8 8.000000e+00   8.209116e+00     1.027 (     0      0)     1.026 (     5      0)
"a_i:PIO:PIOc_initdecomp"                                     -          8        8 8.000000e+01   5.819829e+00     0.729 (     6      0)     0.726 (     0      0)
"a_i:PIO:box_rearrange_create"                                -          8        8 8.000000e+01   5.663762e+00     0.708 (     0      0)     0.708 (     7      0)
"a_i:PIO:pio_swapm"                                           -          8        8 4.240000e+02   8.969062e+00     1.411 (     7      0)     0.430 (     4      0)
"a_i:PIO:PIOc_read_darray"                                    -          8        8 1.840000e+02   9.926908e+00     1.244 (     3      0)     1.239 (     5      0)
"a_i:PIO:read_darray_nc"                                      -          8        8 1.840000e+02   1.838828e+00     0.920 (     0      0)     0.000 (     3      0)
"a_i:PIO:rearrange_io2comp"                                   -          8        8 1.840000e+02   7.689390e+00     1.219 (     3      0)     0.297 (     4      0)
"a_i:EAMxx::initialize_atm_procs"                             -          8        8 8.000000e+00   1.926570e+02    24.082 (     5      0)    24.082 (     4      0)
"a_i:EAMxx::SurfaceCouplingImporter::init"                    -          8        8 8.000000e+00   1.229964e-03     0.000 (     0      0)     0.000 (     3      0)
"a_i:EAMxx::homme::init"                                      -          8        8 8.000000e+00   1.655226e+02    20.692 (     1      0)    20.687 (     4      0)
"a_i:compose_init"                                            -          8        8 8.000000e+00   2.754194e-01     0.035 (     3      0)     0.034 (     0      0)
"a_i:sl_init1"                                                -          8        8 8.000000e+00   2.195399e+00     0.286 (     6      0)     0.264 (     3      0)
"a_i:EAMxx::tms::init"                                        -          8        8 8.000000e+00   7.105600e-05     0.000 (     0      0)     0.000 (     3      0)
"a_i:EAMxx::shoc::init"                                       -          8        8 8.000000e+00   4.632119e-02     0.007 (     4      0)     0.005 (     3      0)
"a_i:EAMxx::cld_fraction::init"                               -          8        8 8.000000e+00   2.130460e-04     0.000 (     0      0)     0.000 (     2      0)
"a_i:EAMxx::spa::init"                                        -          8        8 8.000000e+00   2.551396e+01     3.191 (     7      0)     3.188 (     0      0)
"a_i:EAMxx::p3::init"                                         -          8        8 8.000000e+00   4.073961e-01     0.051 (     1      0)     0.051 (     5      0)
"a_i:EAMxx::rrtmgp::init"                                     -          8        8 8.000000e+00   9.887606e-01     0.124 (     5      0)     0.123 (     1      0)
"a_i:EAMxx::SurfaceCouplingExporter::init"                    -          8        8 8.000000e+00   5.186521e-03     0.001 (     0      0)     0.001 (     1      0)
"a_i:EAMxx::initialize_output_managers"                       -          8        8 8.000000e+00   1.513149e+01     1.892 (     4      0)     1.891 (     1      0)
"a_i:EAMxx::IO::standard"                                     -          8        8 8.000000e+00   1.473663e+01     1.843 (     5      0)     1.842 (     6      0)
"a_i:EAMxx::IO::nooutput.yaml"                                -          8        8 8.000000e+00   1.473662e+01     1.843 (     5      0)     1.842 (     6      0)
"a_i:EAMxx::IO::standard::get_new_file"                       -          8        8 8.000000e+00   1.473574e+01     1.843 (     5      0)     1.841 (     6      0)
"a_i:PIO:PIOc_createfile"                                     -          8        8 8.000000e+00   1.472623e+01     1.842 (     5      0)     1.840 (     6      0)
"a_i:PIO:write_total"                                         -          8        8 2.640000e+02   1.472755e+01     1.842 (     5      0)     1.840 (     6      0)
"a_i:PIO:spio_put_att_tc"                                     -          8        8 2.400000e+02   7.489000e-04     0.000 (     0      0)     0.000 (     5      0)
"a_i:PIO:spio_put_vars_tc"                                    -          8        8 8.000000e+00   1.758150e-04     0.000 (     0      0)     0.000 (     1      0)
"a_i:PIO:flush_output_buffer"                                 -          2        2 4.000000e+00   4.017460e-04     0.000 (     4      0)     0.000 (     0      0)
"a_i:EAMxx::IO::standard::run_output_streams"                 -          8        8 8.000000e+00   1.725000e-06     0.000 (     5      0)     0.000 (     0      0)
"a_i:EAMxx::IO::standard::update_snapshot_tally"              -          8        8 8.000000e+00   8.478140e-04     0.000 (     0      0)     0.000 (     3      0)
"a_i:PIO:PIOc_sync"                                           -          8        8 8.000000e+00   3.932000e-04     0.000 (     4      0)     0.000 (     3      0)
"CPL:comp_init_cc_lnd"                                        -          8        8 8.000000e+00   3.941485e+01     4.927 (     6      0)     4.927 (     0      0)
"l_i:comp_init"                                               -          8        8 8.000000e+00   3.941163e+01     4.927 (     0      0)     4.926 (     5      0)
"l_i:elm_init1"                                               -          8        8 8.000000e+00   1.321766e+01     1.653 (     0      0)     1.652 (     5      0)
"l_i:PIO:openfile"                                            -          8        8 1.760000e+02   2.810073e+01     3.517 (     5      0)     3.508 (     0      0)
"l_i:PIO:pio_inq_dimid_file_dimid"                            -          8        8 4.240000e+02   2.748917e-03     0.000 (     5      0)     0.000 (     0      0)
"l_i:PIO:pio_inq_dimlen_file_dimid"                           -          8        8 1.064000e+03   2.920535e-03     0.000 (     0      0)     0.000 (     3      0)
"l_i:PIO:pio_inq_dimlen_file_dimid_offlen"                    -          8        8 1.064000e+03   2.647422e-03     0.000 (     0      0)     0.000 (     3      0)
"l_i:PIO:pio_inq_varid_file_vdesc"                            -          8        8 2.224000e+03   2.412547e-01     0.048 (     5      0)     0.001 (     0      0)
"l_i:PIO:pio_inq_varid_file_vid"                              -          8        8 2.224000e+03   2.405049e-01     0.047 (     5      0)     0.001 (     0      0)
"l_i:PIO:get_var_1d_int"                                      -          8        8 4.800000e+01   1.202611e+00     0.150 (     2      0)     0.150 (     7      0)
"l_i:PIO:spio_get_vars_tc"                                    -          8        8 1.408000e+03   8.432931e+00     1.082 (     4      0)     1.042 (     2      0)
"l_i:PIO:closefile"                                           -          8        8 1.520000e+02   7.537011e-03     0.002 (     0      0)     0.000 (     3      0)
"l_i:PIO:PIOc_closefile"                                      -          8        8 1.520000e+02   7.414313e-03     0.002 (     0      0)     0.000 (     3      0)
"l_i:PIO:pio_inq_varndims_file_vdesc"                         -          8        8 4.800000e+02   2.729148e-03     0.000 (     6      0)     0.000 (     3      0)
"l_i:PIO:pio_inq_varndims_file_vid"                           -          8        8 4.800000e+02   2.584737e-03     0.000 (     6      0)     0.000 (     3      0)
"l_i:PIO:pio_inq_vardimid_file_vdesc"                         -          8        8 4.800000e+02   4.790666e-03     0.001 (     6      0)     0.000 (     3      0)
"l_i:PIO:pio_inq_vardimid_file_vid"                           -          8        8 4.800000e+02   4.646888e-03     0.001 (     6      0)     0.000 (     3      0)
"l_i:PIO:pio_inq_dimname_file_dimid"                          -          8        8 1.952000e+03   6.130400e-03     0.001 (     7      0)     0.001 (     3      0)
"l_i:PIO:initdecomp"                                          -          8        8 8.000000e+01   5.419615e-02     0.007 (     0      0)     0.007 (     6      0)
"l_i:PIO:PIOc_initdecomp"                                     -          8        8 8.000000e+01   5.316755e-02     0.007 (     0      0)     0.006 (     6      0)
"l_i:PIO:box_rearrange_create"                                -          8        8 8.000000e+01   4.982428e-02     0.006 (     0      0)     0.006 (     3      0)
"l_i:PIO:pio_swapm"                                           -          8        8 7.200000e+02   5.458598e-01     0.091 (     3      0)     0.034 (     0      0)
"l_i:PIO:read_darray_1d_double"                               -          8        8 6.400000e+01   3.402911e-02     0.004 (     3      0)     0.004 (     5      0)
"l_i:PIO:PIOc_read_darray"                                    -          8        8 4.800000e+02   6.548509e-01     0.091 (     3      0)     0.069 (     5      0)
"l_i:PIO:read_darray_nc"                                      -          8        8 4.800000e+02   1.012274e-01     0.053 (     0      0)     0.000 (     2      0)
"l_i:PIO:rearrange_io2comp"                                   -          8        8 4.800000e+02   5.345025e-01     0.089 (     3      0)     0.033 (     0      0)
"l_i:PIO:pio_inquire_file"                                    -          8        8 7.360000e+02   1.937217e-03     0.000 (     5      0)     0.000 (     3      0)
"l_i:PIO:pio_inq_ndims_file"                                  -          8        8 7.360000e+02   1.745436e-03     0.000 (     5      0)     0.000 (     3      0)
"l_i:PIO:read_darray_1d_int"                                  -          8        8 1.600000e+01   7.029291e-03     0.001 (     3      0)     0.001 (     6      0)
"l_i:PIO:read_darray_3d_double"                               -          8        8 1.440000e+02   2.490569e-01     0.034 (     3      0)     0.027 (     5      0)
"l_i:PIO:read_darray_3d_int"                                  -          8        8 8.000000e+00   6.743577e-03     0.001 (     3      0)     0.001 (     5      0)
"l_i:PIO:read_darray_4d_double"                               -          8        8 1.120000e+02   2.784366e-01     0.038 (     0      0)     0.030 (     5      0)
"l_i:PIO:get_var_1d_text"                                     -          8        8 1.600000e+01   2.214313e+00     0.278 (     7      0)     0.276 (     1      0)
"l_i:PIO:get_var_1d_double"                                   -          8        8 1.128000e+03   5.392252e-02     0.008 (     0      0)     0.006 (     4      0)
"l_i:PIO:get_var_0d_double"                                   -          8        8 8.000000e+01   1.232447e+00     0.154 (     6      0)     0.154 (     2      0)
"l_i:PIO:read_darray_2d_double"                               -          8        8 1.040000e+02   5.353707e-02     0.007 (     0      0)     0.006 (     5      0)
"l_i:PIO:read_darray_2d_int"                                  -          8        8 3.200000e+01   2.675674e-02     0.006 (     0      0)     0.001 (     5      0)
"l_i:gather_1darray_int_total"                                -          8        8 4.000000e+01   8.199533e-03     0.002 (     0      0)     0.001 (     7      0)
"l_i:scatter_1darray_int_total"                               -          8        8 4.000000e+01   2.005889e-02     0.003 (     7      0)     0.002 (     0      0)
"l_i:init_filters"                                            -          8        8 8.000000e+00   1.137893e-02     0.003 (     0      0)     0.001 (     5      0)
"l_i:elm_init2"                                               -          8        8 8.000000e+00   2.617822e+01     3.273 (     0      0)     3.272 (     5      0)
"l_i:init_orbd"                                               -          8        8 8.000000e+00   1.088570e-04     0.000 (     7      0)     0.000 (     0      0)
"l_i:PIO:get_var_0d_int"                                      -          8        8 8.000000e+00   1.213351e+00     0.154 (     4      0)     0.149 (     3      0)
"l_i:PIO:get_var_2d_double"                                   -          8        8 9.600000e+01   1.222402e+00     0.160 (     0      0)     0.150 (     3      0)
"l_i:PIO:get_var_3d_double"                                   -          8        8 3.200000e+01   1.351128e+00     0.185 (     0      0)     0.163 (     2      0)
"l_i:init_accflds"                                            -          8        8 8.000000e+00   2.957905e-03     0.000 (     0      0)     0.000 (     1      0)
"l_i:init_dyn_subgrid"                                        -          8        8 8.000000e+00   5.550052e-03     0.001 (     4      0)     0.001 (     1      0)
"l_i:init_map2gc"                                             -          8        8 8.000000e+00   9.936338e-03     0.001 (     4      0)     0.001 (     7      0)
"l_i:init_elm_interface_data & pflotran"                      -          8        8 8.000000e+00   3.700001e-07     0.000 (     1      0)     0.000 (     0      0)
"l_i:init_wlog"                                               -          8        8 8.000000e+00   5.651000e-06     0.000 (     0      0)     0.000 (     6      0)
"l_i:elm_init3"                                               -          8        8 8.000000e+00   2.750300e-05     0.000 (     5      0)     0.000 (     6      0)
"CPL:comp_init_cc_rof"                                        -          8        8 8.000000e+00   4.509800e-04     0.000 (     2      0)     0.000 (     1      0)
"r_i:comp_init"                                               -          8        8 8.000000e+00   4.931300e-05     0.000 (     2      0)     0.000 (     5      0)
"CPL:comp_init_cc_ocn"                                        -          8        8 8.000000e+00   1.910518e+00     0.239 (     0      0)     0.239 (     3      0)
"o_i:comp_init"                                               -          8        8 8.000000e+00   1.909026e+00     0.239 (     0      0)     0.239 (     7      0)
"o_i:docn_readnml"                                            -          8        8 8.000000e+00   5.847382e-02     0.007 (     6      0)     0.007 (     0      0)
"o_i:DOCN_INIT"                                               -          8        8 8.000000e+00   1.849632e+00     0.231 (     5      0)     0.231 (     4      0)
"o_i:docn_strdata_init"                                       -          8        8 8.000000e+00   4.894330e-01     0.061 (     7      0)     0.061 (     3      0)
"o_i:PIO:initdecomp"                                          -          8        8 2.400000e+01   2.620656e-02     0.004 (     1      0)     0.003 (     0      0)
"o_i:PIO:PIOc_initdecomp"                                     -          8        8 2.400000e+01   2.557664e-02     0.004 (     1      0)     0.002 (     7      0)
"o_i:PIO:box_rearrange_create"                                -          8        8 2.400000e+01   1.891241e-02     0.002 (     0      0)     0.002 (     7      0)
"o_i:PIO:pio_swapm"                                           -          8        8 8.800000e+01   9.023452e-03     0.001 (     7      0)     0.001 (     4      0)
"o_i:docn_initgsmaps"                                         -          8        8 8.000000e+00   1.278040e-04     0.000 (     4      0)     0.000 (     5      0)
"o_i:docn_initmctdom"                                         -          8        8 8.000000e+00   7.526240e-04     0.000 (     2      0)     0.000 (     0      0)
"o_i:docn_initmctavs"                                         -          8        8 8.000000e+00   3.302581e-03     0.000 (     7      0)     0.000 (     0      0)
"o_i:DOCN_RUN"                                                -          8        8 8.000000e+00   1.355951e+00     0.170 (     0      0)     0.169 (     7      0)
"o_i:docn_run1"                                               -          8        8 8.000000e+00   9.529000e-06     0.000 (     2      0)     0.000 (     5      0)
"o_i:docn"                                                    -          8        8 8.000000e+00   1.355902e+00     0.170 (     0      0)     0.169 (     7      0)
"o_i:docn_strdata_advance"                                    -          8        8 8.000000e+00   1.355241e+00     0.170 (     0      0)     0.169 (     7      0)
"o_i:docn_strd_adv_total"                                     -          8        8 8.000000e+00   1.355214e+00     0.170 (     0      0)     0.169 (     7      0)
"o_i:docn_strd_adv_readLBUB"                                  -          8        8 8.000000e+00   1.347501e+00     0.169 (     0      0)     0.168 (     7      0)
"o_i:docn_readLBUB_setup"                                     -          8        8 8.000000e+00   2.263000e-06     0.000 (     4      0)     0.000 (     3      0)
"o_i:docn_readLBUB_fbound"                                    -          8        8 8.000000e+00   2.141589e-03     0.002 (     0      0)     0.000 (     3      0)
"o_i:docn_readLBUB_bcast"                                     -          8        8 8.000000e+00   1.331525e-02     0.002 (     3      0)     0.000 (     0      0)
"o_i:docn_readLBUB_LB_setup"                                  -          8        8 8.000000e+00   3.313400e-05     0.000 (     0      0)     0.000 (     6      0)
"o_i:docn_readLBUB_LB_readpio"                                -          8        8 8.000000e+00   1.329299e+00     0.166 (     4      0)     0.166 (     2      0)
"o_i:PIO:openfile"                                            -          8        8 8.000000e+00   1.324832e+00     0.166 (     1      0)     0.166 (     4      0)
"o_i:PIO:pio_inq_varid_file_vdesc"                            -          8        8 3.200000e+01   2.738610e-04     0.000 (     5      0)     0.000 (     0      0)
"o_i:PIO:pio_inq_varid_file_vid"                              -          8        8 3.200000e+01   2.612220e-04     0.000 (     5      0)     0.000 (     0      0)
"o_i:PIO:pio_inq_varndims_file_vdesc"                         -          8        8 1.600000e+01   1.022450e-04     0.000 (     6      0)     0.000 (     3      0)
"o_i:PIO:pio_inq_varndims_file_vid"                           -          8        8 1.600000e+01   9.451800e-05     0.000 (     6      0)     0.000 (     2      0)
"o_i:PIO:pio_inq_vardimid_file_vdesc"                         -          8        8 1.600000e+01   2.026880e-04     0.000 (     7      0)     0.000 (     0      0)
"o_i:PIO:pio_inq_vardimid_file_vid"                           -          8        8 1.600000e+01   1.952320e-04     0.000 (     6      0)     0.000 (     2      0)
"o_i:PIO:pio_inq_dimlen_file_dimid"                           -          8        8 4.800000e+01   1.424920e-04     0.000 (     6      0)     0.000 (     3      0)
"o_i:PIO:pio_inq_dimlen_file_dimid_offlen"                    -          8        8 4.800000e+01   1.279740e-04     0.000 (     6      0)     0.000 (     3      0)
"o_i:PIO:pio_inq_vartype_file_vdesc"                          -          8        8 1.600000e+01   8.125700e-05     0.000 (     2      0)     0.000 (     4      0)
"o_i:PIO:pio_inq_vartype_file_vid"                            -          8        8 1.600000e+01   7.476000e-05     0.000 (     6      0)     0.000 (     4      0)
"o_i:PIO:read_darray_1d_real"                                 -          8        8 1.600000e+01   4.895452e-03     0.001 (     1      0)     0.001 (     2      0)
"o_i:PIO:PIOc_read_darray"                                    -          8        8 1.600000e+01   4.864567e-03     0.001 (     1      0)     0.001 (     2      0)
"o_i:PIO:read_darray_nc"                                      -          8        8 1.600000e+01   8.086770e-04     0.000 (     0      0)     0.000 (     2      0)
"o_i:PIO:rearrange_io2comp"                                   -          8        8 1.600000e+01   3.736640e-03     0.001 (     1      0)     0.000 (     0      0)
"o_i:docn_readLBUB_UB_setup"                                  -          8        8 8.000000e+00   3.798300e-05     0.000 (     0      0)     0.000 (     1      0)
"o_i:docn_readLBUB_UB_readpio"                                -          8        8 8.000000e+00   2.386496e-03     0.000 (     1      0)     0.000 (     0      0)
"o_i:docn_readLBUB_filemgt"                                   -          8        8 8.000000e+00   1.872000e-06     0.000 (     0      0)     0.000 (     4      0)
"o_i:docn_strd_adv_fill"                                      -          8        8 8.000000e+00   2.630942e-03     0.000 (     5      0)     0.000 (     0      0)
"o_i:docn_strd_adv_map"                                       -          8        8 8.000000e+00   4.870687e-03     0.001 (     3      0)     0.000 (     1      0)
"o_i:docn_strd_adv_tint"                                      -          8        8 8.000000e+00   1.376430e-04     0.000 (     7      0)     0.000 (     3      0)
"o_i:docn_scatter"                                            -          8        8 8.000000e+00   4.864870e-04     0.000 (     0      0)     0.000 (     5      0)
"o_i:docn_datamode"                                           -          8        8 8.000000e+00   9.050300e-05     0.000 (     5      0)     0.000 (     1      0)
"o_i:docn_run2"                                               -          8        8 8.000000e+00   1.018800e-05     0.000 (     0      0)     0.000 (     2      0)
"CPL:comp_init_cc_ice"                                        -          8        8 8.000000e+00   4.616087e-01     0.058 (     0      0)     0.058 (     6      0)
"i_i:comp_init"                                               -          8        8 8.000000e+00   4.602885e-01     0.058 (     0      0)     0.057 (     6      0)
"i_i:cice_init"                                               -          8        8 8.000000e+00   1.399983e-01     0.018 (     3      0)     0.017 (     7      0)
"i_i:ice_HaloUpdate2DR8"                                      -          8        8 3.200000e+01   1.351765e-03     0.000 (     7      0)     0.000 (     0      0)
"i_i:ice_HU2DR8_init"                                         -          8        8 3.200000e+01   4.537000e-06     0.000 (     6      0)     0.000 (     4      0)
"i_i:state_bound_h1"                                          -          8        8 8.000000e+00   1.903244e-03     0.001 (     0      0)     0.000 (     2      0)
"i_i:ice_HaloUpdate3DR8"                                      -          8        8 4.000000e+01   2.822279e-03     0.001 (     0      0)     0.000 (     2      0)
"i_i:ice_HU3DR8_init"                                         -          8        8 4.000000e+01   3.081400e-05     0.000 (     6      0)     0.000 (     1      0)
"i_i:ice_HU3DR8_recvall"                                      -          8        8 4.000000e+01   1.698859e-03     0.001 (     0      0)     0.000 (     2      0)
"i_i:state_bound_hm"                                          -          8        8 8.000000e+00   8.903100e-05     0.000 (     3      0)     0.000 (     7      0)
"i_i:state_bound_hc"                                          -          8        8 8.000000e+00   9.448000e-06     0.000 (     5      0)     0.000 (     2      0)
"i_i:state_bound_h2"                                          -          8        8 8.000000e+00   1.345112e-03     0.000 (     6      0)     0.000 (     2      0)
"i_i:ice_HaloUpdate4DR8"                                      -          8        8 8.000000e+00   3.669500e-04     0.000 (     4      0)     0.000 (     2      0)
"i_i:ice_HU4DR8_init"                                         -          8        8 8.000000e+00   1.297400e-05     0.000 (     6      0)     0.000 (     2      0)
"i_i:ice_HU4DR8_recvall"                                      -          8        8 8.000000e+00   1.264000e-06     0.000 (     6      0)     0.000 (     4      0)
"i_i:state_bound_hd"                                          -          8        8 8.000000e+00   3.085000e-06     0.000 (     5      0)     0.000 (     7      0)
"i_i:cice_mct_init"                                           -          8        8 8.000000e+00   3.197014e-01     0.040 (     7      0)     0.040 (     2      0)
"i_i:PIO:initdecomp"                                          -          8        8 2.400000e+01   2.601810e-02     0.004 (     1      0)     0.003 (     0      0)
"i_i:PIO:PIOc_initdecomp"                                     -          8        8 2.400000e+01   2.563086e-02     0.004 (     1      0)     0.002 (     0      0)
"i_i:PIO:box_rearrange_create"                                -          8        8 2.400000e+01   1.898317e-02     0.002 (     0      0)     0.002 (     3      0)
"i_i:PIO:pio_swapm"                                           -          8        8 7.200000e+01   3.688879e-03     0.001 (     7      0)     0.000 (     1      0)
"CPL:comp_init_cc_glc"                                        -          8        8 8.000000e+00   4.585940e-04     0.000 (     7      0)     0.000 (     0      0)
"g_i:comp_init"                                               -          8        8 8.000000e+00   4.878000e-06     0.000 (     0      0)     0.000 (     1      0)
"CPL:comp_init_cc_wav"                                        -          8        8 8.000000e+00   4.535250e-04     0.000 (     0      0)     0.000 (     3      0)
"w_i:comp_init"                                               -          8        8 8.000000e+00   3.338000e-06     0.000 (     0      0)     0.000 (     1      0)
"CPL:comp_init_cc_esp"                                        -          8        8 8.000000e+00   3.059530e-04     0.000 (     7      0)     0.000 (     0      0)
"e_i:comp_init"                                               -          8        8 8.000000e+00   3.217000e-06     0.000 (     0      0)     0.000 (     1      0)
"CPL:comp_init_cc_iac"                                        -          8        8 8.000000e+00   3.026860e-04     0.000 (     4      0)     0.000 (     0      0)
"z_i:comp_init"                                               -          8        8 8.000000e+00   2.995000e-06     0.000 (     0      0)     0.000 (     5      0)
"CPL:comp_init_cx_all"                                        -          8        8 8.000000e+00   4.421766e-02     0.006 (     2      0)     0.005 (     0      0)
"CPL:comp_list_all"                                           -          8        8 8.000000e+00   1.077830e-04     0.000 (     7      0)     0.000 (     2      0)
"CPL:init_maps"                                               -          8        8 8.000000e+00   1.925340e-02     0.003 (     5      0)     0.002 (     7      0)
"CPL:init_aream"                                              -          8        8 8.000000e+00   3.743751e-03     0.001 (     3      0)     0.000 (     0      0)
"CPL:init_domain_check"                                       -          8        8 8.000000e+00   1.690552e-02     0.003 (     0      0)     0.002 (     6      0)
"CPL:init_areacor"                                            -          8        8 8.000000e+00   3.297108e-02     0.004 (     3      0)     0.004 (     5      0)
"CPL:init_fracs"                                              -          8        8 8.000000e+00   6.927266e-03     0.001 (     0      0)     0.001 (     7      0)
"CPL:init_aoflux"                                             -          8        8 8.000000e+00   3.485191e-03     0.000 (     4      0)     0.000 (     0      0)
"CPL:init_atminit"                                            -          8        8 4.800000e+01   2.856248e-02     0.004 (     5      0)     0.003 (     1      0)
"CPL:comp_init_cc_atm2"                                       -          8        8 8.000000e+00   1.308418e-02     0.002 (     1      0)     0.001 (     5      0)
"CPL:init_readrestart"                                        -          8        8 8.000000e+00   5.679630e-04     0.000 (     6      0)     0.000 (     3      0)
"CPL:cime_run_init"                                           -          8        8 8.000000e+00   1.313612e-03     0.001 (     0      0)     0.000 (     7      0)
"CPL:INIT_sync1_tprf"                                         -          8        8 8.000000e+00   5.902996e-03     0.001 (     3      0)     0.000 (     0      0)
"CPL:INIT_t_prf"                                              -          8        8 8.000000e+00   1.260934e+00     1.255 (     0      0)     0.000 (     7      0)
"CPL:INIT_sync2_tprf"                                         -          8        8 8.000000e+00   8.779579e+00     1.255 (     7      0)     0.000 (     0      0)
"CPL:RUN_LOOP_BSTART"                                         -          8        8 8.000000e+00   3.957500e-05     0.000 (     0      0)     0.000 (     5      0)
"CPL:RUN_LOOP"                                                -          8        8 1.152000e+03   8.987452e+02   112.344 (     0      0)   112.339 (     1      0)
"CPL:CLOCK_ADVANCE"                                           -          8        8 1.152000e+03   7.335208e-02     0.010 (     0      0)     0.009 (     7      0)
"CPL:RUN"                                                     -          8        8 1.381600e+04   1.125203e+01     3.235 (     0      0)     0.849 (     7      0)
"CPL:OCNPRE1"                                                 -          8        8 1.152000e+03   4.687046e+00     2.430 (     0      0)     0.103 (     7      0)
"CPL:ocnpre1_atm2ocn"                                         -          8        8 1.152000e+03   4.685841e+00     2.430 (     0      0)     0.103 (     7      0)
"CPL:LNDPREP"                                                 -          8        8 1.152000e+03   2.314427e-01     0.033 (     5      0)     0.024 (     2      0)
"CPL:lndprep_atm2lnd"                                         -          8        8 1.152000e+03   6.425610e-02     0.012 (     5      0)     0.005 (     2      0)
"CPL:lndprep_mrgx2l"                                          -          8        8 1.152000e+03   1.649527e-01     0.023 (     0      0)     0.019 (     4      0)
"CPL:COMM"                                                    -          8        8 8.056000e+03   3.081420e+01     4.876 (     3      0)     2.025 (     0      0)
"CPL:C2L"                                                     -          8        8 1.152000e+03   6.256051e-01     0.083 (     2      0)     0.074 (     5      0)
"CPL:c2l_lndx2lndl"                                           -          8        8 1.152000e+03   5.804457e-01     0.078 (     1      0)     0.068 (     3      0)
"CPL:c2l_infoexch"                                            -          8        8 1.152000e+03   4.325421e-02     0.011 (     2      0)     0.001 (     0      0)
"CPL:ICEPREP"                                                 -          8        8 1.152000e+03   6.471829e-01     0.086 (     2      0)     0.076 (     5      0)
"CPL:iceprep_ocn2ice"                                         -          8        8 1.152000e+03   4.955569e-02     0.006 (     0      0)     0.006 (     5      0)
"CPL:iceprep_atm2ice"                                         -          8        8 1.152000e+03   7.879715e-02     0.010 (     3      0)     0.010 (     7      0)
"CPL:iceprep_mrgx2i"                                          -          8        8 1.152000e+03   5.138928e-01     0.069 (     2      0)     0.059 (     3      0)
"CPL:C2I"                                                     -          8        8 1.152000e+03   2.817147e-01     0.040 (     5      0)     0.030 (     2      0)
"CPL:c2i_icex2icei"                                           -          8        8 1.152000e+03   2.499165e-01     0.035 (     3      0)     0.028 (     6      0)
"CPL:ice_infoexch"                                            -          8        8 1.152000e+03   3.000597e-02     0.008 (     7      0)     0.001 (     0      0)
"CPL:ICE_RUN"                                                 -          8        8 1.152000e+03   4.499262e+00     0.593 (     1      0)     0.523 (     5      0)
"i:cice_run_total"                                            -          8        8 1.152000e+03   4.178365e+00     0.551 (     1      0)     0.486 (     5      0)
"i:cice_run_import"                                           -          8        8 1.152000e+03   3.161212e-01     0.044 (     1      0)     0.035 (     7      0)
"i:cice_imp_ocn"                                              -          8        8 1.152000e+03   2.412487e-02     0.004 (     3      0)     0.002 (     6      0)
"i:cice_imp_atm"                                              -          8        8 1.152000e+03   2.627333e-02     0.004 (     1      0)     0.003 (     7      0)
"i:cice_run_initmd"                                           -          8        8 1.152000e+03   1.579224e-01     0.025 (     7      0)     0.015 (     1      0)
"i:cice_run_presc"                                            -          8        8 1.152000e+03   1.750129e+00     0.223 (     1      0)     0.216 (     7      0)
"i:cice_pice_strd_adv_total"                                  -          8        8 1.152000e+03   1.274958e+00     0.160 (     1      0)     0.159 (     7      0)
"i:cice_pice_strd_adv_readLBUB"                               -          8        8 1.152000e+03   1.247168e+00     0.156 (     3      0)     0.156 (     7      0)
"i:cice_pice_readLBUB_setup"                                  -          8        8 1.152000e+03   3.820890e-04     0.000 (     5      0)     0.000 (     3      0)
"i:cice_pice_readLBUB_fbound"                                 -          8        8 8.000000e+00   1.600288e-03     0.002 (     0      0)     0.000 (     1      0)
"i:cice_pice_readLBUB_bcast"                                  -          8        8 8.000000e+00   1.129093e-02     0.002 (     7      0)     0.000 (     0      0)
"i:cice_pice_readLBUB_LB_setup"                               -          8        8 8.000000e+00   3.013900e-05     0.000 (     0      0)     0.000 (     7      0)
"i:cice_pice_readLBUB_LB_readpio"                             -          8        8 8.000000e+00   1.228711e+00     0.154 (     3      0)     0.154 (     0      0)
"i:PIO:openfile"                                              -          8        8 8.000000e+00   1.224242e+00     0.153 (     4      0)     0.153 (     0      0)
"i:PIO:pio_inq_varid_file_vdesc"                              -          8        8 3.200000e+01   2.932920e-04     0.000 (     2      0)     0.000 (     0      0)
"i:PIO:pio_inq_varid_file_vid"                                -          8        8 3.200000e+01   2.812560e-04     0.000 (     2      0)     0.000 (     0      0)
"i:PIO:pio_inq_varndims_file_vdesc"                           -          8        8 1.600000e+01   1.121040e-04     0.000 (     6      0)     0.000 (     3      0)
"i:PIO:pio_inq_varndims_file_vid"                             -          8        8 1.600000e+01   1.050400e-04     0.000 (     6      0)     0.000 (     0      0)
"i:PIO:pio_inq_vardimid_file_vdesc"                           -          8        8 1.600000e+01   1.923260e-04     0.000 (     7      0)     0.000 (     0      0)
"i:PIO:pio_inq_vardimid_file_vid"                             -          8        8 1.600000e+01   1.850330e-04     0.000 (     7      0)     0.000 (     0      0)
"i:PIO:pio_inq_dimlen_file_dimid"                             -          8        8 4.800000e+01   1.503450e-04     0.000 (     4      0)     0.000 (     1      0)
"i:PIO:pio_inq_dimlen_file_dimid_offlen"                      -          8        8 4.800000e+01   1.338630e-04     0.000 (     4      0)     0.000 (     0      0)
"i:PIO:pio_inq_vartype_file_vdesc"                            -          8        8 1.600000e+01   8.749900e-05     0.000 (     6      0)     0.000 (     1      0)
"i:PIO:pio_inq_vartype_file_vid"                              -          8        8 1.600000e+01   7.902000e-05     0.000 (     6      0)     0.000 (     3      0)
"i:PIO:read_darray_1d_real"                                   -          8        8 1.600000e+01   4.942024e-03     0.001 (     0      0)     0.001 (     7      0)
"i:PIO:PIOc_read_darray"                                      -          8        8 1.600000e+01   4.905265e-03     0.001 (     0      0)     0.001 (     7      0)
"i:PIO:read_darray_nc"                                        -          8        8 1.600000e+01   7.824400e-04     0.000 (     0      0)     0.000 (     2      0)
"i:PIO:rearrange_io2comp"                                     -          8        8 1.600000e+01   3.754270e-03     0.001 (     3      0)     0.000 (     4      0)
"i:PIO:pio_swapm"                                             -          8        8 1.600000e+01   3.493173e-03     0.001 (     3      0)     0.000 (     4      0)
"i:cice_pice_readLBUB_UB_setup"                               -          8        8 8.000000e+00   3.841200e-05     0.000 (     0      0)     0.000 (     1      0)
"i:cice_pice_readLBUB_UB_readpio"                             -          8        8 8.000000e+00   2.196112e-03     0.000 (     2      0)     0.000 (     6      0)
"i:cice_pice_readLBUB_filemgt"                                -          8        8 1.152000e+03   1.570210e-04     0.000 (     2      0)     0.000 (     0      0)
"i:cice_pice_strd_adv_map"                                    -          8        8 8.000000e+00   4.806164e-03     0.001 (     6      0)     0.001 (     0      0)
"i:cice_pice_strd_adv_tint"                                   -          8        8 1.152000e+03   1.959343e-02     0.003 (     1      0)     0.002 (     6      0)
"i:cice_run_initflux"                                         -          8        8 1.152000e+03   7.106500e-02     0.015 (     1      0)     0.007 (     5      0)
"i:cice_run_prepradiation"                                    -          8        8 1.152000e+03   1.390048e-02     0.002 (     0      0)     0.002 (     4      0)
"i:cice_run_therm1"                                           -          8        8 1.152000e+03   6.246628e-01     0.088 (     7      0)     0.066 (     1      0)
"i:cice_run_dyn"                                              -          8        8 1.152000e+03   5.946000e-05     0.000 (     3      0)     0.000 (     4      0)
"i:cice_run_radiation"                                        -          8        8 1.152000e+03   4.518378e-01     0.083 (     0      0)     0.035 (     1      0)
"i:cice_step_radiationib"                                     -          8       56 8.640000e+03   1.345754e+00     0.064 (     0      5)     0.013 (     6      0)
"i:cice_step_rib_swdedd1"                                     -          8       56 8.640000e+03   1.308720e-01     0.004 (     2      0)     0.001 (     6      0)
"i:cice_step_rib_swdedd2"                                     -          8       56 8.640000e+03   1.409627e-02     0.001 (     0      5)     0.000 (     1      1)
"i:cice_step_rib_swdedd7"                                     -          8       56 8.640000e+03   1.151079e+00     0.059 (     0      5)     0.011 (     6      0)
"i:cice_run_couplingprep"                                     -          8        8 1.152000e+03   4.059852e-01     0.095 (     1      0)     0.029 (     2      0)
"i:ice_HaloUpdate2DR8"                                        -          8        8 1.152000e+03   2.144653e-01     0.066 (     1      0)     0.003 (     2      0)
"i:ice_HU2DR8_init"                                           -          8        8 1.152000e+03   2.576720e-04     0.000 (     1      0)     0.000 (     3      0)
"i:cice_run_diag"                                             -          8        8 1.152000e+03   3.298582e-02     0.005 (     5      0)     0.003 (     3      0)
"i:cice_run_hist"                                             -          8        8 1.152000e+03   1.509996e-01     0.025 (     1      0)     0.014 (     6      0)
"i:cice_run_accum"                                            -          8        8 1.152000e+03   6.841116e-03     0.001 (     1      0)     0.001 (     7      0)
"i:cice_run_export"                                           -          8        8 1.152000e+03   1.729369e-01     0.026 (     0      0)     0.018 (     7      0)
"CPL:LND_RUN"                                                 -          8        8 1.152000e+03   4.787965e+01     6.131 (     0      0)     5.795 (     6      0)
"l:lc_lnd_import"                                             -          8        8 1.152000e+03   1.921627e-01     0.026 (     3      0)     0.022 (     1      0)
"l:elm_run"                                                   -          8        8 1.160000e+03   4.742231e+01     6.074 (     0      0)     5.739 (     6      0)
"l:shr_orb_decl"                                              -          8        8 1.160000e+03   1.205795e-03     0.000 (     5      0)     0.000 (     2      0)
"l:decomp_vert"                                               -          8       56 8.120000e+03   6.725243e-02     0.001 (     0      4)     0.001 (     6      0)
"l:beggridwbal"                                               -          8       56 8.120000e+03   2.412381e+00     0.047 (     4      6)     0.038 (     7      2)
"l:cnpinit"                                                   -          8       56 8.120000e+03   4.905127e-03     0.000 (     5      6)     0.000 (     2      0)
"l:cnpvegsumm"                                                -          8       56 8.120000e+03   4.671950e-04     0.000 (     3      3)     0.000 (     7      0)
"l:dyn_subgrid"                                               -          8        8 1.160000e+03   1.670015e+00     0.218 (     1      0)     0.201 (     6      0)
"l:begwbal"                                                   -          8       56 8.120000e+03   5.675407e-01     0.011 (     1      0)     0.008 (     7      4)
"l:begcnpbal"                                                 -          8       56 8.120000e+03   1.417630e-03     0.000 (     0      2)     0.000 (     7      6)
"l:drvinit"                                                   -          8       56 8.120000e+03   9.737493e-01     0.022 (     7      6)     0.014 (     6      2)
"l:canhydro"                                                  -          8       56 8.120000e+03   3.403574e+00     0.070 (     4      6)     0.053 (     6      1)
"l:surfrad"                                                   -          8       56 8.120000e+03   8.231530e+00     0.157 (     5      1)     0.135 (     2      3)
"l:bgp1"                                                      -          8       56 8.120000e+03   5.860228e+00     0.125 (     3      0)     0.083 (     7      3)
"l:bgflux"                                                    -          8       56 8.120000e+03   2.173659e+00     0.047 (     0      3)     0.033 (     3      0)
"l:canflux"                                                   -          8       56 8.120000e+03   5.871296e+01     1.233 (     0      6)     0.838 (     7      4)
"l:can_iter"                                                  -          8       56 8.120000e+03   4.648707e+01     0.987 (     2      4)     0.640 (     7      4)
"l:uflux"                                                     -          8       56 8.120000e+03   3.242469e+00     0.093 (     3      0)     0.030 (     7      4)
"l:bgplake"                                                   -          8       56 8.120000e+03   7.567800e+00     0.184 (     7      0)     0.083 (     7      4)
"l:bgc"                                                       -          8       56 8.120000e+03   4.336482e+00     0.098 (     3      0)     0.053 (     7      4)
"l:soiltemperature"                                           -          8       56 8.120000e+03   5.016695e+01     1.190 (     1      0)     0.487 (     7      4)
"l:SoilThermProp"                                             -          8       56 8.120000e+03   7.443645e+00     0.216 (     1      0)     0.053 (     7      4)
"l:SoilTempBandDiag"                                          -          8       56 1.624000e+04   8.471228e+00     0.224 (     3      0)     0.101 (     7      3)
"l:PhaseChangeH2osfc"                                         -          8       56 8.120000e+03   9.951908e-02     0.002 (     7      0)     0.001 (     7      3)
"l:PhaseChangebeta"                                           -          8       56 8.120000e+03   4.007720e+00     0.102 (     1      4)     0.044 (     7      4)
"l:bgp2"                                                      -          8       56 8.120000e+03   6.420829e+00     0.138 (     1      4)     0.080 (     7      4)
"l:bgp2_loop_1"                                               -          8       56 8.120000e+03   1.693811e+00     0.038 (     0      6)     0.021 (     7      4)
"l:bgp2_loop_2"                                               -          8       56 8.120000e+03   1.908377e+00     0.040 (     1      4)     0.024 (     7      4)
"l:bgp2_loop_3"                                               -          8       56 8.120000e+03   2.180457e+00     0.049 (     1      4)     0.026 (     7      4)
"l:bgp2_loop_4"                                               -          8       56 8.120000e+03   5.663148e-01     0.012 (     0      6)     0.008 (     7      4)
"l:patch2col"                                                 -          8       56 8.120000e+03   3.207149e+00     0.071 (     1      1)     0.044 (     7      4)
"l:hydro without drainage"                                    -          8       56 8.120000e+03   2.569317e+01     0.587 (     4      1)     0.355 (     7      3)
"l:hylake"                                                    -          8       56 8.120000e+03   1.797512e+00     0.040 (     7      2)     0.022 (     7      0)
"l:snow_init"                                                 -          8       56 8.120000e+03   1.816289e-01     0.005 (     0      3)     0.001 (     3      0)
"l:ecosysdyn"                                                 -          8       56 8.120000e+03   9.123699e-01     0.022 (     3      3)     0.008 (     7      0)
"l:depvel"                                                    -          8       56 1.624000e+04   1.574012e-02     0.000 (     1      5)     0.000 (     7      1)
"l:hydro2 drainage"                                           -          8       56 8.120000e+03   2.704554e+00     0.064 (     4      3)     0.035 (     7      0)
"l:balchk"                                                    -          8       56 8.120000e+03   2.079775e+00     0.045 (     0      5)     0.021 (     7      0)
"l:gridbalchk"                                                -          8       56 8.120000e+03   1.119940e+00     0.023 (     0      5)     0.017 (     7      0)
"l:lnd2atm"                                                   -          8        8 1.160000e+03   5.447069e+00     0.698 (     4      0)     0.653 (     7      0)
"l:wrtdiag"                                                   -          8        8 1.160000e+03   2.454497e-02     0.006 (     0      0)     0.002 (     6      0)
"l:hbuf"                                                      -          8        8 1.160000e+03   5.103474e+00     0.693 (     0      0)     0.602 (     7      0)
"l:elm_drv_io"                                                -          8        8 1.160000e+03   3.875537e-03     0.001 (     5      0)     0.000 (     1      0)
"l:elm_drv_io_htapes"                                         -          8        8 1.160000e+03   3.160192e-03     0.000 (     7      0)     0.000 (     1      0)
"l:lc_lnd_export"                                             -          8        8 1.160000e+03   7.495979e-02     0.009 (     7      0)     0.009 (     1      0)
"l:lc_elm2_adv_timestep"                                      -          8        8 1.160000e+03   7.926650e-04     0.000 (     5      0)     0.000 (     2      0)
"l:accum"                                                     -          8        8 1.152000e+03   1.595118e+00     0.202 (     7      0)     0.195 (     2      0)
"CPL:ATMOCNP"                                                 -          8        8 1.152000e+03   1.630658e+00     0.248 (     3      0)     0.159 (     7      0)
"CPL:atmocnp_fluxo"                                           -          8        8 1.152000e+03   1.394759e+00     0.220 (     3      0)     0.128 (     7      0)
"CPL:atmocnp_ocnalb"                                          -          8        8 1.152000e+03   2.336950e-01     0.030 (     6      0)     0.028 (     3      0)
"CPL:L2C"                                                     -          8        8 1.152000e+03   7.538707e-01     0.137 (     7      0)     0.049 (     3      0)
"CPL:l2c_lndl2lndx"                                           -          8        8 1.152000e+03   7.512620e-01     0.137 (     7      0)     0.048 (     3      0)
"lnd2cpl_run"                                                 -          8        8 1.152000e+03   8.031900e-04     0.000 (     3      0)     0.000 (     2      0)
"CPL:LNDPOST"                                                 -          8        8 1.152000e+03   2.557650e-04     0.000 (     1      0)     0.000 (     4      0)
"CPL:I2C"                                                     -          8        8 1.152000e+03   1.506692e-01     0.024 (     2      0)     0.014 (     3      0)
"CPL:i2c_icei2icex"                                           -          8        8 1.152000e+03   1.480367e-01     0.024 (     2      0)     0.013 (     3      0)
"CPL:i2c_infoexch"                                            -          8        8 1.152000e+03   7.314990e-04     0.000 (     0      0)     0.000 (     6      0)
"CPL:ICEPOST"                                                 -          8        8 1.152000e+03   1.853590e-04     0.000 (     1      0)     0.000 (     3      0)
"CPL:FRACSET"                                                 -          8        8 1.152000e+03   3.072023e-01     0.042 (     6      0)     0.036 (     3      0)
"CPL:fracset_fracset"                                         -          8        8 1.152000e+03   3.065439e-01     0.042 (     6      0)     0.035 (     3      0)
"CPL:ATMPREP"                                                 -          8        8 1.152000e+03   3.719021e+00     0.531 (     5      0)     0.419 (     1      0)
"CPL:atmprep_xao2atm"                                         -          8        8 1.152000e+03   7.543879e-01     0.114 (     5      0)     0.072 (     7      0)
"CPL:atmprep_ocn2atm"                                         -          8        8 1.152000e+03   6.147857e-01     0.101 (     7      0)     0.052 (     0      0)
"CPL:atmprep_alb2atm"                                         -          8        8 1.152000e+03   1.706279e-01     0.027 (     2      0)     0.017 (     0      0)
"CPL:atmprep_ice2atm"                                         -          8        8 1.152000e+03   8.157094e-01     0.112 (     5      0)     0.093 (     7      0)
"CPL:atmprep_lnd2atm"                                         -          8        8 1.152000e+03   6.478296e-01     0.091 (     6      0)     0.071 (     1      0)
"CPL:atmprep_mrgx2a"                                          -          8        8 1.152000e+03   7.096227e-01     0.135 (     5      0)     0.064 (     1      0)
"CPL:C2A"                                                     -          8        8 1.152000e+03   6.851567e-01     0.117 (     1      0)     0.026 (     5      0)
"CPL:c2a_atmx2atmg"                                           -          8        8 1.152000e+03   4.446681e-01     0.091 (     3      0)     0.020 (     0      0)
"CPL:c2a_infoexch"                                            -          8        8 1.152000e+03   2.388172e-01     0.070 (     0      0)     0.001 (     6      0)
"CPL:ATM_RUN"                                                 -          8        8 1.152000e+03   8.031845e+02   101.437 (     5      0)    99.521 (     3      0)
"a:EAMxx::run"                                                -          8        8 1.152000e+03   8.028868e+02   101.400 (     5      0)    99.484 (     3      0)
"a:EAMxx::EAMxx::run"                                         -          8        8 1.152000e+03   8.027783e+02   101.388 (     5      0)    99.472 (     3      0)
"a:EAMxx::EAMxx::run-precondition-checks"                     -          8        8 1.152000e+03   4.790420e-04     0.000 (     3      0)     0.000 (     1      0)
"a:EAMxx::SurfaceCouplingImporter::run"                       -          8        8 1.152000e+03   1.285066e+00     0.165 (     6      0)     0.156 (     5      0)
"a:EAMxx::SurfaceCouplingImporter::run-precondition-checks"   -          8        8 1.152000e+03   2.376060e-04     0.000 (     3      0)     0.000 (     7      0)
"a:EAMxx::SurfaceCouplingImporter::run-postcondition-checks"  -          8        8 1.152000e+03   1.099583e+00     0.142 (     2      0)     0.133 (     5      0)
"a:EAMxx::homme::run"                                         -          8        8 1.152000e+03   4.131467e+02    51.663 (     1      0)    51.620 (     3      0)
"a:EAMxx::homme::run-precondition-checks"                     -          8        8 1.152000e+03   1.930240e-04     0.000 (     1      0)     0.000 (     4      0)
"a:tl-sc prim_run_subcycle_c"                                 -          8        8 1.152000e+03   3.981910e+02    49.784 (     1      0)    49.757 (     3      0)
"a:tl-s prim_step_flexible"                                   -          8        8 1.152000e+03   3.981874e+02    49.784 (     1      0)    49.757 (     3      0)
"a:ApplyCAMForcing_tracers"                                   -          8        8 1.152000e+03   1.088704e+00     0.138 (     0      0)     0.134 (     3      0)
"a:tl-s deep_copy+derived_dp"                                 -          8        8 1.152000e+03   1.767593e-01     0.023 (     4      0)     0.021 (     2      0)
"a:ApplyCAMForcing_dynamics"                                  -          8        8 3.456000e+03   8.640926e-01     0.114 (     1      0)     0.097 (     3      0)
"a:tl-ae prim_advance_exp"                                    -          8        8 6.912000e+03   3.410564e+02    42.667 (     3      0)    42.575 (     2      0)
"a:ttype9_imex_timestep"                                      -          8        8 6.912000e+03   2.960087e+02    37.151 (     4      0)    36.878 (     2      0)
"a:caar compute"                                              -          8        8 6.912000e+04   1.078710e+02    13.691 (     5      0)    13.417 (     7      0)
"a:caar_bexchV"                                               -          8        8 3.456000e+04   5.094764e+01     6.484 (     1      0)     6.078 (     2      0)
"a:caar limiter"                                              -          8        8 4.147200e+04   3.069110e+00     0.386 (     4      0)     0.382 (     3      0)
"a:compute_stage_value_dirk"                                  -          8        8 3.456000e+04   1.319955e+02    16.714 (     2      0)    16.319 (     0      0)
"a:tl-ae advance_hypervis_dp"                                 -          8        8 6.912000e+03   4.475577e+01     5.729 (     3      0)     5.467 (     4      0)
"a:hvf-bhwk"                                                  -          8        8 6.912000e+03   2.700969e+01     3.478 (     0      0)     3.297 (     7      0)
"a:hvf-bexch"                                                 -          8        8 2.073600e+04   1.742407e+01     2.336 (     3      0)     2.038 (     4      0)
"a:tl-sc vertical_remap"                                      -          8        8 3.456000e+03   2.469441e+01     3.172 (     2      0)     3.049 (     4      0)
"a:Remap Thickness Functor"                                   -          8        8 3.456000e+03   8.090027e-01     0.102 (     7      0)     0.101 (     5      0)
"a:Remap Scale States Functor"                                -          8        8 3.456000e+03   2.581580e-01     0.033 (     0      0)     0.032 (     7      0)
"a:Remap Compute Grids Functor"                               -          8        8 3.456000e+03   2.060161e+00     0.258 (     1      0)     0.257 (     3      0)
"a:Remap Compute Remap Functor"                               -          8        8 3.456000e+03   1.857799e+01     2.408 (     2      0)     2.283 (     4      0)
"a:Remap Rescale States Functor"                              -          8        8 3.456000e+03   2.582029e-01     0.033 (     0      0)     0.032 (     3      0)
"a:tl-at prim_advec_tracers_compose"                          -          8        8 1.152000e+03   2.658817e+01     3.338 (     4      0)     3.288 (     2      0)
"a:compose_transport"                                         -          8        8 1.152000e+03   2.657857e+01     3.337 (     4      0)     3.286 (     2      0)
"a:compose_calc_trajectory"                                   -          8        8 1.152000e+03   4.840213e+00     0.616 (     3      0)     0.584 (     2      0)
"a:compose_3d_levels"                                         -          8        8 1.152000e+03   2.920752e+00     0.366 (     6      0)     0.363 (     4      0)
"a:compose_v_bexchv"                                          -          8        8 1.152000e+03   1.717989e+00     0.227 (     3      0)     0.192 (     2      0)
"a:compose_v2x"                                               -          8        8 1.152000e+03   1.979928e-01     0.025 (     2      0)     0.024 (     5      0)
"a:compose_isl"                                               -          8        8 1.152000e+03   5.227574e+00     0.691 (     7      0)     0.621 (     5      0)
"a:compose_hypervis_scalar"                                   -          8        8 1.152000e+03   6.903704e+00     0.897 (     5      0)     0.826 (     7      0)
"a:compose_cedr_global"                                       -          8        8 1.152000e+03   4.329052e+00     0.544 (     1      0)     0.537 (     7      0)
"a:repro_sum_int"                                             -          8        8 1.152000e+03   1.057640e+00     0.138 (     3      0)     0.126 (     6      0)
"a:compose_cedr_local"                                        -          8        8 1.152000e+03   2.667338e+00     0.343 (     4      0)     0.324 (     3      0)
"a:compose_dss_q"                                             -          8        8 1.152000e+03   2.604583e+00     0.341 (     6      0)     0.313 (     4      0)
"a:compose_vertical_remap"                                    -          8        8 1.152000e+03   3.685324e+00     0.476 (     2      0)     0.453 (     4      0)
"a:EAMxx::homme::run-postcondition-checks"                    -          8        8 1.152000e+03   1.699870e+00     0.216 (     2      0)     0.210 (     1      0)
"a:EAMxx::physics::run"                                       -          8        8 1.152000e+03   3.878834e+02    49.533 (     5      0)    47.635 (     3      0)
"a:EAMxx::physics::run-precondition-checks"                   -          8        8 1.152000e+03   2.621480e-04     0.000 (     0      0)     0.000 (     3      0)
"a:EAMxx::mac_aero_mic::run"                                  -          8        8 1.152000e+03   2.735763e+02    34.977 (     5      0)    33.451 (     1      0)
"a:EAMxx::mac_aero_mic::run-precondition-checks"              -          8        8 1.152000e+03   2.094970e-04     0.000 (     6      0)     0.000 (     2      0)
"a:EAMxx::tms::run"                                           -          8        8 1.382400e+04   2.051631e+00     0.279 (     3      0)     0.235 (     5      0)
"a:EAMxx::tms::run-precondition-checks"                       -          8        8 1.382400e+04   2.337869e-03     0.000 (     6      0)     0.000 (     1      0)
"a:EAMxx::tms::run-postcondition-checks"                      -          8        8 1.382400e+04   1.853039e+00     0.255 (     3      0)     0.211 (     5      0)
"a:EAMxx::shoc::run"                                          -          8        8 1.382400e+04   8.464820e+01    10.662 (     5      0)    10.502 (     3      0)
"a:EAMxx::shoc::run-precondition-checks"                      -          8        8 1.382400e+04   1.343947e-03     0.000 (     2      0)     0.000 (     1      0)
"a:EAMxx::shoc::preprocess"                                   -          8        8 1.382400e+04   1.842843e-01     0.025 (     2      0)     0.021 (     1      0)
"a:EAMxx::shoc::shoc_main"                                    -          8        8 1.382400e+04   6.179445e+01     7.840 (     5      0)     7.652 (     0      0)
"a:EAMxx::shoc::postprocess"                                  -          8        8 1.382400e+04   1.237953e+00     0.158 (     7      0)     0.152 (     1      0)
"a:EAMxx::shoc::run-postcondition-checks"                     -          8        8 1.382400e+04   1.805107e+01     2.312 (     2      0)     2.208 (     1      0)
"a:EAMxx::cld_fraction::run"                                  -          8        8 1.382400e+04   5.474389e+00     0.698 (     2      0)     0.665 (     1      0)
"a:EAMxx::cld_fraction::run-precondition-checks"              -          8        8 1.382400e+04   2.142026e-03     0.000 (     1      0)     0.000 (     3      0)
"a:EAMxx::cld_fraction::run-postcondition-checks"             -          8        8 1.382400e+04   4.928726e+00     0.629 (     2      0)     0.598 (     1      0)
"a:EAMxx::spa::run"                                           -          8        8 1.382400e+04   4.428879e+01     5.581 (     2      0)     5.502 (     5      0)
"a:EAMxx::spa::run-precondition-checks"                       -          8        8 1.382400e+04   1.578815e-03     0.000 (     7      0)     0.000 (     4      0)
"a:EAMxx::spa::run-postcondition-checks"                      -          8        8 1.382400e+04   2.235017e+01     2.814 (     2      0)     2.781 (     5      0)
"a:EAMxx::p3::run"                                            -          8        8 1.382400e+04   1.370387e+02    17.892 (     5      0)    16.467 (     1      0)
"a:EAMxx::p3::run-precondition-checks"                        -          8        8 1.382400e+04   1.323476e+00     0.171 (     2      0)     0.160 (     1      0)
"a:EAMxx::p3::run-postcondition-checks"                       -          8        8 1.382400e+04   2.342740e+01     2.992 (     2      0)     2.873 (     1      0)
"a:EAMxx::mac_aero_mic::run-postcondition-checks"             -          8        8 1.152000e+03   2.052920e-04     0.000 (     4      0)     0.000 (     0      0)
"a:EAMxx::rrtmgp::run"                                        -          8        8 1.152000e+03   1.142709e+02    14.552 (     5      0)    13.965 (     3      0)
"a:EAMxx::rrtmgp::run-precondition-checks"                    -          8        8 1.152000e+03   5.822453e-02     0.008 (     0      0)     0.007 (     1      0)
"a:EAMxx::rrtmgp::run-postcondition-checks"                   -          8        8 1.152000e+03   2.388939e+00     0.305 (     2      0)     0.293 (     1      0)
"a:EAMxx::physics::run-postcondition-checks"                  -          8        8 1.152000e+03   1.503750e-04     0.000 (     6      0)     0.000 (     2      0)
"a:EAMxx::SurfaceCouplingExporter::run"                       -          8        8 1.152000e+03   4.068461e-01     0.052 (     6      0)     0.050 (     5      0)
"a:EAMxx::SurfaceCouplingExporter::run-precondition-checks"   -          8        8 1.152000e+03   2.795260e-04     0.000 (     5      0)     0.000 (     0      0)
"a:EAMxx::SurfaceCouplingExporter::run-postcondition-checks"  -          8        8 1.152000e+03   1.941900e-04     0.000 (     3      0)     0.000 (     1      0)
"a:EAMxx::EAMxx::run-postcondition-checks"                    -          8        8 1.152000e+03   1.410050e-04     0.000 (     1      0)     0.000 (     4      0)
"a:EAMxx::IO::restart"                                        -          8        8 1.152000e+03   4.670167e-03     0.001 (     1      0)     0.001 (     3      0)
"a:EAMxx::IO::model_restart"                                  -          8        8 1.152000e+03   3.877206e-03     0.001 (     1      0)     0.000 (     3      0)
"a:EAMxx::IO::restart::get_new_file"                          -          8        8 1.152000e+03   1.342890e-04     0.000 (     5      0)     0.000 (     2      0)
"a:EAMxx::IO::restart::run_output_streams"                    -          8        8 1.152000e+03   1.511467e-03     0.000 (     1      0)     0.000 (     4      0)
"a:EAMxx::IO::standard"                                       -          8        8 1.152000e+03   2.606261e-03     0.001 (     1      0)     0.000 (     6      0)
"a:EAMxx::IO::nooutput.yaml"                                  -          8        8 1.152000e+03   1.960231e-03     0.000 (     1      0)     0.000 (     6      0)
"a:EAMxx::IO::standard::get_new_file"                         -          8        8 1.152000e+03   1.068050e-04     0.000 (     5      0)     0.000 (     4      0)
"a:EAMxx::IO::standard::run_output_streams"                   -          8        8 1.152000e+03   1.219820e-04     0.000 (     0      0)     0.000 (     3      0)
"CPL:A2C"                                                     -          8        8 1.152000e+03   2.658187e+01     4.440 (     3      0)     1.676 (     0      0)
"CPL:a2c_atma2atmx"                                           -          8        8 1.152000e+03   2.205055e+01     3.923 (     3      0)     1.249 (     0      0)
"CPL:a2c_infoexch"                                            -          8        8 1.152000e+03   4.529074e+00     1.063 (     5      0)     0.192 (     1      0)
"CPL:ATMPOST"                                                 -          8        8 1.152000e+03   3.162130e-04     0.000 (     0      0)     0.000 (     6      0)
"CPL:HISTORY"                                                 -          8        8 1.152000e+03   7.624710e-04     0.000 (     3      0)     0.000 (     2      0)
"CPL:cime_run_write_history"                                  -          8        8 1.152000e+03   2.585130e-04     0.000 (     5      0)     0.000 (     2      0)
"CPL:TSTAMP_WRITE"                                            -          8        8 1.152000e+03   2.079013e-02     0.019 (     0      0)     0.000 (     3      0)
"CPL:TPROF_WRITE"                                             -          8        8 1.152000e+03   1.734433e+01     2.172 (     1      0)     2.167 (     0      0)
"CPL:C2O_INITWAIT"                                            -          8        8 1.144000e+03   7.883024e-01     0.356 (     0      0)     0.003 (     5      0)
"l:interpMonthlyVeg"                                          -          8        8 1.144000e+03   1.682451e+00     0.211 (     4      0)     0.210 (     1      0)
"l:readMonthlyVeg"                                            -          8        8 8.000000e+00   1.681002e+00     0.211 (     4      0)     0.209 (     1      0)
"l:PIO:openfile"                                              -          8        8 8.000000e+00   1.352267e+00     0.170 (     5      0)     0.168 (     0      0)
"l:PIO:pio_inq_varid_file_vdesc"                              -          8        8 6.400000e+01   1.638916e-02     0.005 (     5      0)     0.000 (     0      0)
"l:PIO:pio_inq_varid_file_vid"                                -          8        8 6.400000e+01   1.636467e-02     0.005 (     5      0)     0.000 (     0      0)
"l:PIO:pio_inq_varndims_file_vdesc"                           -          8        8 6.400000e+01   3.504870e-04     0.000 (     6      0)     0.000 (     3      0)
"l:PIO:pio_inq_varndims_file_vid"                             -          8        8 6.400000e+01   3.305220e-04     0.000 (     6      0)     0.000 (     3      0)
"l:PIO:pio_inq_vardimid_file_vdesc"                           -          8        8 6.400000e+01   6.503930e-04     0.000 (     7      0)     0.000 (     3      0)
"l:PIO:pio_inq_vardimid_file_vid"                             -          8        8 6.400000e+01   6.300580e-04     0.000 (     7      0)     0.000 (     3      0)
"l:PIO:pio_inq_dimname_file_dimid"                            -          8        8 5.440000e+02   1.698436e-03     0.000 (     6      0)     0.000 (     3      0)
"l:PIO:pio_inq_dimlen_file_dimid"                             -          8        8 1.280000e+02   3.375550e-04     0.000 (     7      0)     0.000 (     3      0)
"l:PIO:pio_inq_dimlen_file_dimid_offlen"                      -          8        8 1.280000e+02   3.034220e-04     0.000 (     7      0)     0.000 (     3      0)
"l:PIO:pio_inquire_file"                                      -          8        8 2.400000e+02   6.721800e-04     0.000 (     0      0)     0.000 (     3      0)
"l:PIO:pio_inq_ndims_file"                                    -          8        8 2.400000e+02   6.109900e-04     0.000 (     0      0)     0.000 (     3      0)
"l:PIO:initdecomp"                                            -          8        8 8.000000e+00   1.445075e-02     0.002 (     1      0)     0.002 (     0      0)
"l:PIO:PIOc_initdecomp"                                       -          8        8 8.000000e+00   1.415878e-02     0.002 (     1      0)     0.002 (     0      0)
"l:PIO:box_rearrange_create"                                  -          8        8 8.000000e+00   1.349374e-02     0.002 (     0      0)     0.002 (     2      0)
"l:PIO:pio_swapm"                                             -          8        8 8.800000e+01   2.408432e-01     0.037 (     3      0)     0.016 (     4      0)
"l:PIO:read_darray_3d_double"                                 -          8        8 6.400000e+01   2.805013e-01     0.037 (     0      0)     0.032 (     5      0)
"l:PIO:PIOc_read_darray"                                      -          8        8 6.400000e+01   2.803804e-01     0.037 (     0      0)     0.032 (     5      0)
"l:PIO:read_darray_nc"                                        -          8        8 6.400000e+01   4.027816e-02     0.021 (     4      0)     0.000 (     2      0)
"l:PIO:rearrange_io2comp"                                     -          8        8 6.400000e+01   2.374485e-01     0.036 (     3      0)     0.016 (     4      0)
"l:PIO:closefile"                                             -          8        8 8.000000e+00   6.682930e-04     0.000 (     4      0)     0.000 (     5      0)
"l:PIO:PIOc_closefile"                                        -          8        8 8.000000e+00   6.577210e-04     0.000 (     4      0)     0.000 (     5      0)
"l:surfalb"                                                   -          8       56 8.008000e+03   1.293415e+01     0.327 (     3      4)     0.121 (     7      0)
"l:urbsurfalb"                                                -          8       56 8.008000e+03   3.209158e+00     0.082 (     0      3)     0.041 (     7      0)
"CPL:OCNT_RUN"                                                -          8        8 1.144000e+03   2.247964e-01     0.050 (     0      0)     0.025 (     1      0)
"o:DOCN_RUN"                                                  -          8        8 1.144000e+03   1.583180e-01     0.022 (     0      0)     0.019 (     3      0)
"o:docn_run1"                                                 -          8        8 1.144000e+03   9.317430e-04     0.000 (     6      0)     0.000 (     1      0)
"o:docn"                                                      -          8        8 1.144000e+03   1.531297e-01     0.019 (     6      0)     0.019 (     3      0)
"o:docn_strdata_advance"                                      -          8        8 1.144000e+03   3.243501e-02     0.004 (     6      0)     0.004 (     3      0)
"o:docn_strd_adv_total"                                       -          8        8 1.144000e+03   3.055478e-02     0.004 (     6      0)     0.004 (     3      0)
"o:docn_strd_adv_readLBUB"                                    -          8        8 1.144000e+03   3.749194e-03     0.000 (     4      0)     0.000 (     3      0)
"o:docn_readLBUB_setup"                                       -          8        8 1.144000e+03   4.969280e-04     0.000 (     2      0)     0.000 (     0      0)
"o:docn_readLBUB_filemgt"                                     -          8        8 1.144000e+03   1.843730e-04     0.000 (     1      0)     0.000 (     0      0)
"o:docn_strd_adv_tint"                                        -          8        8 1.144000e+03   2.009815e-02     0.003 (     6      0)     0.002 (     4      0)
"o:docn_scatter"                                              -          8        8 1.144000e+03   8.392499e-02     0.011 (     7      0)     0.010 (     4      0)
"o:docn_datamode"                                             -          8        8 1.144000e+03   1.208567e-02     0.002 (     4      0)     0.001 (     1      0)
"o:docn_run2"                                                 -          8        8 1.144000e+03   2.217729e-03     0.002 (     0      0)     0.000 (     6      0)
"CPL:O2CT"                                                    -          8        8 1.144000e+03   1.730617e+00     0.421 (     6      0)     0.017 (     0      0)
"CPL:o2c_ocno2ocnx"                                           -          8        8 1.144000e+03   1.157018e-01     0.015 (     6      0)     0.014 (     3      0)
"CPL:o2c_infoexch"                                            -          8        8 1.144000e+03   1.613197e+00     0.406 (     6      0)     0.002 (     0      0)
"CPL:OCNPOSTT"                                                -          8        8 1.144000e+03   4.497960e-04     0.000 (     7      0)     0.000 (     2      0)
"CPL:RUN_LOOP_sync1_tprf"                                     -          8        8 2.400000e+01   9.989828e-03     0.005 (     1      0)     0.000 (     0      0)
"CPL:RUN_LOOP_t_prf"                                          -          8        8 2.400000e+01   2.189789e+00     2.167 (     0      0)     0.001 (     5      0)
"CPL:RUN_LOOP_sync2_tprf"                                     -          8        8 2.400000e+01   1.514415e+01     2.166 (     7      0)     0.000 (     0      0)
"CPL:RUN_LOOP_BSTOP"                                          -          8        8 8.000000e+00   1.233159e-03     0.000 (     5      0)     0.000 (     7      0)
"CPL:FINAL"                                                   -          8        8 8.000000e+00   9.538596e-01     0.120 (     0      0)     0.119 (     3      0)
"CPL:cime_final"                                              -          8        8 8.000000e+00   9.538507e-01     0.120 (     0      0)     0.119 (     3      0)
"o_f:DOCN_FINAL"                                              -          8        8 8.000000e+00   1.289500e-05     0.000 (     0      0)     0.000 (     1      0)
"a_f:EAMxx::finalize"                                         y          8        8 8.000000e+00   7.868569e-01     0.109 (     2      0)     0.090 (     1      0)
"a_f:PIO:PIOc_sync"                                           -          8        8 8.000000e+00   2.607560e-04     0.000 (     0      0)     0.000 (     5      0)
"a_f:PIO:write_total"                                         -          8        8 1.600000e+01   1.680602e-03     0.001 (     0      0)     0.000 (     5      0)
"a_f:PIO:flush_output_buffer"                                 -          2        2 4.000000e+00   2.280740e-04     0.000 (     0      0)     0.000 (     4      0)
"a_f:PIO:PIOc_closefile"                                      -          8        8 1.600000e+01   3.267283e-03     0.001 (     0      0)     0.000 (     5      0)
"a_f:PIO:PIOc_closefile_write_mode"                           -          8        8 8.000000e+00   1.430966e-03     0.001 (     0      0)     0.000 (     5      0)
"a_f:PIO:PIOc_freedecomp"                                     -          8        8 8.000000e+01   1.473504e-02     0.006 (     0      0)     0.000 (     3      0)
"PIO:finalize"                                                -          8        8 8.000000e+01   9.228876e-03     0.007 (     0      0)     0.000 (     7      0)
"PIO:PIOc_finalize"                                           -          8        8 8.000000e+01   9.134721e-03     0.007 (     0      0)     0.000 (     7      0)
"CPL:FINAL_sync1_tprf"                                        -          8        8 8.000000e+00   2.455548e-03     0.000 (     4      0)     0.000 (     6      0)
"CPL:FINAL_t_prf"                                             y          0        0 0.000000e+00   0.000000e+00     0.000 (     0      0)     0.000 (     0      0)

