
***** GLOBAL STATISTICS (    12 MPI TASKS) *****

$Id: gptl.c,v 1.157 2011-03-28 20:55:18 rosinski Exp $
'count' is cumulative. All other stats are max/min
'on' indicates whether the timer was active during output, and so stats are lower or upper bounds.

name                                                         on  processes  threads        count      walltotal   wallmax (proc   thrd  )   wallmin (proc   thrd  )
"CPL:INIT"                                                    -         12       12 1.200000e+01   3.082929e+02    25.691 (     0      0)    25.691 (     3      0)
"CPL:cime_pre_init1"                                          -         12       12 1.200000e+01   9.894741e+00     0.825 (     0      0)     0.825 (    11      0)
"CPL:mpi_init"                                                -         12       12 1.200000e+01   9.464600e+00     0.789 (     8      0)     0.789 (     0      0)
"CPL:ESMF_Initialize"                                         -         12       12 1.200000e+01   1.700880e-03     0.000 (     8      0)     0.000 (     7      0)
"CPL:cime_pre_init2"                                          -         12       12 1.200000e+01   2.057772e+00     0.172 (    11      0)     0.171 (     8      0)
"CPL:seq_infodata_init"                                       -         12       12 1.200000e+01   5.079834e-01     0.045 (     3      0)     0.040 (     9      0)
"CPL:seq_timemgr_clockInit"                                   -         12       12 1.200000e+01   3.395626e-02     0.003 (     6      0)     0.003 (     0      0)
"CPL:cime_init"                                               -         12       12 1.200000e+01   2.963387e+02    24.695 (     0      0)    24.695 (    11      0)
"CPL:init_comps"                                              -         12       12 1.200000e+01   2.961861e+02    24.682 (     0      0)    24.682 (    11      0)
"CPL:comp_init_pre_all"                                       -         12       12 1.200000e+01   5.818582e-04     0.000 (     9      0)     0.000 (     1      0)
"CPL:comp_init_cc_atm"                                        -         12       12 1.200000e+01   2.687860e+02    22.399 (     0      0)    22.399 (     6      0)
"a_i:comp_init"                                               -         12       12 2.400000e+01   2.687415e+02    22.398 (     9      0)    22.391 (     8      0)
"a_i:EAMxx::init"                                             -         12       12 8.400000e+01   2.681938e+02    22.354 (    11      0)    22.337 (     0      0)
"a_i:EAMxx::create_output_managers"                           -         12       12 1.200000e+01   9.543244e-04     0.000 (     7      0)     0.000 (     3      0)
"a_i:EAMxx::create_atm_processes"                             -         12       12 1.200000e+01   1.471797e-01     0.013 (     9      0)     0.005 (     0      0)
"a_i:EAMxx::create_grids"                                     -         12       12 1.200000e+01   1.365725e+01     1.138 (     5      0)     1.138 (     1      0)
"a_i:PartitioningTime"                                        -         12       12 1.200000e+01   3.716676e-06     0.000 (     1      0)     0.000 (    11      0)
"a_i:repro_sum_int"                                           -         12       12 1.200000e+01   9.121939e-03     0.001 (     2      0)     0.000 (    11      0)
"a_i:PIO:spio_get_att_tc"                                     -         12       12 1.176000e+03   6.798328e-03     0.001 (     3      0)     0.001 (     8      0)
"a_i:PIO:spio_get_vars_tc"                                    -         12       12 2.400000e+02   3.003946e+00     0.250 (     0      0)     0.250 (     8      0)
"a_i:PIO:PIOc_closefile"                                      -         12       12 1.440000e+02   1.059897e-02     0.004 (     0      0)     0.000 (    10      0)
"a_i:EAMxx::create_fields"                                    -         12       12 1.200000e+01   1.732637e+00     0.148 (    11      0)     0.142 (     2      0)
"a_i:EAMxx::initialize_fields"                                -         12       12 1.200000e+01   1.086631e+01     0.906 (     2      0)     0.905 (     4      0)
"a_i:PIO:PIOc_initdecomp"                                     -         12       12 1.200000e+02   7.479489e+00     0.624 (     5      0)     0.622 (     2      0)
"a_i:PIO:box_rearrange_create"                                -         12       12 1.200000e+02   7.253314e+00     0.605 (     6      0)     0.603 (     2      0)
"a_i:PIO:pio_swapm"                                           -         12       12 6.360000e+02   1.952280e+01     2.029 (    11      0)     0.404 (     6      0)
"a_i:PIO:PIOc_read_darray"                                    -         12       12 2.760000e+02   2.269332e+01     1.897 (     9      0)     1.881 (     7      0)
"a_i:PIO:read_darray_nc"                                      -         12       12 2.760000e+02   2.992453e+00     1.527 (     0      0)     0.000 (    10      0)
"a_i:PIO:rearrange_io2comp"                                   -         12       12 2.760000e+02   1.816396e+01     1.884 (    11      0)     0.337 (     6      0)
"a_i:EAMxx::initialize_atm_procs"                             -         12       12 1.200000e+01   2.413332e+02    20.111 (     7      0)    20.111 (     6      0)
"a_i:EAMxx::SurfaceCouplingImporter::init"                    -         12       12 1.200000e+01   3.470200e-01     0.030 (     7      0)     0.029 (     4      0)
"a_i:EAMxx::homme::init"                                      -         12       12 1.200000e+01   1.913219e+02    15.944 (    10      0)    15.943 (     7      0)
"a_i:compose_init"                                            -         12       12 1.200000e+01   4.030968e-01     0.034 (    11      0)     0.033 (     7      0)
"a_i:sl_init1"                                                -         12       12 1.200000e+01   3.580646e+00     0.303 (     9      0)     0.294 (     2      0)
"a_i:EAMxx::tms::init"                                        -         12       12 1.200000e+01   8.637458e-05     0.000 (     0      0)     0.000 (     3      0)
"a_i:EAMxx::shoc::init"                                       -         12       12 1.200000e+01   2.352330e+00     0.202 (     9      0)     0.195 (    10      0)
"a_i:EAMxx::cld_fraction::init"                               -         12       12 1.200000e+01   3.242961e-04     0.000 (     0      0)     0.000 (     4      0)
"a_i:EAMxx::spa::init"                                        -         12       12 1.200000e+01   2.411028e+01     2.010 (     6      0)     2.003 (     9      0)
"a_i:EAMxx::p3::init"                                         -         12       12 1.200000e+01   2.575054e+00     0.216 (     5      0)     0.214 (     7      0)
"a_i:EAMxx::rrtmgp::init"                                     -         12       12 1.200000e+01   1.918796e+01     1.600 (     7      0)     1.598 (     5      0)
"a_i:EAMxx::SurfaceCouplingExporter::init"                    -         12       12 1.200000e+01   1.068618e+00     0.089 (    10      0)     0.088 (     5      0)
"a_i:EAMxx::initialize_output_managers"                       -         12       12 1.200000e+01   4.560743e-01     0.041 (     1      0)     0.034 (     8      0)
"CPL:comp_init_cc_lnd"                                        -         12       12 1.200000e+01   2.067746e+01     1.723 (     6      0)     1.723 (     5      0)
"l_i:comp_init"                                               -         12       12 1.200000e+01   2.066549e+01     1.723 (     0      0)     1.722 (     5      0)
"l_i:elm_init1"                                               -         12       12 1.200000e+01   1.372011e+01     1.144 (     8      0)     1.140 (     0      0)
"l_i:PIO:openfile"                                            -         12       12 2.640000e+02   2.608180e+00     0.243 (     4      0)     0.191 (     7      0)
"l_i:PIO:pio_inq_dimid_file_dimid"                            -         12       12 6.360000e+02   5.187607e-03     0.001 (     4      0)     0.000 (     0      0)
"l_i:PIO:pio_inq_dimlen_file_dimid"                           -         12       12 1.596000e+03   3.989102e-03     0.001 (     0      0)     0.000 (     4      0)
"l_i:PIO:pio_inq_dimlen_file_dimid_offlen"                    -         12       12 1.596000e+03   3.691472e-03     0.001 (     0      0)     0.000 (     4      0)
"l_i:PIO:pio_inq_varid_file_vdesc"                            -         12       12 3.336000e+03   4.891847e-02     0.007 (     7      0)     0.001 (     0      0)
"l_i:PIO:pio_inq_varid_file_vid"                              -         12       12 3.336000e+03   4.643557e-02     0.007 (     7      0)     0.001 (     0      0)
"l_i:PIO:get_var_1d_int"                                      -         12       12 7.200000e+01   1.056156e-01     0.009 (     0      0)     0.009 (     3      0)
"l_i:PIO:spio_get_vars_tc"                                    -         12       12 2.112000e+03   3.816111e-01     0.032 (     3      0)     0.032 (     9      0)
"l_i:PIO:closefile"                                           -         12       12 2.280000e+02   1.182625e-02     0.003 (     6      0)     0.001 (     2      0)
"l_i:PIO:PIOc_closefile"                                      -         12       12 2.280000e+02   1.165531e-02     0.003 (     6      0)     0.001 (     2      0)
"l_i:PIO:pio_inq_varndims_file_vdesc"                         -         12       12 7.200000e+02   1.158557e-02     0.001 (     0      0)     0.001 (     9      0)
"l_i:PIO:pio_inq_varndims_file_vid"                           -         12       12 7.200000e+02   1.141697e-02     0.001 (     0      0)     0.001 (     9      0)
"l_i:PIO:pio_inq_vardimid_file_vdesc"                         -         12       12 7.200000e+02   7.453544e-03     0.001 (     0      0)     0.001 (     9      0)
"l_i:PIO:pio_inq_vardimid_file_vid"                           -         12       12 7.200000e+02   7.297325e-03     0.001 (     0      0)     0.001 (     9      0)
"l_i:PIO:pio_inq_dimname_file_dimid"                          -         12       12 2.928000e+03   9.251961e-03     0.001 (     9      0)     0.001 (     0      0)
"l_i:PIO:initdecomp"                                          -         12       12 1.200000e+02   5.447429e-02     0.005 (     2      0)     0.004 (     4      0)
"l_i:PIO:PIOc_initdecomp"                                     -         12       12 1.200000e+02   5.309066e-02     0.004 (     2      0)     0.004 (     4      0)
"l_i:PIO:box_rearrange_create"                                -         12       12 1.200000e+02   5.029300e-02     0.004 (     6      0)     0.004 (     5      0)
"l_i:PIO:pio_swapm"                                           -         12       12 1.080000e+03   5.715700e+00     0.568 (     9      0)     0.027 (     6      0)
"l_i:PIO:read_darray_1d_double"                               -         12       12 9.600000e+01   9.749265e-01     0.081 (     9      0)     0.081 (     7      0)
"l_i:PIO:PIOc_read_darray"                                    -         12       12 7.200000e+02   6.830044e+00     0.572 (     6      0)     0.565 (     7      0)
"l_i:PIO:read_darray_nc"                                      -         12       12 7.200000e+02   1.067555e+00     0.541 (     6      0)     0.000 (     7      0)
"l_i:PIO:rearrange_io2comp"                                   -         12       12 7.200000e+02   5.742233e+00     0.570 (     9      0)     0.030 (     6      0)
"l_i:PIO:pio_inquire_file"                                    -         12       12 1.104000e+03   3.053946e-03     0.000 (    10      0)     0.000 (     1      0)
"l_i:PIO:pio_inq_ndims_file"                                  -         12       12 1.104000e+03   2.388550e-03     0.000 (    10      0)     0.000 (     1      0)
"l_i:PIO:read_darray_1d_int"                                  -         12       12 2.400000e+01   1.649513e-01     0.014 (    10      0)     0.014 (     7      0)
"l_i:PIO:read_darray_3d_double"                               -         12       12 2.160000e+02   3.293336e+00     0.276 (     6      0)     0.273 (     7      0)
"l_i:PIO:read_darray_3d_int"                                  -         12       12 1.200000e+01   2.291411e-01     0.019 (     0      0)     0.019 (     7      0)
"l_i:PIO:read_darray_4d_double"                               -         12       12 1.680000e+02   1.589059e+00     0.134 (     0      0)     0.130 (     7      0)
"l_i:PIO:get_var_1d_text"                                     -         12       12 2.400000e+01   3.899972e-03     0.000 (     7      0)     0.000 (     5      0)
"l_i:PIO:get_var_1d_double"                                   -         12       12 1.692000e+03   7.088475e-02     0.006 (     0      0)     0.006 (     9      0)
"l_i:PIO:get_var_0d_double"                                   -         12       12 1.200000e+02   5.029856e-03     0.001 (     0      0)     0.000 (     7      0)
"l_i:PIO:read_darray_2d_double"                               -         12       12 1.560000e+02   5.739299e-01     0.048 (     6      0)     0.048 (     4      0)
"l_i:PIO:read_darray_2d_int"                                  -         12       12 4.800000e+01   5.709583e-03     0.001 (     6      0)     0.000 (     7      0)
"l_i:gather_1darray_int_total"                                -         12       12 6.000000e+01   5.851064e-03     0.001 (     0      0)     0.000 (    11      0)
"l_i:scatter_1darray_int_total"                               -         12       12 6.000000e+01   1.058118e-02     0.001 (     5      0)     0.000 (     0      0)
"l_i:init_filters"                                            -         12       12 1.200000e+01   1.151062e-03     0.000 (     4      0)     0.000 (     3      0)
"l_i:elm_init2"                                               -         12       12 1.200000e+01   6.780162e+00     0.565 (     0      0)     0.565 (     5      0)
"l_i:init_orbd"                                               -         12       12 1.200000e+01   4.171554e-04     0.000 (    10      0)     0.000 (     0      0)
"l_i:PIO:get_var_0d_int"                                      -         12       12 1.200000e+01   1.285844e-03     0.000 (     6      0)     0.000 (     9      0)
"l_i:PIO:get_var_2d_double"                                   -         12       12 1.440000e+02   2.513396e-01     0.021 (    10      0)     0.021 (     8      0)
"l_i:PIO:get_var_3d_double"                                   -         12       12 4.800000e+01   5.521034e-03     0.000 (     0      0)     0.000 (    10      0)
"l_i:init_accflds"                                            -         12       12 1.200000e+01   7.416329e-03     0.001 (     0      0)     0.001 (     9      0)
"l_i:init_dyn_subgrid"                                        -         12       12 1.200000e+01   1.548219e-02     0.001 (     6      0)     0.001 (     4      0)
"l_i:init_map2gc"                                             -         12       12 1.200000e+01   7.781005e-03     0.001 (     1      0)     0.001 (     5      0)
"l_i:init_elm_interface_data & pflotran"                      -         12       12 1.200000e+01   1.473818e-06     0.000 (     2      0)     0.000 (     5      0)
"l_i:init_wlog"                                               -         12       12 1.200000e+01   1.983321e-05     0.000 (     0      0)     0.000 (    10      0)
"l_i:elm_init3"                                               -         12       12 1.200000e+01   1.733447e-05     0.000 (     5      0)     0.000 (    10      0)
"CPL:comp_init_cc_rof"                                        -         12       12 1.200000e+01   6.240794e-03     0.001 (     6      0)     0.001 (     9      0)
"r_i:comp_init"                                               -         12       12 1.200000e+01   1.027741e-03     0.000 (     9      0)     0.000 (     3      0)
"CPL:comp_init_cc_ocn"                                        -         12       12 1.200000e+01   4.608881e+00     0.384 (     1      0)     0.384 (     0      0)
"o_i:comp_init"                                               -         12       12 1.200000e+01   4.601702e+00     0.384 (     0      0)     0.383 (     4      0)
"o_i:docn_readnml"                                            -         12       12 1.200000e+01   2.023400e+00     0.169 (     9      0)     0.164 (     0      0)
"o_i:DOCN_INIT"                                               -         12       12 1.200000e+01   2.550421e+00     0.213 (     9      0)     0.212 (     5      0)
"o_i:docn_strdata_init"                                       -         12       12 1.200000e+01   2.380050e+00     0.198 (     0      0)     0.198 (     8      0)
"o_i:PIO:initdecomp"                                          -         12       12 3.600000e+01   2.463122e-02     0.002 (     1      0)     0.002 (     0      0)
"o_i:PIO:PIOc_initdecomp"                                     -         12       12 3.600000e+01   2.432794e-02     0.002 (     1      0)     0.002 (    11      0)
"o_i:PIO:box_rearrange_create"                                -         12       12 3.600000e+01   1.956104e-02     0.002 (     9      0)     0.002 (    11      0)
"o_i:PIO:pio_swapm"                                           -         12       12 1.320000e+02   1.204835e-02     0.001 (    11      0)     0.000 (     0      0)
"o_i:docn_initgsmaps"                                         -         12       12 1.200000e+01   2.299710e-04     0.000 (     1      0)     0.000 (     4      0)
"o_i:docn_initmctdom"                                         -         12       12 1.200000e+01   1.235505e-03     0.000 (     8      0)     0.000 (     0      0)
"o_i:docn_initmctavs"                                         -         12       12 1.200000e+01   5.453689e-03     0.001 (     6      0)     0.000 (     0      0)
"o_i:DOCN_RUN"                                                -         12       12 1.200000e+01   1.632859e-01     0.014 (     0      0)     0.014 (     4      0)
"o_i:docn_run1"                                               -         12       12 1.200000e+01   1.078681e-05     0.000 (    11      0)     0.000 (     5      0)
"o_i:docn"                                                    -         12       12 1.200000e+01   1.632497e-01     0.014 (     0      0)     0.014 (     4      0)
"o_i:docn_strdata_advance"                                    -         12       12 1.200000e+01   1.614663e-01     0.014 (     0      0)     0.013 (     1      0)
"o_i:docn_strd_adv_total"                                     -         12       12 1.200000e+01   1.614441e-01     0.014 (     0      0)     0.013 (     1      0)
"o_i:docn_strd_adv_readLBUB"                                  -         12       12 1.200000e+01   1.548853e-01     0.013 (     0      0)     0.013 (     7      0)
"o_i:docn_readLBUB_setup"                                     -         12       12 1.200000e+01   7.726578e-05     0.000 (     5      0)     0.000 (     9      0)
"o_i:docn_readLBUB_fbound"                                    -         12       12 1.200000e+01   7.154016e-03     0.007 (     0      0)     0.000 (     2      0)
"o_i:docn_readLBUB_bcast"                                     -         12       12 1.200000e+01   7.491837e-02     0.007 (     2      0)     0.000 (     0      0)
"o_i:docn_readLBUB_LB_setup"                                  -         12       12 1.200000e+01   2.258900e-05     0.000 (     0      0)     0.000 (     5      0)
"o_i:docn_readLBUB_LB_readpio"                                -         12       12 1.200000e+01   6.904736e-02     0.006 (    10      0)     0.006 (     3      0)
"o_i:PIO:openfile"                                            -         12       12 1.200000e+01   5.086261e-02     0.004 (     0      0)     0.004 (     8      0)
"o_i:PIO:pio_inq_varid_file_vdesc"                            -         12       12 4.800000e+01   2.077699e-04     0.000 (     5      0)     0.000 (    11      0)
"o_i:PIO:pio_inq_varid_file_vid"                              -         12       12 4.800000e+01   1.911107e-04     0.000 (     5      0)     0.000 (    11      0)
"o_i:PIO:pio_inq_varndims_file_vdesc"                         -         12       12 2.400000e+01   5.061422e-04     0.000 (     0      0)     0.000 (     9      0)
"o_i:PIO:pio_inq_varndims_file_vid"                           -         12       12 2.400000e+01   4.955921e-04     0.000 (     0      0)     0.000 (     9      0)
"o_i:PIO:pio_inq_vardimid_file_vdesc"                         -         12       12 2.400000e+01   2.488759e-04     0.000 (     8      0)     0.000 (     0      0)
"o_i:PIO:pio_inq_vardimid_file_vid"                           -         12       12 2.400000e+01   2.396803e-04     0.000 (    10      0)     0.000 (     0      0)
"o_i:PIO:pio_inq_dimlen_file_dimid"                           -         12       12 7.200000e+01   1.565774e-04     0.000 (     1      0)     0.000 (     9      0)
"o_i:PIO:pio_inq_dimlen_file_dimid_offlen"                    -         12       12 7.200000e+01   1.368828e-04     0.000 (     3      0)     0.000 (     9      0)
"o_i:PIO:pio_inq_vartype_file_vdesc"                          -         12       12 2.400000e+01   1.253760e-04     0.000 (    10      0)     0.000 (     6      0)
"o_i:PIO:pio_inq_vartype_file_vid"                            -         12       12 2.400000e+01   1.150761e-04     0.000 (    10      0)     0.000 (     6      0)
"o_i:PIO:read_darray_1d_real"                                 -         12       12 2.400000e+01   1.751849e-02     0.002 (     8      0)     0.001 (     4      0)
"o_i:PIO:PIOc_read_darray"                                    -         12       12 2.400000e+01   1.746372e-02     0.002 (     8      0)     0.001 (     4      0)
"o_i:PIO:read_darray_nc"                                      -         12       12 2.400000e+01   1.312211e-03     0.001 (     6      0)     0.000 (     9      0)
"o_i:PIO:rearrange_io2comp"                                   -         12       12 2.400000e+01   1.545716e-02     0.001 (     9      0)     0.001 (     0      0)
"o_i:docn_readLBUB_UB_setup"                                  -         12       12 1.200000e+01   4.469114e-05     0.000 (     0      0)     0.000 (     3      0)
"o_i:docn_readLBUB_UB_readpio"                                -         12       12 1.200000e+01   2.720212e-03     0.000 (     3      0)     0.000 (     6      0)
"o_i:docn_readLBUB_filemgt"                                   -         12       12 1.200000e+01   2.293149e-06     0.000 (     0      0)     0.000 (     7      0)
"o_i:docn_strd_adv_fill"                                      -         12       12 1.200000e+01   2.356354e-03     0.000 (     2      0)     0.000 (    11      0)
"o_i:docn_strd_adv_map"                                       -         12       12 1.200000e+01   2.675247e-03     0.000 (     0      0)     0.000 (    11      0)
"o_i:docn_strd_adv_tint"                                      -         12       12 1.200000e+01   8.407317e-04     0.000 (     5      0)     0.000 (     8      0)
"o_i:docn_scatter"                                            -         12       12 1.200000e+01   1.092036e-03     0.000 (     7      0)     0.000 (     8      0)
"o_i:docn_datamode"                                           -         12       12 1.200000e+01   3.581780e-04     0.000 (     7      0)     0.000 (     3      0)
"o_i:docn_run2"                                               -         12       12 1.200000e+01   5.670823e-06     0.000 (     0      0)     0.000 (     8      0)
"CPL:comp_init_cc_ice"                                        -         12       12 1.200000e+01   2.042704e+00     0.170 (    11      0)     0.170 (     6      0)
"i_i:comp_init"                                               -         12       12 1.200000e+01   2.035003e+00     0.170 (     1      0)     0.170 (    10      0)
"i_i:cice_init"                                               -         12       12 1.200000e+01   3.386558e-01     0.028 (     8      0)     0.028 (     9      0)
"i_i:ice_HaloUpdate2DR8"                                      -         12       12 4.800000e+01   1.927593e-03     0.000 (     1      0)     0.000 (     7      0)
"i_i:ice_HU2DR8_init"                                         -         12       12 4.800000e+01   2.052519e-05     0.000 (     0      0)     0.000 (     7      0)
"i_i:state_bound_h1"                                          -         12       12 1.200000e+01   2.323299e-03     0.001 (     0      0)     0.000 (     7      0)
"i_i:ice_HaloUpdate3DR8"                                      -         12       12 6.000000e+01   2.634749e-03     0.001 (     0      0)     0.000 (     7      0)
"i_i:ice_HU3DR8_init"                                         -         12       12 6.000000e+01   7.196981e-05     0.000 (    11      0)     0.000 (     6      0)
"i_i:ice_HU3DR8_recvall"                                      -         12       12 6.000000e+01   1.666686e-03     0.001 (     6      0)     0.000 (     7      0)
"i_i:state_bound_hm"                                          -         12       12 1.200000e+01   8.465699e-05     0.000 (     9      0)     0.000 (     6      0)
"i_i:state_bound_hc"                                          -         12       12 1.200000e+01   1.121364e-04     0.000 (     4      0)     0.000 (     3      0)
"i_i:state_bound_h2"                                          -         12       12 1.200000e+01   1.305253e-03     0.000 (     2      0)     0.000 (     7      0)
"i_i:ice_HaloUpdate4DR8"                                      -         12       12 1.200000e+01   7.555964e-04     0.000 (     3      0)     0.000 (     6      0)
"i_i:ice_HU4DR8_init"                                         -         12       12 1.200000e+01   1.118274e-04     0.000 (     1      0)     0.000 (     4      0)
"i_i:ice_HU4DR8_recvall"                                      -         12       12 1.200000e+01   1.293141e-06     0.000 (    11      0)     0.000 (     9      0)
"i_i:state_bound_hd"                                          -         12       12 1.200000e+01   6.730203e-06     0.000 (     9      0)     0.000 (     3      0)
"i_i:cice_mct_init"                                           -         12       12 1.200000e+01   1.689150e+00     0.141 (     1      0)     0.141 (     3      0)
"i_i:PIO:initdecomp"                                          -         12       12 3.600000e+01   2.510053e-02     0.002 (     1      0)     0.002 (     0      0)
"i_i:PIO:PIOc_initdecomp"                                     -         12       12 3.600000e+01   2.492702e-02     0.002 (     1      0)     0.002 (     0      0)
"i_i:PIO:box_rearrange_create"                                -         12       12 3.600000e+01   2.045152e-02     0.002 (     2      0)     0.002 (     5      0)
"i_i:PIO:pio_swapm"                                           -         12       12 1.080000e+02   3.468640e-03     0.000 (    10      0)     0.000 (     1      0)
"CPL:comp_init_cc_glc"                                        -         12       12 1.200000e+01   5.375050e-03     0.000 (     6      0)     0.000 (     9      0)
"g_i:comp_init"                                               -         12       12 1.200000e+01   1.411326e-05     0.000 (     3      0)     0.000 (    10      0)
"CPL:comp_init_cc_wav"                                        -         12       12 1.200000e+01   5.001773e-03     0.000 (     6      0)     0.000 (     0      0)
"w_i:comp_init"                                               -         12       12 1.200000e+01   5.204463e-06     0.000 (     1      0)     0.000 (     2      0)
"CPL:comp_init_cc_esp"                                        -         12       12 1.200000e+01   2.957322e-03     0.000 (     3      0)     0.000 (     6      0)
"e_i:comp_init"                                               -         12       12 1.200000e+01   7.379334e-06     0.000 (     3      0)     0.000 (    10      0)
"CPL:comp_init_cc_iac"                                        -         12       12 1.200000e+01   5.361862e-03     0.000 (    11      0)     0.000 (     0      0)
"z_i:comp_init"                                               -         12       12 1.200000e+01   5.652197e-06     0.000 (     8      0)     0.000 (     5      0)
"CPL:comp_init_cx_all"                                        -         12       12 1.200000e+01   4.541819e-02     0.004 (     7      0)     0.004 (    10      0)
"CPL:comp_list_all"                                           -         12       12 1.200000e+01   3.902963e-05     0.000 (     3      0)     0.000 (    11      0)
"CPL:init_maps"                                               -         12       12 1.200000e+01   2.163461e-02     0.002 (     7      0)     0.001 (     0      0)
"CPL:init_aream"                                              -         12       12 1.200000e+01   3.078423e-03     0.001 (     0      0)     0.000 (     4      0)
"CPL:init_domain_check"                                       -         12       12 1.200000e+01   1.650420e-02     0.002 (    11      0)     0.001 (     5      0)
"CPL:init_areacor"                                            -         12       12 1.200000e+01   3.472683e-02     0.003 (     5      0)     0.003 (     6      0)
"CPL:init_fracs"                                              -         12       12 1.200000e+01   1.027020e-02     0.001 (     6      0)     0.001 (    11      0)
"CPL:init_aoflux"                                             -         12       12 1.200000e+01   5.263212e-03     0.000 (     0      0)     0.000 (     5      0)
"CPL:init_atminit"                                            -         12       12 7.200000e+01   2.669137e-02     0.003 (     6      0)     0.002 (    11      0)
"CPL:comp_init_cc_atm2"                                       -         12       12 1.200000e+01   2.230533e-02     0.002 (    11      0)     0.001 (     6      0)
"CPL:init_readrestart"                                        -         12       12 1.200000e+01   1.529620e-03     0.000 (     4      0)     0.000 (     0      0)
"CPL:cime_run_init"                                           -         12       12 1.200000e+01   7.020624e-03     0.006 (     0      0)     0.000 (     7      0)
"CPL:INIT_sync1_tprf"                                         -         12       12 1.200000e+01   6.739269e-02     0.006 (    11      0)     0.000 (     0      0)
"CPL:INIT_t_prf"                                              -         12       12 1.200000e+01   5.846726e-02     0.031 (     0      0)     0.000 (     3      0)
"CPL:INIT_sync2_tprf"                                         -         12       12 1.200000e+01   3.110283e-01     0.031 (     3      0)     0.000 (     0      0)
"CPL:RUN_LOOP_BSTART"                                         -         12       12 1.200000e+01   1.003596e-04     0.000 (     8      0)     0.000 (     0      0)
"CPL:RUN_LOOP"                                                -         12       12 2.880000e+02   2.777973e+02    23.153 (     6      0)    23.146 (     1      0)
"CPL:CLOCK_ADVANCE"                                           -         12       12 2.880000e+02   3.338213e-02     0.003 (     0      0)     0.003 (     9      0)
"CPL:RUN"                                                     -         12       12 3.444000e+03   1.330599e+00     0.126 (     3      0)     0.098 (     9      0)
"CPL:OCNPRE1"                                                 -         12       12 2.880000e+02   4.554671e-01     0.056 (     3      0)     0.021 (     9      0)
"CPL:ocnpre1_atm2ocn"                                         -         12       12 2.880000e+02   4.549636e-01     0.056 (     3      0)     0.021 (     9      0)
"CPL:LNDPREP"                                                 -         12       12 2.880000e+02   3.626104e-02     0.004 (    10      0)     0.002 (     2      0)
"CPL:lndprep_atm2lnd"                                         -         12       12 2.880000e+02   2.335633e-02     0.003 (     8      0)     0.001 (     2      0)
"CPL:lndprep_mrgx2l"                                          -         12       12 2.880000e+02   1.223854e-02     0.001 (     4      0)     0.000 (     3      0)
"CPL:COMM"                                                    -         12       12 2.004000e+03   7.638351e+00     0.874 (     6      0)     0.395 (     3      0)
"CPL:C2L"                                                     -         12       12 2.880000e+02   6.905535e-02     0.007 (     2      0)     0.004 (    10      0)
"CPL:c2l_lndx2lndl"                                           -         12       12 2.880000e+02   5.385457e-02     0.005 (     1      0)     0.004 (     9      0)
"CPL:c2l_infoexch"                                            -         12       12 2.880000e+02   1.464615e-02     0.002 (     3      0)     0.000 (    10      0)
"CPL:ICEPREP"                                                 -         12       12 2.880000e+02   8.716525e-02     0.007 (     5      0)     0.007 (     8      0)
"CPL:iceprep_ocn2ice"                                         -         12       12 2.880000e+02   1.655482e-02     0.001 (    10      0)     0.001 (     8      0)
"CPL:iceprep_atm2ice"                                         -         12       12 2.880000e+02   2.757983e-02     0.002 (     1      0)     0.002 (     3      0)
"CPL:iceprep_mrgx2i"                                          -         12       12 2.880000e+02   4.155751e-02     0.004 (     7      0)     0.003 (     1      0)
"CPL:C2I"                                                     -         12       12 2.880000e+02   3.506401e-02     0.003 (     8      0)     0.003 (     1      0)
"CPL:c2i_icex2icei"                                           -         12       12 2.880000e+02   2.863084e-02     0.002 (     7      0)     0.002 (    10      0)
"CPL:ice_infoexch"                                            -         12       12 2.880000e+02   6.016162e-03     0.001 (     8      0)     0.000 (     1      0)
"CPL:ICE_RUN"                                                 -         12       12 2.880000e+02   1.222737e+00     0.123 (     8      0)     0.091 (     3      0)
"i:cice_run_total"                                            -         12       12 2.880000e+02   1.020233e+00     0.110 (     9      0)     0.071 (     3      0)
"i:cice_run_import"                                           -         12       12 2.880000e+02   1.141403e-01     0.010 (     6      0)     0.009 (    10      0)
"i:cice_imp_ocn"                                              -         12       12 2.880000e+02   1.395675e-02     0.001 (     8      0)     0.001 (    11      0)
"i:cice_imp_atm"                                              -         12       12 2.880000e+02   1.394827e-02     0.001 (    10      0)     0.001 (    11      0)
"i:cice_run_initmd"                                           -         12       12 2.880000e+02   3.803758e-02     0.004 (    10      0)     0.002 (     6      0)
"i:cice_run_presc"                                            -         12       12 2.880000e+02   2.293821e-01     0.019 (     6      0)     0.019 (     3      0)
"i:cice_pice_strd_adv_total"                                  -         12       12 2.880000e+02   1.078473e-01     0.009 (     2      0)     0.009 (    11      0)
"i:cice_pice_strd_adv_readLBUB"                               -         12       12 2.880000e+02   9.901889e-02     0.008 (     9      0)     0.008 (     1      0)
"i:cice_pice_readLBUB_setup"                                  -         12       12 2.880000e+02   9.157252e-05     0.000 (     0      0)     0.000 (     1      0)
"i:cice_pice_readLBUB_fbound"                                 -         12       12 1.200000e+01   5.003012e-03     0.005 (     0      0)     0.000 (     5      0)
"i:cice_pice_readLBUB_bcast"                                  -         12       12 1.200000e+01   5.494627e-02     0.005 (     3      0)     0.000 (     0      0)
"i:cice_pice_readLBUB_LB_setup"                               -         12       12 1.200000e+01   2.291193e-05     0.000 (     0      0)     0.000 (     6      0)
"i:cice_pice_readLBUB_LB_readpio"                             -         12       12 1.200000e+01   3.571581e-02     0.003 (     9      0)     0.003 (     0      0)
"i:PIO:openfile"                                              -         12       12 1.200000e+01   3.190804e-02     0.003 (    10      0)     0.003 (     0      0)
"i:PIO:pio_inq_varid_file_vdesc"                              -         12       12 4.800000e+01   2.812487e-04     0.000 (    11      0)     0.000 (     0      0)
"i:PIO:pio_inq_varid_file_vid"                                -         12       12 4.800000e+01   2.673478e-04     0.000 (    11      0)     0.000 (     0      0)
"i:PIO:pio_inq_varndims_file_vdesc"                           -         12       12 2.400000e+01   1.161864e-04     0.000 (    10      0)     0.000 (     4      0)
"i:PIO:pio_inq_varndims_file_vid"                             -         12       12 2.400000e+01   1.090143e-04     0.000 (    10      0)     0.000 (     4      0)
"i:PIO:pio_inq_vardimid_file_vdesc"                           -         12       12 2.400000e+01   2.285563e-04     0.000 (    11      0)     0.000 (     6      0)
"i:PIO:pio_inq_vardimid_file_vid"                             -         12       12 2.400000e+01   2.182766e-04     0.000 (    11      0)     0.000 (     4      0)
"i:PIO:pio_inq_dimlen_file_dimid"                             -         12       12 7.200000e+01   1.669056e-04     0.000 (     8      0)     0.000 (     0      0)
"i:PIO:pio_inq_dimlen_file_dimid_offlen"                      -         12       12 7.200000e+01   1.482475e-04     0.000 (     8      0)     0.000 (     0      0)
"i:PIO:pio_inq_vartype_file_vdesc"                            -         12       12 2.400000e+01   1.129985e-04     0.000 (     0      0)     0.000 (    10      0)
"i:PIO:pio_inq_vartype_file_vid"                              -         12       12 2.400000e+01   1.049098e-04     0.000 (     0      0)     0.000 (    10      0)
"i:PIO:read_darray_1d_real"                                   -         12       12 2.400000e+01   4.163458e-03     0.000 (     9      0)     0.000 (     1      0)
"i:PIO:PIOc_read_darray"                                      -         12       12 2.400000e+01   4.121825e-03     0.000 (     9      0)     0.000 (     1      0)
"i:PIO:read_darray_nc"                                        -         12       12 2.400000e+01   3.760168e-04     0.000 (     6      0)     0.000 (     5      0)
"i:PIO:rearrange_io2comp"                                     -         12       12 2.400000e+01   3.285750e-03     0.000 (     9      0)     0.000 (     0      0)
"i:PIO:pio_swapm"                                             -         12       12 2.400000e+01   2.970244e-03     0.000 (     9      0)     0.000 (     6      0)
"i:cice_pice_readLBUB_UB_setup"                               -         12       12 1.200000e+01   3.265636e-05     0.000 (     0      0)     0.000 (     7      0)
"i:cice_pice_readLBUB_UB_readpio"                             -         12       12 1.200000e+01   2.173175e-03     0.000 (    10      0)     0.000 (     0      0)
"i:cice_pice_readLBUB_filemgt"                                -         12       12 2.880000e+02   6.991462e-05     0.000 (    11      0)     0.000 (     7      0)
"i:cice_pice_strd_adv_map"                                    -         12       12 1.200000e+01   2.551103e-03     0.000 (     2      0)     0.000 (    10      0)
"i:cice_pice_strd_adv_tint"                                   -         12       12 2.880000e+02   4.758928e-03     0.000 (    10      0)     0.000 (     5      0)
"i:cice_run_initflux"                                         -         12       12 2.880000e+02   6.348197e-03     0.001 (     1      0)     0.001 (     3      0)
"i:cice_run_prepradiation"                                    -         12       12 2.880000e+02   5.017709e-03     0.001 (     9      0)     0.000 (     5      0)
"i:cice_run_therm1"                                           -         12       12 2.880000e+02   1.742295e-01     0.027 (     9      0)     0.011 (     5      0)
"i:cice_run_dyn"                                              -         12       12 2.880000e+02   2.282090e-05     0.000 (     3      0)     0.000 (     2      0)
"i:cice_run_radiation"                                        -         12       12 2.880000e+02   1.295447e-01     0.030 (     9      0)     0.007 (     1      0)
"i:cice_step_radiationib"                                     -         12       12 2.880000e+02   1.190511e-01     0.029 (     9      0)     0.006 (     1      0)
"i:cice_step_rib_swdedd1"                                     -         12       12 2.880000e+02   1.141385e-02     0.001 (     5      0)     0.001 (     1      0)
"i:cice_step_rib_swdedd2"                                     -         12       12 2.880000e+02   6.335239e-03     0.001 (     9      0)     0.000 (     2      0)
"i:cice_step_rib_swdedd7"                                     -         12       12 2.880000e+02   8.993327e-02     0.027 (     9      0)     0.003 (     2      0)
"i:cice_run_couplingprep"                                     -         12       12 2.880000e+02   1.619487e-01     0.035 (    10      0)     0.006 (     6      0)
"i:ice_HaloUpdate2DR8"                                        -         12       12 2.880000e+02   9.352083e-02     0.030 (    10      0)     0.000 (     2      0)
"i:ice_HU2DR8_init"                                           -         12       12 2.880000e+02   2.909161e-04     0.000 (    11      0)     0.000 (     5      0)
"i:cice_run_diag"                                             -         12       12 2.880000e+02   3.354764e-02     0.004 (     1      0)     0.001 (     9      0)
"i:cice_run_hist"                                             -         12       12 2.880000e+02   7.566842e-02     0.007 (     4      0)     0.006 (     9      0)
"i:cice_run_accum"                                            -         12       12 2.880000e+02   2.550494e-03     0.000 (     8      0)     0.000 (     0      0)
"i:cice_run_export"                                           -         12       12 2.880000e+02   4.051419e-02     0.004 (     9      0)     0.003 (     6      0)
"CPL:LND_RUN"                                                 -         12       12 2.880000e+02   2.343294e+01     2.140 (     0      0)     1.758 (     8      0)
"l:lc_lnd_import"                                             -         12       12 2.880000e+02   4.716509e-02     0.005 (    11      0)     0.003 (     0      0)
"l:elm_run"                                                   -         12       12 3.000000e+02   2.331930e+01     2.132 (     0      0)     1.748 (     8      0)
"l:shr_orb_decl"                                              -         12       12 3.000000e+02   3.539438e-04     0.000 (    11      0)     0.000 (    10      0)
"l:decomp_vert"                                               -         12       12 3.000000e+02   1.860631e-03     0.000 (     6      0)     0.000 (     0      0)
"l:beggridwbal"                                               -         12       12 3.000000e+02   1.576162e-01     0.014 (     2      0)     0.012 (     8      0)
"l:cnpinit"                                                   -         12       12 3.000000e+02   2.672733e-04     0.000 (     6      0)     0.000 (     8      0)
"l:cnpvegsumm"                                                -         12       12 3.000000e+02   3.693835e-05     0.000 (     4      0)     0.000 (     0      0)
"l:dyn_subgrid"                                               -         12       12 3.000000e+02   1.018190e+00     0.092 (     0      0)     0.079 (     8      0)
"l:begwbal"                                                   -         12       12 3.000000e+02   3.460846e-02     0.003 (     2      0)     0.002 (     8      0)
"l:begcnpbal"                                                 -         12       12 3.000000e+02   8.742348e-05     0.000 (     5      0)     0.000 (     9      0)
"l:drvinit"                                                   -         12       12 3.000000e+02   8.232880e-02     0.008 (     2      0)     0.006 (     8      0)
"l:canhydro"                                                  -         12       12 3.000000e+02   1.724831e-01     0.016 (     2      0)     0.013 (     8      0)
"l:surfrad"                                                   -         12       12 3.000000e+02   2.598015e-01     0.023 (     1      0)     0.020 (     8      0)
"l:bgp1"                                                      -         12       12 3.000000e+02   2.430534e-01     0.023 (     0      0)     0.018 (     8      0)
"l:bgflux"                                                    -         12       12 3.000000e+02   1.881298e-01     0.018 (     5      0)     0.015 (    10      0)
"l:canflux"                                                   -         12       12 3.000000e+02   6.188052e+00     0.589 (     0      0)     0.416 (     8      0)
"l:can_iter"                                                  -         12       12 3.000000e+02   5.201339e+00     0.502 (     0      0)     0.340 (     8      0)
"l:uflux"                                                     -         12       12 3.000000e+02   2.808194e-01     0.030 (     0      0)     0.019 (     8      0)
"l:bgplake"                                                   -         12       12 3.000000e+02   7.845985e-01     0.072 (     0      0)     0.056 (     8      0)
"l:bgc"                                                       -         12       12 3.000000e+02   5.244794e-01     0.050 (     0      0)     0.038 (     8      0)
"l:soiltemperature"                                           -         12       12 3.000000e+02   5.350780e+00     0.491 (     0      0)     0.410 (     5      0)
"l:SoilThermProp"                                             -         12       12 3.000000e+02   3.745359e-01     0.036 (     0      0)     0.027 (     8      0)
"l:SoilTempBandDiag"                                          -         12       12 6.000000e+02   8.975852e-01     0.093 (     0      0)     0.062 (     4      0)
"l:PhaseChangeH2osfc"                                         -         12       12 3.000000e+02   5.231419e-03     0.000 (     2      0)     0.000 (     8      0)
"l:PhaseChangebeta"                                           -         12       12 3.000000e+02   1.922029e-01     0.019 (     0      0)     0.014 (     8      0)
"l:bgp2"                                                      -         12       12 3.000000e+02   2.614928e-01     0.024 (     0      0)     0.019 (     8      0)
"l:bgp2_loop_1"                                               -         12       12 3.000000e+02   4.829730e-02     0.004 (     0      0)     0.004 (     8      0)
"l:bgp2_loop_2"                                               -         12       12 3.000000e+02   7.681991e-02     0.007 (     0      0)     0.006 (     8      0)
"l:bgp2_loop_3"                                               -         12       12 3.000000e+02   1.066871e-01     0.010 (     0      0)     0.008 (     8      0)
"l:bgp2_loop_4"                                               -         12       12 3.000000e+02   2.782878e-02     0.002 (     0      0)     0.002 (     8      0)
"l:patch2col"                                                 -         12       12 3.000000e+02   1.611452e-01     0.015 (     0      0)     0.012 (     8      0)
"l:hydro without drainage"                                    -         12       12 3.000000e+02   2.321153e+00     0.226 (     0      0)     0.167 (     4      0)
"l:hylake"                                                    -         12       12 3.000000e+02   1.425000e-01     0.013 (     1      0)     0.011 (     3      0)
"l:snow_init"                                                 -         12       12 3.000000e+02   1.211712e-02     0.001 (    11      0)     0.001 (     0      0)
"l:ecosysdyn"                                                 -         12       12 3.000000e+02   3.825957e-02     0.003 (     0      0)     0.003 (     4      0)
"l:depvel"                                                    -         12       12 6.000000e+02   3.372415e-04     0.000 (     5      0)     0.000 (     1      0)
"l:hydro2 drainage"                                           -         12       12 3.000000e+02   1.838688e-01     0.017 (     0      0)     0.014 (     4      0)
"l:balchk"                                                    -         12       12 3.000000e+02   1.325201e-01     0.011 (     1      0)     0.011 (     8      0)
"l:gridbalchk"                                                -         12       12 3.000000e+02   7.394541e-02     0.007 (     1      0)     0.006 (     4      0)
"l:lnd2atm"                                                   -         12       12 3.000000e+02   6.039686e-01     0.054 (     0      0)     0.048 (     6      0)
"l:wrtdiag"                                                   -         12       12 3.000000e+02   4.050809e-03     0.001 (     0      0)     0.000 (    10      0)
"l:hbuf"                                                      -         12       12 3.000000e+02   2.286009e+00     0.201 (     0      0)     0.179 (     5      0)
"l:elm_drv_io"                                                -         12       12 3.000000e+02   1.066146e-03     0.000 (     5      0)     0.000 (    10      0)
"l:elm_drv_io_htapes"                                         -         12       12 3.000000e+02   8.939996e-04     0.000 (     5      0)     0.000 (    10      0)
"l:lc_lnd_export"                                             -         12       12 3.000000e+02   1.494826e-02     0.001 (     1      0)     0.001 (    10      0)
"l:lc_elm2_adv_timestep"                                      -         12       12 3.000000e+02   2.086370e-04     0.000 (     7      0)     0.000 (     6      0)
"l:accum"                                                     -         12       12 2.880000e+02   3.203568e-01     0.027 (     1      0)     0.026 (     4      0)
"CPL:ATMOCNP"                                                 -         12       12 2.880000e+02   2.254967e-01     0.023 (     5      0)     0.015 (     1      0)
"CPL:atmocnp_fluxo"                                           -         12       12 2.880000e+02   1.955059e-01     0.021 (     5      0)     0.012 (     1      0)
"CPL:atmocnp_ocnalb"                                          -         12       12 2.880000e+02   2.920570e-02     0.003 (     3      0)     0.002 (     7      0)
"CPL:L2C"                                                     -         12       12 2.880000e+02   1.834042e-01     0.023 (    10      0)     0.010 (     9      0)
"CPL:l2c_lndl2lndx"                                           -         12       12 2.880000e+02   1.822547e-01     0.023 (    10      0)     0.010 (     9      0)
"lnd2cpl_run"                                                 -         12       12 2.880000e+02   7.143307e-04     0.000 (     3      0)     0.000 (     2      0)
"CPL:LNDPOST"                                                 -         12       12 2.880000e+02   2.536774e-04     0.000 (    10      0)     0.000 (     5      0)
"CPL:I2C"                                                     -         12       12 2.880000e+02   2.817964e-02     0.002 (     2      0)     0.002 (     9      0)
"CPL:i2c_icei2icex"                                           -         12       12 2.880000e+02   2.737459e-02     0.002 (     2      0)     0.002 (     9      0)
"CPL:i2c_infoexch"                                            -         12       12 2.880000e+02   3.700885e-04     0.000 (     1      0)     0.000 (     7      0)
"CPL:ICEPOST"                                                 -         12       12 2.880000e+02   2.251263e-05     0.000 (    10      0)     0.000 (     4      0)
"CPL:FRACSET"                                                 -         12       12 2.880000e+02   3.374597e-02     0.004 (     3      0)     0.002 (     0      0)
"CPL:fracset_fracset"                                         -         12       12 2.880000e+02   3.363348e-02     0.004 (     3      0)     0.002 (     0      0)
"CPL:ATMPREP"                                                 -         12       12 2.880000e+02   4.887233e-01     0.050 (     6      0)     0.031 (     0      0)
"CPL:atmprep_xao2atm"                                         -         12       12 2.880000e+02   8.967426e-02     0.010 (     6      0)     0.005 (    11      0)
"CPL:atmprep_ocn2atm"                                         -         12       12 2.880000e+02   6.901108e-02     0.007 (     4      0)     0.004 (     0      0)
"CPL:atmprep_alb2atm"                                         -         12       12 2.880000e+02   3.198237e-02     0.005 (     9      0)     0.002 (    11      0)
"CPL:atmprep_ice2atm"                                         -         12       12 2.880000e+02   1.214321e-01     0.012 (    10      0)     0.008 (     9      0)
"CPL:atmprep_lnd2atm"                                         -         12       12 2.880000e+02   8.685384e-02     0.009 (    10      0)     0.004 (     0      0)
"CPL:atmprep_mrgx2a"                                          -         12       12 2.880000e+02   8.804784e-02     0.013 (     6      0)     0.006 (     5      0)
"CPL:C2A"                                                     -         12       12 2.880000e+02   1.855095e-01     0.025 (     0      0)     0.005 (     6      0)
"CPL:c2a_atmx2atmg"                                           -         12       12 2.880000e+02   8.792175e-02     0.014 (    11      0)     0.004 (     3      0)
"CPL:c2a_infoexch"                                            -         12       12 2.880000e+02   9.714413e-02     0.016 (     1      0)     0.000 (     6      0)
"CPL:ATM_RUN"                                                 -         12       12 2.880000e+02   2.438568e+02    20.496 (     9      0)    20.127 (     6      0)
"a:EAMxx::run"                                                -         12       12 2.880000e+02   2.437674e+02    20.488 (     9      0)    20.119 (     6      0)
"a:EAMxx::EAMxx::run"                                         -         12       12 2.880000e+02   2.437073e+02    20.483 (     9      0)    20.115 (     6      0)
"a:EAMxx::EAMxx::run-precondition-checks"                     -         12       12 2.880000e+02   1.323710e-04     0.000 (     3      0)     0.000 (     6      0)
"a:EAMxx::SurfaceCouplingImporter::run"                       -         12       12 2.880000e+02   1.326734e+00     0.112 (     9      0)     0.108 (     2      0)
"a:EAMxx::SurfaceCouplingImporter::run-precondition-checks"   -         12       12 2.880000e+02   5.209609e-05     0.000 (     7      0)     0.000 (     6      0)
"a:EAMxx::SurfaceCouplingImporter::run-postcondition-checks"  -         12       12 2.880000e+02   1.294825e+00     0.109 (     9      0)     0.106 (     2      0)
"a:EAMxx::homme::run"                                         -         12       12 2.880000e+02   1.234818e+02    10.295 (    11      0)    10.284 (     7      0)
"a:EAMxx::homme::run-precondition-checks"                     -         12       12 2.880000e+02   4.838267e-05     0.000 (    11      0)     0.000 (     1      0)
"a:tl-sc prim_run_subcycle_c"                                 -         12       12 2.880000e+02   1.128220e+02     9.404 (     9      0)     9.398 (     4      0)
"a:tl-s prim_step_flexible"                                   -         12       12 2.880000e+02   1.128208e+02     9.404 (     9      0)     9.398 (     4      0)
"a:ApplyCAMForcing_tracers"                                   -         12       12 2.880000e+02   7.880322e+00     0.658 (     1      0)     0.653 (     9      0)
"a:tl-s deep_copy+derived_dp"                                 -         12       12 2.880000e+02   2.898803e-01     0.028 (     9      0)     0.024 (     8      0)
"a:ApplyCAMForcing_dynamics"                                  -         12       12 8.640000e+02   1.264076e+00     0.106 (     3      0)     0.103 (     5      0)
"a:tl-ae prim_advance_exp"                                    -         12       12 1.728000e+03   6.935003e+01     5.785 (     7      0)     5.770 (    11      0)
"a:ttype9_imex_timestep"                                      -         12       12 1.728000e+03   5.771577e+01     4.833 (     8      0)     4.794 (     3      0)
"a:caar compute"                                              -         12       12 1.728000e+04   1.684743e+01     1.440 (     3      0)     1.370 (     6      0)
"a:caar_bexchV"                                               -         12       12 8.640000e+03   7.586647e+00     0.667 (     7      0)     0.586 (     0      0)
"a:caar limiter"                                              -         12       12 1.036800e+04   8.499670e+00     0.744 (     6      0)     0.659 (     3      0)
"a:compute_stage_value_dirk"                                  -         12       12 8.640000e+03   2.420494e+01     2.052 (     0      0)     1.986 (     7      0)
"a:tl-ae advance_hypervis_dp"                                 -         12       12 1.728000e+03   1.145522e+01     0.969 (     3      0)     0.935 (     8      0)
"a:hvf-bhwk"                                                  -         12       12 1.728000e+03   6.118654e+00     0.521 (     3      0)     0.497 (     6      0)
"a:hvf-bexch"                                                 -         12       12 5.184000e+03   3.186896e+00     0.279 (     2      0)     0.249 (     8      0)
"a:tl-sc vertical_remap"                                      -         12       12 8.640000e+02   1.036888e+01     0.872 (    11      0)     0.858 (     2      0)
"a:Remap Thickness Functor"                                   -         12       12 8.640000e+02   8.312225e-01     0.070 (     7      0)     0.067 (     1      0)
"a:Remap Scale States Functor"                                -         12       12 8.640000e+02   2.803168e-01     0.026 (    10      0)     0.018 (     5      0)
"a:Remap Compute Grids Functor"                               -         12       12 8.640000e+02   7.344553e-01     0.067 (     5      0)     0.055 (     1      0)
"a:Remap Compute Remap Functor"                               -         12       12 8.640000e+02   3.672646e+00     0.315 (     1      0)     0.299 (     7      0)
"a:Remap Rescale States Functor"                              -         12       12 8.640000e+02   3.003735e-01     0.032 (     4      0)     0.020 (     2      0)
"a:tl-at prim_advec_tracers_compose"                          -         12       12 2.880000e+02   2.169377e+01     1.810 (    10      0)     1.804 (     0      0)
"a:compose_transport"                                         -         12       12 2.880000e+02   2.168978e+01     1.810 (    10      0)     1.804 (     0      0)
"a:compose_calc_trajectory"                                   -         12       12 2.880000e+02   6.830761e+00     0.572 (     2      0)     0.567 (    11      0)
"a:compose_3d_levels"                                         -         12       12 2.880000e+02   5.327363e+00     0.446 (     3      0)     0.440 (     0      0)
"a:compose_v_bexchv"                                          -         12       12 2.880000e+02   9.382043e-01     0.082 (     7      0)     0.075 (    11      0)
"a:compose_v2x"                                               -         12       12 2.880000e+02   5.639316e-01     0.049 (     5      0)     0.046 (     9      0)
"a:compose_isl"                                               -         12       12 2.880000e+02   9.050378e+00     0.769 (     8      0)     0.714 (     3      0)
"a:compose_hypervis_scalar"                                   -         12       12 2.880000e+02   2.748203e+00     0.269 (     3      0)     0.212 (     0      0)
"a:compose_cedr_global"                                       -         12       12 2.880000e+02   1.791565e+00     0.151 (     2      0)     0.145 (     7      0)
"a:repro_sum_int"                                             -         12       12 2.880000e+02   2.170244e-01     0.019 (     2      0)     0.017 (    11      0)
"a:compose_cedr_local"                                        -         12       12 2.880000e+02   5.372835e-01     0.050 (     7      0)     0.044 (     2      0)
"a:compose_dss_q"                                             -         12       12 2.880000e+02   7.295549e-01     0.063 (    11      0)     0.059 (     7      0)
"a:compose_vertical_remap"                                    -         12       12 2.880000e+02   1.959829e+00     0.164 (     8      0)     0.162 (     2      0)
"a:EAMxx::homme::run-postcondition-checks"                    -         12       12 2.880000e+02   1.499618e+00     0.129 (     0      0)     0.120 (     1      0)
"a:EAMxx::physics::run"                                       -         12       12 2.880000e+02   1.186223e+02    10.058 (     9      0)     9.693 (     6      0)
"a:EAMxx::physics::run-precondition-checks"                   -         12       12 2.880000e+02   8.127489e-05     0.000 (     4      0)     0.000 (     7      0)
"a:EAMxx::mac_aero_mic::run"                                  -         12       12 2.880000e+02   7.843712e+01     6.666 (     7      0)     6.446 (     0      0)
"a:EAMxx::mac_aero_mic::run-precondition-checks"              -         12       12 2.880000e+02   4.650350e-05     0.000 (    10      0)     0.000 (     5      0)
"a:EAMxx::tms::run"                                           -         12       12 3.456000e+03   1.503267e+00     0.130 (     1      0)     0.123 (     0      0)
"a:EAMxx::tms::run-precondition-checks"                       -         12       12 3.456000e+03   1.035665e-03     0.000 (     7      0)     0.000 (     5      0)
"a:EAMxx::tms::run-postcondition-checks"                      -         12       12 3.456000e+03   2.914379e-01     0.026 (     3      0)     0.023 (    10      0)
"a:EAMxx::shoc::run"                                          -         12       12 3.456000e+03   2.703250e+01     2.305 (     6      0)     2.208 (     2      0)
"a:EAMxx::shoc::run-precondition-checks"                      -         12       12 3.456000e+03   5.678828e-04     0.000 (     8      0)     0.000 (     1      0)
"a:EAMxx::shoc::preprocess"                                   -         12       12 3.456000e+03   8.421814e-01     0.071 (     6      0)     0.068 (     1      0)
"a:EAMxx::shoc::shoc_main"                                    -         12       12 3.456000e+03   1.282782e+01     1.088 (     6      0)     1.056 (     3      0)
"a:EAMxx::shoc::postprocess"                                  -         12       12 3.456000e+03   2.619604e+00     0.226 (     0      0)     0.210 (     2      0)
"a:EAMxx::shoc::run-postcondition-checks"                     -         12       12 3.456000e+03   7.711289e+00     0.662 (     6      0)     0.625 (     2      0)
"a:EAMxx::cld_fraction::run"                                  -         12       12 3.456000e+03   1.646560e+00     0.142 (     9      0)     0.135 (     8      0)
"a:EAMxx::cld_fraction::run-precondition-checks"              -         12       12 3.456000e+03   1.089212e-03     0.000 (     2      0)     0.000 (    11      0)
"a:EAMxx::cld_fraction::run-postcondition-checks"             -         12       12 3.456000e+03   1.184994e+00     0.101 (    11      0)     0.097 (     8      0)
"a:EAMxx::spa::run"                                           -         12       12 3.456000e+03   1.041791e+01     1.038 (     0      0)     0.839 (    10      0)
"a:EAMxx::spa::run-precondition-checks"                       -         12       12 3.456000e+03   6.714230e-04     0.000 (     1      0)     0.000 (     9      0)
"a:EAMxx::spa::run-postcondition-checks"                      -         12       12 3.456000e+03   4.921872e+00     0.523 (     0      0)     0.392 (    10      0)
"a:EAMxx::p3::run"                                            -         12       12 3.456000e+03   3.779706e+01     3.305 (     7      0)     2.868 (     0      0)
"a:EAMxx::p3::run-precondition-checks"                        -         12       12 3.456000e+03   3.970033e-01     0.034 (     0      0)     0.032 (    10      0)
"a:EAMxx::p3::run-postcondition-checks"                       -         12       12 3.456000e+03   8.605391e+00     0.740 (     7      0)     0.651 (     0      0)
"a:EAMxx::mac_aero_mic::run-postcondition-checks"             -         12       12 2.880000e+02   9.512040e-05     0.000 (     7      0)     0.000 (     5      0)
"a:EAMxx::rrtmgp::run"                                        -         12       12 2.880000e+02   4.017391e+01     3.547 (     2      0)     3.156 (     6      0)
"a:EAMxx::rrtmgp::run-precondition-checks"                    -         12       12 2.880000e+02   1.803601e-02     0.002 (     9      0)     0.001 (     0      0)
"a:EAMxx::rrtmgp::run-postcondition-checks"                   -         12       12 2.880000e+02   5.895010e-01     0.054 (     3      0)     0.047 (     6      0)
"a:EAMxx::physics::run-postcondition-checks"                  -         12       12 2.880000e+02   6.022514e-05     0.000 (     2      0)     0.000 (     4      0)
"a:EAMxx::SurfaceCouplingExporter::run"                       -         12       12 2.880000e+02   2.526526e-01     0.022 (    11      0)     0.020 (     4      0)
"a:EAMxx::SurfaceCouplingExporter::run-precondition-checks"   -         12       12 2.880000e+02   1.014778e-04     0.000 (     3      0)     0.000 (    10      0)
"a:EAMxx::SurfaceCouplingExporter::run-postcondition-checks"  -         12       12 2.880000e+02   1.287304e-04     0.000 (     1      0)     0.000 (    10      0)
"a:EAMxx::EAMxx::run-postcondition-checks"                    -         12       12 2.880000e+02   4.764367e-05     0.000 (     4      0)     0.000 (     8      0)
"a:EAMxx::IO::restart"                                        -         12       12 2.880000e+02   1.666618e-03     0.000 (     0      0)     0.000 (     1      0)
"a:EAMxx::IO::model_restart"                                  -         12       12 2.880000e+02   1.379977e-03     0.000 (     0      0)     0.000 (     1      0)
"a:EAMxx::IO::restart::get_new_file"                          -         12       12 2.880000e+02   4.787091e-05     0.000 (     3      0)     0.000 (     9      0)
"a:EAMxx::IO::restart::run_output_streams"                    -         12       12 2.880000e+02   5.225644e-04     0.000 (     0      0)     0.000 (     2      0)
"CPL:A2C"                                                     -         12       12 2.880000e+02   4.772887e+00     0.630 (     6      0)     0.202 (     2      0)
"CPL:a2c_atma2atmx"                                           -         12       12 2.880000e+02   2.911071e+00     0.526 (     0      0)     0.053 (     9      0)
"CPL:a2c_infoexch"                                            -         12       12 2.880000e+02   1.860940e+00     0.264 (    11      0)     0.000 (     0      0)
"CPL:ATMPOST"                                                 -         12       12 2.880000e+02   1.333095e-04     0.000 (     5      0)     0.000 (     8      0)
"CPL:HISTORY"                                                 -         12       12 2.880000e+02   7.704173e-04     0.000 (     0      0)     0.000 (     9      0)
"CPL:cime_run_write_history"                                  -         12       12 2.880000e+02   5.993086e-04     0.000 (     0      0)     0.000 (     9      0)
"CPL:TSTAMP_WRITE"                                            -         12       12 2.880000e+02   2.320665e-04     0.000 (     0      0)     0.000 (     5      0)
"CPL:TPROF_WRITE"                                             -         12       12 2.880000e+02   9.184820e-05     0.000 (     7      0)     0.000 (    11      0)
"CPL:C2O_INITWAIT"                                            -         12       12 2.760000e+02   2.263436e-01     0.071 (     0      0)     0.000 (     6      0)
"l:interpMonthlyVeg"                                          -         12       12 2.760000e+02   3.322843e-01     0.029 (     6      0)     0.026 (     7      0)
"l:readMonthlyVeg"                                            -         12       12 1.200000e+01   3.319720e-01     0.029 (     6      0)     0.026 (     7      0)
"l:PIO:openfile"                                              -         12       12 1.200000e+01   7.540832e-02     0.010 (     2      0)     0.003 (     7      0)
"l:PIO:pio_inq_varid_file_vdesc"                              -         12       12 9.600000e+01   2.883655e-02     0.005 (     4      0)     0.000 (     0      0)
"l:PIO:pio_inq_varid_file_vid"                                -         12       12 9.600000e+01   2.880094e-02     0.005 (     4      0)     0.000 (     0      0)
"l:PIO:pio_inq_varndims_file_vdesc"                           -         12       12 9.600000e+01   6.027292e-04     0.000 (     0      0)     0.000 (     6      0)
"l:PIO:pio_inq_varndims_file_vid"                             -         12       12 9.600000e+01   5.790610e-04     0.000 (    11      0)     0.000 (     6      0)
"l:PIO:pio_inq_vardimid_file_vdesc"                           -         12       12 9.600000e+01   9.661263e-04     0.000 (     3      0)     0.000 (     0      0)
"l:PIO:pio_inq_vardimid_file_vid"                             -         12       12 9.600000e+01   9.425303e-04     0.000 (     7      0)     0.000 (     0      0)
"l:PIO:pio_inq_dimname_file_dimid"                            -         12       12 8.160000e+02   2.113195e-03     0.000 (     3      0)     0.000 (     6      0)
"l:PIO:pio_inq_dimlen_file_dimid"                             -         12       12 1.920000e+02   4.176048e-04     0.000 (     7      0)     0.000 (     0      0)
"l:PIO:pio_inq_dimlen_file_dimid_offlen"                      -         12       12 1.920000e+02   3.796893e-04     0.000 (     9      0)     0.000 (     0      0)
"l:PIO:pio_inquire_file"                                      -         12       12 3.600000e+02   7.823601e-04     0.000 (     6      0)     0.000 (     0      0)
"l:PIO:pio_inq_ndims_file"                                    -         12       12 3.600000e+02   7.167566e-04     0.000 (     7      0)     0.000 (     0      0)
"l:PIO:initdecomp"                                            -         12       12 1.200000e+01   1.692377e-02     0.001 (     6      0)     0.001 (    11      0)
"l:PIO:PIOc_initdecomp"                                       -         12       12 1.200000e+01   1.647256e-02     0.001 (     6      0)     0.001 (    11      0)
"l:PIO:box_rearrange_create"                                  -         12       12 1.200000e+01   1.585859e-02     0.001 (     6      0)     0.001 (     4      0)
"l:PIO:pio_swapm"                                             -         12       12 1.320000e+02   1.395032e-01     0.015 (     9      0)     0.008 (     6      0)
"l:PIO:read_darray_3d_double"                                 -         12       12 9.600000e+01   1.524267e-01     0.015 (     0      0)     0.010 (     4      0)
"l:PIO:PIOc_read_darray"                                      -         12       12 9.600000e+01   1.522528e-01     0.015 (     0      0)     0.010 (     4      0)
"l:PIO:read_darray_nc"                                        -         12       12 9.600000e+01   1.261954e-02     0.007 (     6      0)     0.000 (     8      0)
"l:PIO:rearrange_io2comp"                                     -         12       12 9.600000e+01   1.379080e-01     0.015 (     9      0)     0.008 (     6      0)
"l:PIO:closefile"                                             -         12       12 1.200000e+01   8.336785e-04     0.000 (     6      0)     0.000 (     3      0)
"l:PIO:PIOc_closefile"                                        -         12       12 1.200000e+01   8.213299e-04     0.000 (     6      0)     0.000 (     3      0)
"l:surfalb"                                                   -         12       12 2.760000e+02   1.047750e+00     0.091 (     6      0)     0.085 (    10      0)
"l:urbsurfalb"                                                -         12       12 2.760000e+02   2.163980e-01     0.019 (     0      0)     0.017 (     4      0)
"CPL:OCNT_RUN"                                                -         12       12 2.760000e+02   4.578770e-02     0.006 (     0      0)     0.003 (    10      0)
"o:DOCN_RUN"                                                  -         12       12 2.760000e+02   3.409265e-02     0.003 (     0      0)     0.003 (    10      0)
"o:docn_run1"                                                 -         12       12 2.760000e+02   2.598662e-04     0.000 (     8      0)     0.000 (     2      0)
"o:docn"                                                      -         12       12 2.760000e+02   3.305088e-02     0.003 (     5      0)     0.003 (    10      0)
"o:docn_strdata_advance"                                      -         12       12 2.760000e+02   6.519878e-03     0.001 (     5      0)     0.000 (     9      0)
"o:docn_strd_adv_total"                                       -         12       12 2.760000e+02   6.127086e-03     0.001 (     5      0)     0.000 (     9      0)
"o:docn_strd_adv_readLBUB"                                    -         12       12 2.760000e+02   8.411363e-04     0.000 (     5      0)     0.000 (     3      0)
"o:docn_readLBUB_setup"                                       -         12       12 2.760000e+02   9.842403e-05     0.000 (     5      0)     0.000 (     2      0)
"o:docn_readLBUB_filemgt"                                     -         12       12 2.760000e+02   5.682907e-05     0.000 (     5      0)     0.000 (     0      0)
"o:docn_strd_adv_tint"                                        -         12       12 2.760000e+02   3.445407e-03     0.000 (     5      0)     0.000 (     9      0)
"o:docn_scatter"                                              -         12       12 2.760000e+02   1.298471e-02     0.001 (     5      0)     0.001 (     0      0)
"o:docn_datamode"                                             -         12       12 2.760000e+02   2.437670e-03     0.000 (     8      0)     0.000 (     0      0)
"o:docn_run2"                                                 -         12       12 2.760000e+02   3.248022e-04     0.000 (     0      0)     0.000 (     1      0)
"CPL:O2CT"                                                    -         12       12 2.760000e+02   2.362963e+00     0.366 (     8      0)     0.001 (     0      0)
"CPL:o2c_ocno2ocnx"                                           -         12       12 2.760000e+02   1.169816e-02     0.001 (     0      0)     0.001 (    10      0)
"CPL:o2c_infoexch"                                            -         12       12 2.760000e+02   2.350782e+00     0.365 (     8      0)     0.000 (     0      0)
"CPL:OCNPOSTT"                                                -         12       12 2.760000e+02   1.711040e-04     0.000 (     0      0)     0.000 (     5      0)
"CPL:RUN_LOOP_BSTOP"                                          -         12       12 1.200000e+01   3.769320e-02     0.007 (     1      0)     0.000 (     6      0)
"CPL:FINAL"                                                   -         12       12 1.200000e+01   1.444610e+00     0.121 (     0      0)     0.120 (     9      0)
"CPL:cime_final"                                              -         12       12 1.200000e+01   1.444588e+00     0.121 (     0      0)     0.120 (     9      0)
"o_f:DOCN_FINAL"                                              -         12       12 1.200000e+01   2.609612e-05     0.000 (     0      0)     0.000 (     7      0)
"a_f:EAMxx::finalize"                                         y         12       12 1.200000e+01   1.314461e+00     0.113 (     6      0)     0.108 (    11      0)
"a_f:PIO:PIOc_closefile"                                      -         12       12 1.200000e+01   2.533823e-03     0.001 (     0      0)     0.000 (     4      0)
"a_f:PIO:PIOc_freedecomp"                                     -         12       12 1.200000e+02   4.465247e-03     0.002 (     0      0)     0.000 (     8      0)
"PIO:finalize"                                                -         12       12 1.200000e+02   1.294170e-02     0.005 (     0      0)     0.000 (     3      0)
"PIO:PIOc_finalize"                                           -         12       12 1.200000e+02   1.160967e-02     0.005 (     0      0)     0.000 (     1      0)
"CPL:FINAL_sync1_tprf"                                        -         12       12 1.200000e+01   6.258149e-03     0.001 (    10      0)     0.000 (     0      0)
"CPL:FINAL_t_prf"                                             y          0        0 0.000000e+00   0.000000e+00     0.000 (     0      0)     0.000 (     0      0)

