
***** GLOBAL STATISTICS (  6144 MPI TASKS) *****

$Id: gptl.c,v 1.157 2011-03-28 20:55:18 rosinski Exp $
'count' is cumulative. All other stats are max/min
'on' indicates whether the timer was active during output, and so stats are lower or upper bounds.

name                                                         on  processes  threads        count      walltotal   wallmax (proc   thrd  )   wallmin (proc   thrd  )
"CPL:INIT"                                                    -       6144     6144 6.144000e+03   1.031513e+07  1717.399 (  4123      0)  1665.497 (   512      0)
"CPL:cime_pre_init1"                                          -       6144     6144 6.144000e+03   9.184312e+04    53.449 (  4121      0)     1.554 (   510      0)
"CPL:mpi_init"                                                -       6144     6144 6.144000e+03   8.802313e+04    52.825 (  4116      0)     0.983 (   504      0)
"CPL:ESMF_Initialize"                                         -       6144     6144 6.144000e+03   5.804951e+00     0.041 (   809      0)     0.000 (  2585      0)
"CPL:cime_pre_init2"                                          -       6144     6144 6.144000e+03   6.327935e+03     1.046 (   266      0)     1.003 (   850      0)
"CPL:seq_infodata_init"                                       -       6144     6144 6.144000e+03   5.982794e+02     0.350 (  4487      0)     0.001 (  3980      0)
"CPL:seq_timemgr_clockInit"                                   -       6144     6144 6.144000e+03   4.361423e+01     0.023 (   226      0)     0.001 (  5941      0)
"CPL:cime_init"                                               -       6144     6144 6.144000e+03   1.021695e+07  1662.939 (   899      0)  1662.884 (   512      0)
"CPL:init_comps"                                              -       6144     6144 6.144000e+03   1.021507e+07  1662.630 (   899      0)  1662.575 (   240      0)
"CPL:comp_init_pre_all"                                       -       6144     6144 6.144000e+03   5.252948e-01     0.004 (   250      0)     0.000 (  1300      0)
"CPL:comp_init_cc_atm"                                        -       6144     6144 6.144000e+03   8.415555e+06  1369.876 (   899      0)  1369.670 (   240      0)
"a_i:comp_init"                                               -       6144     6144 1.228800e+04   8.415379e+06  1369.733 (   789      0)  1369.653 (   267      0)
"a_i:EAMxx::init"                                             -       6144     6144 4.300800e+04   8.404922e+06  1369.118 (  2335      0)  1365.277 (   730      0)
"a_i:EAMxx::create_output_managers"                           -       6144     6144 6.144000e+03   2.560498e+01     0.222 (  4538      0)     0.000 (     0      0)
"a_i:EAMxx::create_atm_processes"                             -       6144     6144 6.144000e+03   3.188370e+03     0.590 (  2457      0)     0.165 (   505      0)
"a_i:EAMxx::create_grids"                                     -       6144     6144 6.144000e+03   1.697610e+06   276.744 (    10      0)   275.989 (  5119      0)
"a_i:PartitioningTime"                                        -       6144     6144 6.144000e+03   1.369441e-03     0.000 (  1378      0)     0.000 (  2460      0)
"a_i:repro_sum_int"                                           -       6144     6144 6.144000e+03   4.774107e+02     0.094 (  4002      0)     0.008 (   910      0)
"a_i:PIO:PIOc_get_att_tc"                                     -       6144     6144 6.696960e+05   1.546799e+02     0.092 (   905      0)     0.018 (   420      0)
"a_i:PIO:PIOc_get_vars_tc"                                    -       6144     6144 1.228800e+05   1.062606e+03     0.209 (    27      0)     0.092 (   908      0)
"a_i:PIO:PIOc_closefile"                                      -       6144     6144 7.987200e+04   3.848727e+02     3.245 (  4896      0)     0.000 (  5691      0)
"a_i:EAMxx::create_fields"                                    -       6144     6144 6.144000e+03   1.637942e+03     0.483 (   775      0)     0.255 (  1298      0)
"a_i:EAMxx::initialize_fields"                                -       6144     6144 6.144000e+03   3.324633e+06   541.216 (   185      0)   540.951 (   776      0)
"a_i:PIO:PIOc_initdecomp"                                     -       6144     6144 7.987200e+04   6.801280e+04    11.075 (  5118      0)    10.855 (   182      0)
"a_i:PIO:box_rearrange_create"                                -       6144     6144 7.987200e+04   6.592623e+04    10.731 (     2      0)    10.694 (   734      0)
"a_i:PIO:pio_swapm"                                           -       6144     6144 3.747840e+05   1.658710e+05    33.889 (   392      0)     3.599 (  2088      0)
"a_i:PIO:PIOc_read_darray"                                    -       6144     6144 1.351680e+05   1.545059e+05    29.067 (   496      0)    21.500 (  4207      0)
"a_i:PIO:read_darray_nc"                                      -       6144     6144 1.351680e+05   1.052225e+04    24.170 (   132      0)     0.000 (  5257      0)
"a_i:PIO:rearrange_io2comp"                                   -       6144     6144 1.351680e+05   1.289000e+05    24.747 (   581      0)     0.431 (  3588      0)
"a_i:EAMxx::initialize_atm_procs"                             -       6144     6144 6.144000e+03   3.372940e+06   549.748 (   247      0)   546.850 (  3791      0)
"a_i:EAMxx::SurfaceCouplingImporter::init"                    -       6144     6144 6.144000e+03   1.026269e+03     0.916 (  6122      0)     0.000 (  5747      0)
"a_i:EAMxx::homme::init"                                      -       6144     6144 6.144000e+03   2.710546e+05    45.307 (  6101      0)    42.843 (   461      0)
"a_i:compose_init"                                            -       6144     6144 6.144000e+03   1.977914e+03     1.136 (   206      0)     0.038 (  2029      0)
"a_i:sl_init1"                                                -       6144     6144 6.144000e+03   3.590608e+03     0.868 (  5245      0)     0.310 (  2672      0)
"a_i:EAMxx::tms::init"                                        -       6144     6144 6.144000e+03   3.867477e-02     0.001 (   186      0)     0.000 (  2339      0)
"a_i:EAMxx::shoc::init"                                       -       6144     6144 6.144000e+03   6.939219e+02     0.555 (   644      0)     0.001 (  4070      0)
"a_i:EAMxx::cld_fraction::init"                               -       6144     6144 6.144000e+03   2.223263e-01     0.002 (   781      0)     0.000 (  4361      0)
"a_i:EAMxx::spa::init"                                        -       6144     6144 6.144000e+03   3.068861e+06   504.626 (  2620      0)   498.717 (   397      0)
"a_i:EAMxx::p3::init"                                         -       6144     6144 6.144000e+03   1.834469e+03     0.481 (  1287      0)     0.046 (   540      0)
"a_i:EAMxx::rrtmgp::init"                                     -       6144     6144 6.144000e+03   2.271143e+04     4.780 (  4793      0)     0.060 (  2620      0)
"a_i:EAMxx::SurfaceCouplingExporter::init"                    -       6144     6144 6.144000e+03   2.131863e+03     1.920 (  1869      0)     0.003 (  2547      0)
"a_i:EAMxx::initialize_output_managers"                       -       6144     6144 6.144000e+03   4.887135e+03     0.809 (  2856      0)     0.745 (   785      0)
"a_i:EAMxx::IO::standard"                                     -       6144     6144 6.144000e+03   3.884024e+03     0.724 (  4752      0)     0.562 (  5591      0)
"a_i:EAMxx::IO::nooutput.yaml"                                -       6144     6144 6.144000e+03   3.884016e+03     0.724 (  4752      0)     0.562 (  5591      0)
"a_i:EAMxx::IO::standard::get_new_file"                       -       6144     6144 6.144000e+03   3.878236e+03     0.713 (  4752      0)     0.562 (  5591      0)
"a_i:PIO:PIOc_createfile"                                     -       6144     6144 6.144000e+03   2.148155e+03     0.429 (  3862      0)     0.280 (  5591      0)
"a_i:PIO:write_total"                                         -       6144     6144 2.027520e+05   2.169162e+03     0.469 (  3108      0)     0.280 (  5591      0)
"a_i:PIO:PIOc_put_att_tc"                                     -       6144     6144 1.843200e+05   1.206577e+01     0.036 (  1644      0)     0.000 (  3777      0)
"a_i:PIO:PIOc_put_vars_tc"                                    -       6144     6144 6.144000e+03   7.061050e+00     0.005 (  1644      0)     0.000 (   181      0)
"a_i:PIO:flush_output_buffer"                                 -        512      512 1.024000e+03   3.773119e+00     0.008 (   204      0)     0.004 (   804      0)
"a_i:EAMxx::IO::standard::run_output_streams"                 -       6144     6144 6.144000e+03   7.709419e-04     0.000 (   244      0)     0.000 (  2902      0)
"a_i:EAMxx::IO::standard::update_snapshot_tally"              -       6144     6144 6.144000e+03   5.758804e+00     0.011 (     0      0)     0.000 (  2915      0)
"a_i:PIO:PIOc_sync"                                           -       6144     6144 6.144000e+03   1.883558e+00     0.004 (     0      0)     0.000 (  4664      0)
"CPL:comp_init_cc_lnd"                                        -       6144     6144 6.144000e+03   1.181950e+06   192.389 (  2462      0)   192.223 (   181      0)
"l_i:comp_init"                                               -       6144     6144 6.144000e+03   1.181505e+06   192.385 (     0      0)   192.154 (  1195      0)
"l_i:elm_init1"                                               -       6144     6144 6.144000e+03   2.182179e+05    35.634 (   735      0)    35.128 (   818      0)
"l_i:PIO:openfile"                                            -       6144     6144 1.413120e+05   6.083749e+04    10.826 (  1973      0)     4.845 (   780      0)
"l_i:PIO:pio_inq_dimid_file_dimid"                            -       6144     6144 3.809280e+05   9.524396e+01     0.067 (   857      0)     0.004 (  2050      0)
"l_i:PIO:pio_inq_dimlen_file_dimid"                           -       6144     6144 2.285568e+06   1.634695e+02     0.039 (  3072      0)     0.012 (  2055      0)
"l_i:PIO:pio_inq_dimlen_file_dimid_offlen"                    -       6144     6144 2.285568e+06   1.630009e+02     0.039 (  3072      0)     0.011 (  2052      0)
"l_i:PIO:pio_inq_varid_file_vdesc"                            -       6144     6144 2.863104e+06   7.104884e+03     4.885 (  1214      0)     0.034 (  2049      0)
"l_i:PIO:pio_inq_varid_file_vid"                              -       6144     6144 2.863104e+06   7.100401e+03     4.885 (  1214      0)     0.034 (  2049      0)
"l_i:PIO:get_var_1d_int"                                      -       6144     6144 3.686400e+04   1.502296e+03     0.255 (  3371      0)     0.204 (   251      0)
"l_i:PIO:PIOc_get_vars_tc"                                    -       6144     6144 1.222656e+06   2.213728e+04     3.682 (    61      0)     2.697 (   839      0)
"l_i:PIO:closefile"                                           -       6144     6144 1.228800e+05   1.724550e+02     0.435 (  1860      0)     0.001 (  1690      0)
"l_i:PIO:PIOc_closefile"                                      -       6144     6144 1.228800e+05   1.723399e+02     0.435 (  1860      0)     0.001 (  1690      0)
"l_i:PIO:pio_inq_varndims_file_vdesc"                         -       6144     6144 1.394688e+06   3.208644e+02     3.312 (  2043      0)     0.013 (  2051      0)
"l_i:PIO:pio_inq_varndims_file_vid"                           -       6144     6144 1.394688e+06   3.204970e+02     3.312 (  2043      0)     0.013 (  2051      0)
"l_i:PIO:pio_inq_vardimid_file_vdesc"                         -       6144     6144 1.394688e+06   4.922734e+02     0.113 (  3072      0)     0.031 (  2055      0)
"l_i:PIO:pio_inq_vardimid_file_vid"                           -       6144     6144 1.394688e+06   4.919421e+02     0.113 (  3072      0)     0.031 (  2055      0)
"l_i:PIO:pio_inq_dimname_file_dimid"                          -       6144     6144 5.068800e+06   5.361572e+02     0.112 (  3079      0)     0.032 (  2052      0)
"l_i:PIO:initdecomp"                                          -       6144     6144 1.597440e+05   5.069862e+04     8.493 (   130      0)     6.935 (   181      0)
"l_i:PIO:PIOc_initdecomp"                                     -       6144     6144 1.597440e+05   5.067960e+04     8.490 (   130      0)     6.931 (   181      0)
"l_i:PIO:box_rearrange_create"                                -       6144     6144 1.597440e+05   3.967701e+04     6.459 (     4      0)     6.444 (   182      0)
"l_i:PIO:pio_swapm"                                           -       6144     6144 1.861632e+06   9.007033e+05   154.615 (  2051      0)    53.952 (   180      0)
"l_i:PIO:read_darray_1d_double"                               -       6144     6144 5.038080e+05   3.743844e+05    61.484 (    91      0)    58.501 (  2046      0)
"l_i:PIO:PIOc_read_darray"                                    -       6144     6144 1.382400e+06   9.105335e+05   149.368 (  3108      0)   144.575 (  2046      0)
"l_i:PIO:read_darray_nc"                                      -       6144     6144 1.382400e+06   4.076527e+04    98.064 (   180      0)     0.000 (  2253      0)
"l_i:PIO:rearrange_io2comp"                                   -       6144     6144 1.382400e+06   8.683659e+05   149.226 (  2051      0)    49.171 (   180      0)
"l_i:PIO:pio_inquire_file"                                    -       6144     6144 1.843200e+06   1.342799e+02     0.027 (  3076      0)     0.008 (  2056      0)
"l_i:PIO:pio_inq_ndims_file"                                  -       6144     6144 1.843200e+06   1.333936e+02     0.027 (  3076      0)     0.008 (  2056      0)
"l_i:PIO:read_darray_1d_int"                                  -       6144     6144 4.300800e+04   2.850466e+04     4.744 (  4140      0)     4.373 (  1072      0)
"l_i:PIO:read_darray_3d_double"                               -       6144     6144 1.105920e+05   4.086852e+04     6.691 (  2059      0)     6.522 (  2042      0)
"l_i:PIO:read_darray_3d_int"                                  -       6144     6144 6.144000e+03   1.027977e+03     0.173 (  4728      0)     0.144 (   406      0)
"l_i:PIO:read_darray_4d_double"                               -       6144     6144 8.601600e+04   5.438033e+04     8.879 (  2052      0)     8.719 (  2040      0)
"l_i:PIO:get_var_1d_text"                                     -       6144     6144 1.228800e+04   4.902975e+01     0.009 (  5290      0)     0.003 (   403      0)
"l_i:PIO:get_var_1d_double"                                   -       6144     6144 8.847360e+05   1.413293e+03     0.327 (  3075      0)     0.140 (  3742      0)
"l_i:PIO:get_var_0d_double"                                   -       6144     6144 6.144000e+04   6.732408e+01     0.012 (  3540      0)     0.002 (   670      0)
"l_i:PIO:read_darray_2d_double"                               -       6144     6144 6.082560e+05   4.084597e+05    67.220 (  4992      0)    64.510 (   253      0)
"l_i:PIO:read_darray_2d_int"                                  -       6144     6144 2.457600e+04   2.911922e+03     0.486 (  4020      0)     0.419 (   181      0)
"l_i:gather_1darray_int_total"                                -       6144     6144 3.072000e+04   4.070933e+03     1.458 (     0      0)     0.451 (   182      0)
"l_i:scatter_1darray_int_total"                               -       6144     6144 3.072000e+04   1.076847e+04     1.835 (    10      0)     0.919 (     0      0)
"l_i:init_filters"                                            -       6144     6144 6.144000e+03   7.050060e+02     0.200 (   840      0)     0.000 (  2393      0)
"l_i:elm_init2"                                               -       6144     6144 6.144000e+03   9.575154e+05   155.918 (     0      0)   154.150 (   397      0)
"l_i:init_orbd"                                               -       6144     6144 6.144000e+03   6.051280e+00     0.052 (   181      0)     0.000 (  4702      0)
"l_i:PIO:get_var_0d_int"                                      -       6144     6144 1.290240e+05   5.408136e+03     1.583 (  2029      0)     0.837 (  2827      0)
"l_i:PIO:get_var_2d_double"                                   -       6144     6144 7.372800e+04   1.395215e+04     2.292 (     0      0)     1.415 (   839      0)
"l_i:PIO:get_var_3d_double"                                   -       6144     6144 2.457600e+04   9.832609e+02     0.210 (   828      0)     0.144 (  1535      0)
"l_i:init_accflds"                                            -       6144     6144 6.144000e+03   1.385956e+01     0.054 (   893      0)     0.001 (  3484      0)
"l_i:init_dyn_subgrid"                                        -       6144     6144 6.144000e+03   1.467621e+02     0.093 (   889      0)     0.003 (  3540      0)
"l_i:subgridRest_write-read"                                  -       6144     6144 6.144000e+03   1.086131e+05    17.684 (  4056      0)    17.672 (  1967      0)
"l_i:init_map2gc"                                             -       6144     6144 6.144000e+03   5.676143e+00     0.017 (   202      0)     0.001 (  3441      0)
"l_i:init_elm_interface_data & pflotran"                      -       6144     6144 6.144000e+03   9.605939e-04     0.000 (  3456      0)     0.000 (   900      0)
"l_i:init_wlog"                                               -       6144     6144 6.144000e+03   2.087397e-03     0.000 (     0      0)     0.000 (  4425      0)
"l_i:elm_init3"                                               -       6144     6144 6.144000e+03   7.055715e-01     0.021 (   786      0)     0.000 (  1038      0)
"CPL:comp_init_cc_rof"                                        -       6144     6144 6.144000e+03   7.483282e+02     1.186 (   180      0)     0.002 (   162      0)
"r_i:comp_init"                                               -       6144     6144 6.144000e+03   5.624799e+01     1.059 (   191      0)     0.000 (     0      0)
"CPL:comp_init_cc_ocn"                                        -       6144     6144 6.144000e+03   3.494656e+05    57.028 (   754      0)    55.816 (   183      0)
"o_i:comp_init"                                               -       6144     6144 6.144000e+03   3.493816e+05    57.026 (   724      0)    55.816 (   187      0)
"o_i:docn_readnml"                                            -       6144     6144 6.144000e+03   2.605133e+04     5.145 (  2381      0)     2.144 (   891      0)
"o_i:DOCN_INIT"                                               -       6144     6144 6.144000e+03   3.222686e+05    52.952 (  4689      0)    51.800 (  1770      0)
"o_i:docn_strdata_init"                                       -       6144     6144 6.144000e+03   2.899438e+05    48.340 (  3187      0)    46.251 (  1304      0)
"o_i:PIO:initdecomp"                                          -       6144     6144 1.843200e+04   8.376714e+03     1.394 (     7      0)     0.419 (   247      0)
"o_i:PIO:PIOc_initdecomp"                                     -       6144     6144 1.843200e+04   8.376659e+03     1.394 (     7      0)     0.419 (   247      0)
"o_i:PIO:box_rearrange_create"                                -       6144     6144 1.843200e+04   2.572980e+03     0.419 (     2      0)     0.419 (  6137      0)
"o_i:PIO:pio_swapm"                                           -       6144     6144 6.758400e+04   4.614141e+03     0.986 (  3561      0)     0.347 (    24      0)
"o_i:docn_initgsmaps"                                         -       6144     6144 6.144000e+03   7.400713e+00     0.403 (   780      0)     0.000 (    51      0)
"o_i:docn_initmctdom"                                         -       6144     6144 6.144000e+03   5.686225e+01     0.751 (   202      0)     0.000 (  5864      0)
"o_i:docn_initmctavs"                                         -       6144     6144 6.144000e+03   2.802335e+01     0.420 (   669      0)     0.000 (  1272      0)
"o_i:DOCN_RUN"                                                -       6144     6144 6.144000e+03   3.221498e+04     5.733 (  1344      0)     3.479 (   201      0)
"o_i:docn_run1"                                               -       6144     6144 6.144000e+03   3.106035e+01     0.648 (   181      0)     0.000 (  3372      0)
"o_i:docn"                                                    -       6144     6144 6.144000e+03   3.218329e+04     5.733 (  1344      0)     3.231 (   830      0)
"o_i:docn_strdata_advance"                                    -       6144     6144 6.144000e+03   3.217955e+04     5.733 (  1348      0)     3.196 (   831      0)
"o_i:docn_strd_adv_total"                                     -       6144     6144 6.144000e+03   3.217953e+04     5.733 (  1348      0)     3.196 (   831      0)
"o_i:docn_strd_adv_readLBUB"                                  -       6144     6144 6.144000e+03   3.148423e+04     5.679 (  1354      0)     2.976 (   831      0)
"o_i:docn_readLBUB_setup"                                     -       6144     6144 6.144000e+03   1.516841e+01     0.390 (   398      0)     0.000 (  2755      0)
"o_i:docn_readLBUB_fbound"                                    -       6144     6144 6.144000e+03   4.530593e+00     4.530 (     0      0)     0.000 (  2750      0)
"o_i:docn_readLBUB_bcast"                                     -       6144     6144 6.144000e+03   2.579317e+04     4.693 (  1351      0)     0.000 (     0      0)
"o_i:docn_readLBUB_LB_setup"                                  -       6144     6144 6.144000e+03   1.362775e-03     0.000 (     0      0)     0.000 (  2278      0)
"o_i:docn_readLBUB_LB_readpio"                                -       6144     6144 6.144000e+03   3.465717e+03     0.813 (  2076      0)     0.345 (   769      0)
"o_i:PIO:openfile"                                            -       6144     6144 6.144000e+03   2.224661e+03     0.440 (  6142      0)     0.083 (   851      0)
"o_i:PIO:pio_inq_varid_file_vdesc"                            -       6144     6144 2.457600e+04   2.525042e+00     0.001 (  3061      0)     0.000 (    17      0)
"o_i:PIO:pio_inq_varid_file_vid"                              -       6144     6144 2.457600e+04   2.513832e+00     0.001 (  3061      0)     0.000 (    18      0)
"o_i:PIO:pio_inq_varndims_file_vdesc"                         -       6144     6144 1.228800e+04   1.459629e+01     0.128 (   252      0)     0.000 (   639      0)
"o_i:PIO:pio_inq_varndims_file_vid"                           -       6144     6144 1.228800e+04   1.458897e+01     0.128 (   253      0)     0.000 (   639      0)
"o_i:PIO:pio_inq_vardimid_file_vdesc"                         -       6144     6144 1.228800e+04   5.250171e+00     0.001 (     9      0)     0.001 (   901      0)
"o_i:PIO:pio_inq_vardimid_file_vid"                           -       6144     6144 1.228800e+04   5.243568e+00     0.001 (     9      0)     0.001 (   901      0)
"o_i:PIO:pio_inq_dimlen_file_dimid"                           -       6144     6144 3.686400e+04   2.916014e+00     0.001 (    11      0)     0.000 (  2100      0)
"o_i:PIO:pio_inq_dimlen_file_dimid_offlen"                    -       6144     6144 3.686400e+04   2.904421e+00     0.001 (    11      0)     0.000 (  2100      0)
"o_i:PIO:pio_inq_vartype_file_vdesc"                          -       6144     6144 1.228800e+04   2.284747e+00     0.000 (  3265      0)     0.000 (   353      0)
"o_i:PIO:pio_inq_vartype_file_vid"                            -       6144     6144 1.228800e+04   2.278689e+00     0.000 (  3265      0)     0.000 (  2036      0)
"o_i:PIO:read_darray_1d_real"                                 -       6144     6144 1.228800e+04   2.398322e+03     0.586 (  1476      0)     0.148 (   509      0)
"o_i:PIO:PIOc_read_darray"                                    -       6144     6144 1.228800e+04   2.398283e+03     0.585 (  1476      0)     0.148 (   509      0)
"o_i:PIO:read_darray_nc"                                      -       6144     6144 1.228800e+04   1.925480e+02     0.573 (  3312      0)     0.000 (  4450      0)
"o_i:PIO:rearrange_io2comp"                                   -       6144     6144 1.228800e+04   2.167741e+03     0.573 (  3561      0)     0.001 (  2604      0)
"o_i:docn_readLBUB_UB_setup"                                  -       6144     6144 6.144000e+03   4.003093e-03     0.000 (     0      0)     0.000 (  1297      0)
"o_i:docn_readLBUB_UB_readpio"                                -       6144     6144 6.144000e+03   2.187619e+03     0.510 (  1054      0)     0.038 (  1443      0)
"o_i:docn_readLBUB_filemgt"                                   -       6144     6144 6.144000e+03   1.342103e-03     0.000 (   748      0)     0.000 (  5187      0)
"o_i:docn_strd_adv_fill"                                      -       6144     6144 6.144000e+03   8.152998e-01     0.000 (  5706      0)     0.000 (  4654      0)
"o_i:docn_strd_adv_map"                                       -       6144     6144 6.144000e+03   6.842251e+02     0.223 (     7      0)     0.003 (  3621      0)
"o_i:docn_strd_adv_tint"                                      -       6144     6144 6.144000e+03   5.463939e+00     0.049 (   666      0)     0.000 (  2634      0)
"o_i:docn_scatter"                                            -       6144     6144 6.144000e+03   8.032741e-01     0.000 (     0      0)     0.000 (   323      0)
"o_i:docn_datamode"                                           -       6144     6144 6.144000e+03   9.229508e-01     0.013 (   739      0)     0.000 (  3276      0)
"o_i:docn_run2"                                               -       6144     6144 6.144000e+03   6.185095e-01     0.019 (   846      0)     0.000 (   205      0)
"CPL:comp_init_cc_ice"                                        -       6144     6144 6.144000e+03   2.569714e+05    41.890 (  4689      0)    41.731 (   192      0)
"i_i:comp_init"                                               -       6144     6144 6.144000e+03   2.562371e+05    41.888 (  4689      0)    41.413 (   337      0)
"i_i:cice_init"                                               -       6144     6144 6.144000e+03   3.067140e+04     5.015 (   719      0)     4.920 (   352      0)
"i_i:ice_HaloUpdate2DR8"                                      -       6144     6144 2.457600e+04   8.362507e+01     0.397 (  4679      0)     0.000 (  4024      0)
"i_i:ice_HU2DR8_init"                                         -       6144     6144 2.457600e+04   1.688272e-02     0.000 (    74      0)     0.000 (   215      0)
"i_i:state_bound_h1"                                          -       6144     6144 6.144000e+03   1.710762e+00     0.012 (   719      0)     0.000 (  5354      0)
"i_i:ice_HaloUpdate3DR8"                                      -       6144     6144 3.072000e+04   2.074780e+00     0.012 (   719      0)     0.000 (  4546      0)
"i_i:ice_HU3DR8_init"                                         -       6144     6144 3.072000e+04   1.901378e-01     0.002 (   902      0)     0.000 (   605      0)
"i_i:ice_HU3DR8_recvall"                                      -       6144     6144 3.072000e+04   8.466733e-01     0.012 (   719      0)     0.000 (  2658      0)
"i_i:state_bound_hm"                                          -       6144     6144 6.144000e+03   8.564183e-02     0.000 (   661      0)     0.000 (   506      0)
"i_i:state_bound_hc"                                          -       6144     6144 6.144000e+03   3.911826e-02     0.000 (   198      0)     0.000 (  4736      0)
"i_i:state_bound_h2"                                          -       6144     6144 6.144000e+03   1.075666e+00     0.002 (   790      0)     0.000 (   816      0)
"i_i:ice_HaloUpdate4DR8"                                      -       6144     6144 6.144000e+03   2.611933e-01     0.000 (   727      0)     0.000 (   816      0)
"i_i:ice_HU4DR8_init"                                         -       6144     6144 6.144000e+03   2.147911e-02     0.000 (   837      0)     0.000 (  1982      0)
"i_i:ice_HU4DR8_recvall"                                      -       6144     6144 6.144000e+03   6.827277e-04     0.000 (  1360      0)     0.000 (  5588      0)
"i_i:state_bound_hd"                                          -       6144     6144 6.144000e+03   3.470694e-03     0.000 (  3032      0)     0.000 (  4979      0)
"i_i:cice_mct_init"                                           -       6144     6144 6.144000e+03   2.255585e+05    36.888 (  4689      0)    36.472 (   784      0)
"i_i:PIO:initdecomp"                                          -       6144     6144 1.843200e+04   2.622884e+03     0.442 (     1      0)     0.410 (     0      0)
"i_i:PIO:PIOc_initdecomp"                                     -       6144     6144 1.843200e+04   2.622827e+03     0.442 (     3      0)     0.410 (     0      0)
"i_i:PIO:box_rearrange_create"                                -       6144     6144 1.843200e+04   2.512648e+03     0.409 (    14      0)     0.409 (  6139      0)
"i_i:PIO:pio_swapm"                                           -       6144     6144 5.529600e+04   2.391260e+03     0.406 (  5844      0)     0.338 (  1313      0)
"CPL:comp_init_cc_glc"                                        -       6144     6144 6.144000e+03   9.353281e+00     0.002 (  3072      0)     0.001 (  2203      0)
"g_i:comp_init"                                               -       6144     6144 6.144000e+03   9.331627e-03     0.000 (  3082      0)     0.000 (  1054      0)
"CPL:comp_init_cc_wav"                                        -       6144     6144 6.144000e+03   9.088737e+00     0.002 (  3127      0)     0.001 (  5316      0)
"w_i:comp_init"                                               -       6144     6144 6.144000e+03   2.780902e-03     0.000 (   384      0)     0.000 (  2562      0)
"CPL:comp_init_cc_esp"                                        -       6144     6144 6.144000e+03   1.121968e+01     0.018 (   773      0)     0.000 (  4676      0)
"e_i:comp_init"                                               -       6144     6144 6.144000e+03   3.956899e-01     0.017 (   773      0)     0.000 (  4471      0)
"CPL:comp_init_cc_iac"                                        -       6144     6144 6.144000e+03   9.576191e+00     0.002 (  3320      0)     0.001 (   828      0)
"z_i:comp_init"                                               -       6144     6144 6.144000e+03   2.770079e-03     0.000 (  3597      0)     0.000 (   668      0)
"CPL:comp_init_cx_all"                                        -       6144     6144 6.144000e+03   1.033924e+04     1.703 (   663      0)     1.628 (  4700      0)
"CPL:comp_list_all"                                           -       6144     6144 6.144000e+03   1.110739e+00     0.014 (   198      0)     0.000 (  1304      0)
"CPL:init_maps"                                               -       6144     6144 6.144000e+03   1.258293e+02     0.139 (   196      0)     0.016 (  3250      0)
"CPL:init_aream"                                              -       6144     6144 6.144000e+03   3.016815e+01     0.140 (    62      0)     0.000 (  1450      0)
"CPL:init_domain_check"                                       -       6144     6144 6.144000e+03   8.482074e+02     0.148 (  1581      0)     0.008 (   195      0)
"CPL:init_areacor"                                            -       6144     6144 6.144000e+03   2.512568e+02     0.041 (     1      0)     0.039 (   900      0)
"CPL:init_fracs"                                              -       6144     6144 6.144000e+03   2.601088e+01     0.066 (     0      0)     0.001 (  1435      0)
"CPL:init_aoflux"                                             -       6144     6144 6.144000e+03   6.876727e+00     0.006 (   186      0)     0.000 (  3250      0)
"CPL:init_atminit"                                            -       6144     6144 3.686400e+04   4.868778e+01     0.069 (    95      0)     0.003 (  2698      0)
"CPL:comp_init_cc_atm2"                                       -       6144     6144 6.144000e+03   4.493624e+02     0.081 (  1467      0)     0.007 (   888      0)
"CPL:init_readrestart"                                        -       6144     6144 6.144000e+03   1.271432e+00     0.005 (   844      0)     0.000 (  1383      0)
"CPL:cime_run_init"                                           -       6144     6144 6.144000e+03   1.415952e+00     0.031 (     0      0)     0.000 (  4633      0)
"CPL:INIT_sync1_tprf"                                         -       6144     6144 6.144000e+03   1.876453e+02     0.031 (  2473      0)     0.000 (     0      0)
"CPL:INIT_t_prf"                                              -       6144     6144 6.144000e+03   3.144921e+00     0.141 (     0      0)     0.000 (   891      0)
"CPL:INIT_sync2_tprf"                                         -       6144     6144 6.144000e+03   8.655316e+02     0.141 (  2881      0)     0.000 (     0      0)
"CPL:RUN_LOOP_BSTART"                                         -       6144     6144 6.144000e+03   2.465618e-01     0.000 (  4750      0)     0.000 (  6125      0)
"CPL:RUN_LOOP"                                                -       6144     6144 2.654208e+06   3.795564e+06   617.773 (  5515      0)   617.763 (  1195      0)
"CPL:CLOCK_ADVANCE"                                           -       6144     6144 2.654208e+06   2.856465e+02     0.117 (   550      0)     0.041 (  1036      0)
"CPL:RUN"                                                     -       6144     6144 3.184435e+07   3.038955e+04    10.250 (   139      0)     2.736 (  1904      0)
"CPL:OCNPRE1"                                                 -       6144     6144 2.654208e+06   2.407536e+03     0.465 (   540      0)     0.319 (  2856      0)
"CPL:ocnpre1_atm2ocn"                                         -       6144     6144 2.654208e+06   2.403911e+03     0.443 (  4999      0)     0.318 (  2856      0)
"CPL:LNDPREP"                                                 -       6144     6144 2.654208e+06   5.751926e+02     0.175 (   708      0)     0.036 (  2758      0)
"CPL:lndprep_atm2lnd"                                         -       6144     6144 2.654208e+06   3.714507e+02     0.134 (   708      0)     0.025 (  1449      0)
"CPL:lndprep_mrgx2l"                                          -       6144     6144 2.654208e+06   1.967763e+02     0.051 (  2399      0)     0.003 (  2761      0)
"CPL:COMM"                                                    -       6144     6144 1.857331e+07   2.194624e+05    51.661 (  3335      0)    20.539 (  2323      0)
"CPL:C2L"                                                     -       6144     6144 2.654208e+06   2.368468e+03     0.481 (  6111      0)     0.245 (    49      0)
"CPL:c2l_lndx2lndl"                                           -       6144     6144 2.654208e+06   1.118401e+03     0.294 (   527      0)     0.110 (  2025      0)
"CPL:c2l_infoexch"                                            -       6144     6144 2.654208e+06   1.245477e+03     0.321 (  5115      0)     0.029 (    53      0)
"CPL:ICEPREP"                                                 -       6144     6144 2.654208e+06   1.711069e+03     0.308 (   184      0)     0.267 (   908      0)
"CPL:iceprep_ocn2ice"                                         -       6144     6144 2.654208e+06   2.893060e+02     0.052 (  1119      0)     0.043 (  3944      0)
"CPL:iceprep_atm2ice"                                         -       6144     6144 2.654208e+06   5.101708e+02     0.088 (  4140      0)     0.079 (   559      0)
"CPL:iceprep_mrgx2i"                                          -       6144     6144 2.654208e+06   8.978642e+02     0.171 (   369      0)     0.139 (   562      0)
"CPL:C2I"                                                     -       6144     6144 2.654208e+06   1.155828e+03     0.209 (  5350      0)     0.142 (   369      0)
"CPL:c2i_icex2icei"                                           -       6144     6144 2.654208e+06   5.119196e+02     0.088 (  4743      0)     0.078 (  4678      0)
"CPL:ice_infoexch"                                            -       6144     6144 2.654208e+06   6.402107e+02     0.129 (  5350      0)     0.058 (   369      0)
"CPL:ICE_RUN"                                                 -       6144     6144 2.654208e+06   2.939094e+04     5.838 (  4859      0)     4.393 (  5881      0)
"i:cice_run_total"                                            -       6144     6144 2.654208e+06   2.622898e+04     5.518 (  4836      0)     3.998 (  5878      0)
"i:cice_run_import"                                           -       6144     6144 2.654208e+06   2.468385e+03     0.477 (   843      0)     0.347 (  2762      0)
"i:cice_imp_ocn"                                              -       6144     6144 2.654208e+06   2.222438e+02     0.049 (  5447      0)     0.033 (   932      0)
"i:cice_imp_atm"                                              -       6144     6144 2.654208e+06   2.140195e+02     0.062 (  5447      0)     0.032 (  5210      0)
"i:cice_run_initmd"                                           -       6144     6144 2.654208e+06   6.405055e+03     1.205 (   115      0)     0.906 (  4893      0)
"i:cice_run_presc"                                            -       6144     6144 2.654208e+06   6.392964e+03     1.186 (   543      0)     0.992 (  5884      0)
"i:cice_pice_strd_adv_total"                                  -       6144     6144 2.654208e+06   4.104595e+03     0.748 (   550      0)     0.640 (   393      0)
"i:cice_pice_strd_adv_readLBUB"                               -       6144     6144 2.654208e+06   3.599075e+03     0.667 (   540      0)     0.533 (     7      0)
"i:cice_pice_readLBUB_setup"                                  -       6144     6144 2.654208e+06   8.160007e-01     0.001 (   547      0)     0.000 (  1488      0)
"i:cice_pice_readLBUB_fbound"                                 -       6144     6144 1.228800e+04   2.941871e-01     0.293 (     0      0)     0.000 (  5370      0)
"i:cice_pice_readLBUB_bcast"                                  -       6144     6144 1.228800e+04   1.800255e+03     0.293 (  6138      0)     0.000 (     0      0)
"i:cice_pice_readLBUB_LB_setup"                               -       6144     6144 6.144000e+03   2.448310e-03     0.000 (     0      0)     0.000 (    50      0)
"i:cice_pice_readLBUB_LB_readpio"                             -       6144     6144 6.144000e+03   2.119068e+02     0.074 (  1584      0)     0.017 (     0      0)
"i:PIO:openfile"                                              -       6144     6144 6.144000e+03   7.725558e+01     0.013 (  6142      0)     0.013 (     0      0)
"i:PIO:pio_inq_varid_file_vdesc"                              -       6144     6144 3.686400e+04   6.446904e+00     0.091 (   420      0)     0.000 (    17      0)
"i:PIO:pio_inq_varid_file_vid"                                -       6144     6144 3.686400e+04   6.432492e+00     0.091 (   420      0)     0.000 (    17      0)
"i:PIO:pio_inq_varndims_file_vdesc"                           -       6144     6144 1.843200e+04   4.855498e+00     0.021 (  2667      0)     0.000 (   431      0)
"i:PIO:pio_inq_varndims_file_vid"                             -       6144     6144 1.843200e+04   4.846115e+00     0.021 (  2667      0)     0.000 (   431      0)
"i:PIO:pio_inq_vardimid_file_vdesc"                           -       6144     6144 1.843200e+04   8.069780e+00     0.002 (   540      0)     0.001 (   420      0)
"i:PIO:pio_inq_vardimid_file_vid"                             -       6144     6144 1.843200e+04   8.061025e+00     0.002 (   540      0)     0.001 (   420      0)
"i:PIO:pio_inq_dimlen_file_dimid"                             -       6144     6144 5.529600e+04   4.614665e+00     0.002 (   551      0)     0.001 (  3180      0)
"i:PIO:pio_inq_dimlen_file_dimid_offlen"                      -       6144     6144 5.529600e+04   4.597435e+00     0.002 (   551      0)     0.001 (  3180      0)
"i:PIO:pio_inq_vartype_file_vdesc"                            -       6144     6144 1.843200e+04   3.578330e+00     0.001 (  6111      0)     0.000 (   423      0)
"i:PIO:pio_inq_vartype_file_vid"                              -       6144     6144 1.843200e+04   3.570057e+00     0.001 (  6111      0)     0.000 (   427      0)
"i:PIO:read_darray_1d_real"                                   -       6144     6144 1.843200e+04   1.586771e+03     0.330 (  1632      0)     0.153 (   548      0)
"i:PIO:PIOc_read_darray"                                      -       6144     6144 1.843200e+04   1.586683e+03     0.330 (  1632      0)     0.151 (   546      0)
"i:PIO:read_darray_nc"                                        -       6144     6144 1.843200e+04   1.318454e+02     0.324 (  2388      0)     0.000 (  4030      0)
"i:PIO:rearrange_io2comp"                                     -       6144     6144 1.843200e+04   1.444898e+03     0.324 (   102      0)     0.000 (     0      0)
"i:PIO:pio_swapm"                                             -       6144     6144 1.843200e+04   1.444375e+03     0.324 (   102      0)     0.000 (     0      0)
"i:cice_pice_readLBUB_UB_setup"                               -       6144     6144 1.228800e+04   2.181099e-02     0.001 (   549      0)     0.000 (  3265      0)
"i:cice_pice_readLBUB_UB_readpio"                             -       6144     6144 1.228800e+04   1.576441e+03     0.307 (  1677      0)     0.206 (  2696      0)
"i:cice_pice_readLBUB_filemgt"                                -       6144     6144 2.654208e+06   6.491591e-01     0.000 (  1516      0)     0.000 (   855      0)
"i:cice_pice_strd_adv_map"                                    -       6144     6144 1.228800e+04   4.327315e+02     0.124 (     5      0)     0.010 (  1584      0)
"i:cice_pice_strd_adv_tint"                                   -       6144     6144 2.654208e+06   6.149099e+01     0.032 (   546      0)     0.009 (   132      0)
"i:cice_run_initflux"                                         -       6144     6144 2.654208e+06   2.313513e+02     0.072 (   660      0)     0.033 (  5415      0)
"i:cice_run_prepradiation"                                    -       6144     6144 2.654208e+06   8.842015e+01     0.022 (  4854      0)     0.013 (  1907      0)
"i:cice_run_therm1"                                           -       6144     6144 2.654208e+06   3.464152e+03     1.152 (  4864      0)     0.496 (   688      0)
"i:cice_run_dyn"                                              -       6144     6144 2.654208e+06   1.399237e-01     0.000 (  4102      0)     0.000 (  4154      0)
"i:cice_run_radiation"                                        -       6144     6144 2.654208e+06   2.122799e+03     1.169 (  4955      0)     0.251 (  2020      0)
"i:cice_step_radiationib"                                     -       6144     6144 2.654208e+06   1.906037e+03     1.134 (  4955      0)     0.216 (  2020      0)
"i:cice_step_rib_swdedd1"                                     -       6144     6144 2.654208e+06   1.707804e+02     0.053 (  4881      0)     0.011 (  5901      0)
"i:cice_step_rib_swdedd2"                                     -       6144     6144 2.654208e+06   1.326139e+02     0.025 (   547      0)     0.021 (    16      0)
"i:cice_step_rib_swdedd7"                                     -       6144     6144 2.654208e+06   1.494015e+03     1.057 (  4955      0)     0.162 (  3394      0)
"i:cice_run_couplingprep"                                     -       6144     6144 2.654208e+06   1.497673e+03     0.462 (   539      0)     0.224 (  4881      0)
"i:ice_HaloUpdate2DR8"                                        -       6144     6144 2.654208e+06   1.316113e+02     0.240 (   539      0)     0.007 (  6135      0)
"i:ice_HU2DR8_init"                                           -       6144     6144 2.654208e+06   2.014550e+00     0.001 (  4445      0)     0.000 (  5047      0)
"i:cice_run_diag"                                             -       6144     6144 2.654208e+06   1.400466e+03     0.255 (   436      0)     0.165 (  4883      0)
"i:cice_run_hist"                                             -       6144     6144 2.654208e+06   1.377656e+03     0.246 (  2934      0)     0.178 (  5878      0)
"i:cice_run_accum"                                            -       6144     6144 2.654208e+06   2.896312e+01     0.020 (   814      0)     0.004 (  1855      0)
"i:cice_run_export"                                           -       6144     6144 2.654208e+06   6.905411e+02     0.131 (   180      0)     0.106 (  5531      0)
"CPL:LND_RUN"                                                 -       6144     6144 2.654208e+06   3.167399e+05    62.189 (   379      0)    42.726 (  6052      0)
"l:lc_lnd_import"                                             -       6144     6144 2.654208e+06   6.814664e+02     0.194 (  5106      0)     0.081 (  1717      0)
"l:elm_run"                                                   -       6144     6144 2.660352e+06   3.151659e+05    61.923 (   379      0)    42.471 (  6052      0)
"l:shr_orb_decl"                                              -       6144     6144 2.660352e+06   3.068509e+00     0.001 (  4791      0)     0.000 (  5184      0)
"l:decomp_vert"                                               -       6144     6144 2.660352e+06   4.414403e+01     0.033 (   546      0)     0.003 (  4923      0)
"l:beggridwbal"                                               -       6144     6144 2.660352e+06   1.580571e+03     0.335 (   543      0)     0.217 (  4369      0)
"l:cnpinit"                                                   -       6144     6144 2.660352e+06   2.521951e+00     0.001 (  5208      0)     0.000 (  1916      0)
"l:cnpvegsumm"                                                -       6144     6144 2.660352e+06   2.984556e-01     0.000 (  3712      0)     0.000 (  4316      0)
"l:dyn_subgrid"                                               -       6144     6144 2.660352e+06   9.883662e+03     1.944 (   543      0)     1.408 (  3441      0)
"l:begwbal"                                                   -       6144     6144 2.660352e+06   1.988446e+02     0.049 (   430      0)     0.020 (  5491      0)
"l:begcnpbal"                                                 -       6144     6144 2.660352e+06   5.686808e-01     0.002 (   725      0)     0.000 (  4728      0)
"l:drvinit"                                                   -       6144     6144 2.660352e+06   8.776722e+02     0.235 (   187      0)     0.128 (  3421      0)
"l:canhydro"                                                  -       6144     6144 2.660352e+06   1.718368e+03     0.376 (   737      0)     0.215 (  3312      0)
"l:surfrad"                                                   -       6144     6144 2.660352e+06   3.390616e+03     0.680 (  1117      0)     0.461 (  2885      0)
"l:bgp1"                                                      -       6144     6144 2.660352e+06   1.921202e+03     0.434 (   430      0)     0.241 (  3441      0)
"l:bgflux"                                                    -       6144     6144 2.660352e+06   2.656558e+03     0.582 (  2244      0)     0.272 (  1382      0)
"l:canflux"                                                   -       6144     6144 2.660352e+06   1.031875e+05    24.537 (  5034      0)    10.784 (  3100      0)
"l:can_iter"                                                  -       6144     6144 2.660352e+06   8.424125e+04    21.009 (  5034      0)     8.176 (  3049      0)
"l:uflux"                                                     -       6144     6144 2.660352e+06   1.513998e+03     0.481 (  6075      0)     0.097 (  5491      0)
"l:bgplake"                                                   -       6144     6144 2.660352e+06   7.640011e+03     1.946 (   186      0)     0.835 (  3860      0)
"l:bgc"                                                       -       6144     6144 2.660352e+06   5.701332e+03     1.273 (   828      0)     0.716 (  3099      0)
"l:soiltemperature"                                           -       6144     6144 2.660352e+06   6.869800e+04    13.274 (  6075      0)     9.595 (  3280      0)
"l:SoilThermProp"                                             -       6144     6144 2.660352e+06   3.252691e+03     0.745 (   430      0)     0.377 (  5491      0)
"l:SoilTempBandDiag"                                          -       6144     6144 5.320704e+06   6.321789e+03     1.695 (   654      0)     0.677 (  5491      0)
"l:PhaseChangeH2osfc"                                         -       6144     6144 2.660352e+06   3.294817e+01     0.010 (  5698      0)     0.003 (  3151      0)
"l:PhaseChangebeta"                                           -       6144     6144 2.660352e+06   1.260550e+03     0.325 (   654      0)     0.110 (  4921      0)
"l:bgp2"                                                      -       6144     6144 2.660352e+06   2.724171e+03     0.559 (  6075      0)     0.346 (  3099      0)
"l:bgp2_loop_1"                                               -       6144     6144 2.660352e+06   4.875223e+02     0.098 (  6075      0)     0.064 (  4021      0)
"l:bgp2_loop_2"                                               -       6144     6144 2.660352e+06   8.844696e+02     0.174 (  6075      0)     0.117 (  4021      0)
"l:bgp2_loop_3"                                               -       6144     6144 2.660352e+06   1.036941e+03     0.230 (  5346      0)     0.117 (  3099      0)
"l:bgp2_loop_4"                                               -       6144     6144 2.660352e+06   2.987279e+02     0.066 (   187      0)     0.041 (  3099      0)
"l:patch2col"                                                 -       6144     6144 2.660352e+06   1.543604e+03     0.336 (   768      0)     0.199 (  3789      0)
"l:hydro without drainage"                                    -       6144     6144 2.660352e+06   2.194084e+04     4.646 (  6075      0)     2.847 (  3280      0)
"l:hylake"                                                    -       6144     6144 2.660352e+06   1.991423e+03     0.771 (   192      0)     0.250 (    82      0)
"l:snow_init"                                                 -       6144     6144 2.660352e+06   1.335536e+02     0.052 (  1185      0)     0.009 (   663      0)
"l:ecosysdyn"                                                 -       6144     6144 2.660352e+06   5.026960e+02     0.114 (   543      0)     0.067 (  4021      0)
"l:depvel"                                                    -       6144     6144 5.320704e+06   3.307194e+00     0.019 (   540      0)     0.000 (  3248      0)
"l:hydro2 drainage"                                           -       6144     6144 2.660352e+06   1.445958e+03     0.344 (   769      0)     0.171 (  5491      0)
"l:balchk"                                                    -       6144     6144 2.660352e+06   1.646511e+03     0.300 (  1039      0)     0.239 (  2133      0)
"l:gridbalchk"                                                -       6144     6144 2.660352e+06   1.053509e+03     0.191 (   187      0)     0.155 (  2133      0)
"l:lnd2atm"                                                   -       6144     6144 2.660352e+06   7.762275e+03     1.436 (   543      0)     1.133 (  2133      0)
"l:wrtdiag"                                                   -       6144     6144 2.660352e+06   2.915655e+01     0.022 (     0      0)     0.004 (  5872      0)
"l:hbuf"                                                      -       6144     6144 2.660352e+06   2.949579e+04     5.330 (   281      0)     4.324 (  1190      0)
"l:elm_drv_io"                                                -       6144     6144 2.660352e+06   8.470604e+00     0.019 (   188      0)     0.001 (  5858      0)
"l:elm_drv_io_htapes"                                         -       6144     6144 2.660352e+06   6.964580e+00     0.019 (   188      0)     0.001 (  5713      0)
"l:lc_lnd_export"                                             -       6144     6144 2.660352e+06   2.479429e+02     0.045 (   181      0)     0.039 (  4109      0)
"l:lc_elm2_adv_timestep"                                      -       6144     6144 2.660352e+06   2.311844e+00     0.009 (   187      0)     0.000 (  2970      0)
"l:accum"                                                     -       6144     6144 2.654208e+06   5.686854e+03     1.062 (   182      0)     0.872 (  3083      0)
"CPL:ATMOCNP"                                                 -       6144     6144 2.654208e+06   4.429975e+03     1.048 (  2619      0)     0.172 (  5900      0)
"CPL:atmocnp_fluxo"                                           -       6144     6144 2.654208e+06   3.765528e+03     0.949 (  2619      0)     0.063 (  5900      0)
"CPL:atmocnp_ocnalb"                                          -       6144     6144 2.654208e+06   6.554058e+02     0.155 (  1687      0)     0.079 (  3724      0)
"CPL:L2C"                                                     -       6144     6144 2.654208e+06   2.925625e+04    10.297 (  3953      0)     0.643 (  1071      0)
"CPL:l2c_lndl2lndx"                                           -       6144     6144 2.654208e+06   2.924545e+04    10.296 (  3953      0)     0.641 (  1071      0)
"lnd2cpl_run"                                                 -       6144     6144 2.654208e+06   6.586533e+00     0.001 (  1098      0)     0.001 (  1040      0)
"CPL:LNDPOST"                                                 -       6144     6144 2.654208e+06   2.425573e+00     0.000 (  1181      0)     0.000 (  4256      0)
"CPL:I2C"                                                     -       6144     6144 2.654208e+06   5.248069e+02     0.091 (  5964      0)     0.079 (  1906      0)
"CPL:i2c_icei2icex"                                           -       6144     6144 2.654208e+06   5.152832e+02     0.089 (  5964      0)     0.078 (  1906      0)
"CPL:i2c_infoexch"                                            -       6144     6144 2.654208e+06   4.756212e+00     0.001 (  1325      0)     0.000 (   901      0)
"CPL:ICEPOST"                                                 -       6144     6144 2.654208e+06   5.781778e-01     0.000 (  5920      0)     0.000 (   904      0)
"CPL:FRACSET"                                                 -       6144     6144 2.654208e+06   6.198680e+02     0.109 (   540      0)     0.097 (   223      0)
"CPL:fracset_fracset"                                         -       6144     6144 2.654208e+06   6.185087e+02     0.108 (   540      0)     0.097 (   223      0)
"CPL:ATMPREP"                                                 -       6144     6144 2.654208e+06   2.060883e+04     8.578 (   139      0)     1.317 (  1514      0)
"CPL:atmprep_xao2atm"                                         -       6144     6144 2.654208e+06   1.694636e+03     0.320 (  5410      0)     0.249 (  2538      0)
"CPL:atmprep_ocn2atm"                                         -       6144     6144 2.654208e+06   1.088596e+03     0.210 (   686      0)     0.157 (  3633      0)
"CPL:atmprep_alb2atm"                                         -       6144     6144 2.654208e+06   4.446170e+02     0.088 (  1884      0)     0.063 (  4240      0)
"CPL:atmprep_ice2atm"                                         -       6144     6144 2.654208e+06   1.819399e+03     0.329 (  2139      0)     0.267 (  1920      0)
"CPL:atmprep_lnd2atm"                                         -       6144     6144 2.654208e+06   1.373073e+04     7.484 (   139      0)     0.195 (  1449      0)
"CPL:atmprep_mrgx2a"                                          -       6144     6144 2.654208e+06   1.813955e+03     0.335 (  5604      0)     0.274 (  4266      0)
"CPL:C2A"                                                     -       6144     6144 2.654208e+06   3.456673e+04     8.675 (  2754      0)     1.249 (   279      0)
"CPL:c2a_atmx2atmg"                                           -       6144     6144 2.654208e+06   2.908823e+04     8.402 (  2751      0)     0.490 (  5231      0)
"CPL:c2a_infoexch"                                            -       6144     6144 2.654208e+06   5.474456e+03     3.895 (  2444      0)     0.082 (    24      0)
"CPL:ATM_RUN"                                                 -       6144     6144 2.654208e+06   2.938072e+06   490.499 (  1945      0)   467.390 (  3327      0)
"a:EAMxx::run"                                                -       6144     6144 2.654208e+06   2.936349e+06   490.223 (  1945      0)   467.107 (  3327      0)
"a:EAMxx::EAMxx::run"                                         -       6144     6144 2.654208e+06   2.935856e+06   490.139 (  1945      0)   467.030 (  3327      0)
"a:EAMxx::EAMxx::run-precondition-checks"                     -       6144     6144 2.654208e+06   1.146008e+00     0.000 (  2854      0)     0.000 (  1745      0)
"a:EAMxx::SurfaceCouplingImporter::run"                       -       6144     6144 2.654208e+06   1.245635e+04     2.660 (  2453      0)     1.353 (  6029      0)
"a:EAMxx::SurfaceCouplingImporter::run-precondition-checks"   -       6144     6144 2.654208e+06   4.693114e-01     0.000 (  3376      0)     0.000 (  2619      0)
"a:EAMxx::SurfaceCouplingImporter::run-postcondition-checks"  -       6144     6144 2.654208e+06   1.201897e+04     2.587 (  2453      0)     1.281 (  6029      0)
"a:EAMxx::homme::run"                                         -       6144     6144 2.654208e+06   2.616250e+06   426.979 (  2194      0)   424.638 (    40      0)
"a:EAMxx::homme::run-precondition-checks"                     -       6144     6144 2.654208e+06   5.487451e-01     0.000 (  1125      0)     0.000 (  1745      0)
"a:tl-sc prim_run_subcycle_c"                                 -       6144     6144 5.308416e+06   2.535723e+06   413.752 (   457      0)   411.356 (   162      0)
"a:tl-s prim_step_flexible"                                   -       6144     6144 5.308416e+06   2.535696e+06   413.748 (   457      0)   411.352 (   162      0)
"a:ApplyCAMForcing_tracers"                                   -       6144     6144 2.654208e+06   9.886268e+03     2.797 (  4413      0)     0.689 (  4867      0)
"a:tl-s deep_copy+derived_dp"                                 -       6144     6144 5.308416e+06   1.045041e+03     0.407 (  3584      0)     0.132 (  4913      0)
"a:ApplyCAMForcing_dynamics"                                  -       6144     6144 1.592525e+07   6.253331e+03     1.705 (  1865      0)     0.754 (  4867      0)
"a:tl-ae prim_advance_exp"                                    -       6144     6144 3.185050e+07   2.014987e+06   337.526 (  3159      0)   322.348 (  2509      0)
"a:ttype9_imex_timestep"                                      -       6144     6144 3.185050e+07   1.714625e+06   288.829 (  5881      0)   272.232 (  4624      0)
"a:caar compute"                                              -       6144     6144 3.185050e+08   5.438054e+05    93.902 (  1915      0)    80.614 (  4866      0)
"a:caar_bexchV"                                               -       6144     6144 1.592525e+08   3.689879e+05    75.871 (  4867      0)    45.440 (  5394      0)
"a:caar limiter"                                              -       6144     6144 1.911030e+08   1.253898e+05    23.391 (  2419      0)    18.159 (  4090      0)
"a:compute_stage_value_dirk"                                  -       6144     6144 1.592525e+08   6.614828e+05   118.036 (  3716      0)   102.652 (   627      0)
"a:tl-ae advance_hypervis_dp"                                 -       6144     6144 3.185050e+07   2.991410e+05    57.051 (  3158      0)    42.335 (  1439      0)
"a:hvf-bhwk"                                                  -       6144     6144 3.185050e+07   1.710181e+05    31.905 (  3151      0)    25.163 (  5569      0)
"a:hvf-bexch"                                                 -       6144     6144 9.555149e+07   1.454844e+05    32.726 (  4010      0)    17.520 (  1439      0)
"a:tl-sc vertical_remap"                                      -       6144     6144 1.592525e+07   1.437699e+05    26.071 (  1915      0)    18.947 (  4866      0)
"a:Remap Thickness Functor"                                   -       6144     6144 1.592525e+07   5.057355e+03     1.272 (  1707      0)     0.448 (  4866      0)
"a:Remap Scale States Functor"                                -       6144     6144 1.592525e+07   2.027837e+03     0.825 (  3273      0)     0.190 (  3478      0)
"a:Remap Compute Grids Functor"                               -       6144     6144 1.592525e+07   1.156576e+04     2.457 (   149      0)     1.559 (  4866      0)
"a:Remap Compute Remap Functor"                               -       6144     6144 1.592525e+07   9.943995e+04    17.963 (  2166      0)    13.254 (  4866      0)
"a:Remap Rescale States Functor"                              -       6144     6144 1.592525e+07   2.690325e+03     0.802 (  1107      0)     0.322 (   212      0)
"a:tl-at prim_advec_tracers_compose"                          -       6144     6144 5.308416e+06   3.340072e+05    57.924 (  2435      0)    46.555 (  5883      0)
"a:compose_transport"                                         -       6144     6144 5.308416e+06   3.339363e+05    57.913 (  2435      0)    46.544 (  5883      0)
"a:compose_calc_trajectory"                                   -       6144     6144 5.308416e+06   4.816730e+04     9.307 (   538      0)     6.538 (   615      0)
"a:compose_3d_levels"                                         -       6144     6144 5.308416e+06   3.171825e+04     5.987 (   190      0)     4.348 (  4892      0)
"a:compose_v_bexchv"                                          -       6144     6144 5.308416e+06   1.443893e+04     4.361 (  4867      0)     1.437 (  4807      0)
"a:compose_v2x"                                               -       6144     6144 5.308416e+06   1.986956e+03     1.075 (  5923      0)     0.168 (   588      0)
"a:compose_isl"                                               -       6144     6144 5.308416e+06   8.729605e+04    17.564 (  4864      0)    10.757 (   507      0)
"a:compose_hypervis_scalar"                                   -       6144     6144 5.308416e+06   8.533525e+04    18.718 (   507      0)     8.750 (  1835      0)
"a:compose_cedr_global"                                       -       6144     6144 5.308416e+06   8.567429e+04    18.312 (  5123      0)    10.192 (  3151      0)
"a:repro_sum_int"                                             -       6144     6144 5.308416e+06   6.145436e+04    13.711 (  2389      0)     7.242 (  3959      0)
"a:compose_cedr_local"                                        -       6144     6144 5.308416e+06   9.164601e+03     2.523 (  2273      0)     1.194 (  3878      0)
"a:compose_dss_q"                                             -       6144     6144 5.308416e+06   1.825499e+04     4.145 (  4922      0)     2.279 (  2275      0)
"a:compose_vertical_remap"                                    -       6144     6144 5.308416e+06   2.550605e+04     4.782 (  5176      0)     3.411 (  4867      0)
"a:EAMxx::homme::run-postcondition-checks"                    -       6144     6144 2.654208e+06   1.063833e+04     3.130 (  2936      0)     0.667 (  4780      0)
"a:EAMxx::physics::run"                                       -       6144     6144 2.654208e+06   3.043768e+05    61.856 (  1945      0)    39.055 (  3324      0)
"a:EAMxx::physics::run-precondition-checks"                   -       6144     6144 2.654208e+06   7.616036e-01     0.000 (  3065      0)     0.000 (  1784      0)
"a:EAMxx::mac_aero_mic::run"                                  -       6144     6144 2.654208e+06   9.627510e+04    19.999 (  2601      0)    13.037 (  3096      0)
"a:EAMxx::mac_aero_mic::run-precondition-checks"              -       6144     6144 2.654208e+06   4.898391e-01     0.000 (  5394      0)     0.000 (  1159      0)
"a:EAMxx::tms::run"                                           -       6144     6144 2.654208e+06   3.317808e+03     1.313 (  1867      0)     0.059 (   434      0)
"a:EAMxx::tms::run-precondition-checks"                       -       6144     6144 2.654208e+06   4.103327e-01     0.000 (  5418      0)     0.000 (  4020      0)
"a:EAMxx::tms::run-postcondition-checks"                      -       6144     6144 2.654208e+06   2.871381e+02     0.056 (  3301      0)     0.042 (  1384      0)
"a:EAMxx::shoc::run"                                          -       6144     6144 2.654208e+06   3.637679e+04     7.170 (  4063      0)     4.767 (  4040      0)
"a:EAMxx::shoc::run-precondition-checks"                      -       6144     6144 2.654208e+06   4.357707e-01     0.000 (  2629      0)     0.000 (  5996      0)
"a:EAMxx::shoc::run-postcondition-checks"                     -       6144     6144 2.654208e+06   7.225150e+03     1.286 (   661      0)     1.045 (  3556      0)
"a:EAMxx::cld_fraction::run"                                  -       6144     6144 2.654208e+06   2.478911e+03     0.964 (  2409      0)     0.238 (  4078      0)
"a:EAMxx::cld_fraction::run-precondition-checks"              -       6144     6144 2.654208e+06   9.697882e-01     0.000 (  5210      0)     0.000 (   169      0)
"a:EAMxx::cld_fraction::run-postcondition-checks"             -       6144     6144 2.654208e+06   1.399281e+03     0.244 (  3555      0)     0.207 (  4866      0)
"a:EAMxx::spa::run"                                           -       6144     6144 2.654208e+06   1.891773e+04     3.862 (  1174      0)     2.445 (  1590      0)
"a:EAMxx::spa::run-precondition-checks"                       -       6144     6144 2.654208e+06   5.563896e-01     0.000 (  1296      0)     0.000 (  5998      0)
"a:EAMxx::spa::run-postcondition-checks"                      -       6144     6144 2.654208e+06   7.440443e+03     1.404 (  5051      0)     1.070 (    46      0)
"a:EAMxx::p3::run"                                            -       6144     6144 2.654208e+06   3.507454e+04     9.545 (  2601      0)     3.640 (  5237      0)
"a:EAMxx::p3::run-precondition-checks"                        -       6144     6144 2.654208e+06   7.980271e+02     0.368 (    50      0)     0.070 (  5344      0)
"a:EAMxx::p3::run-postcondition-checks"                       -       6144     6144 2.654208e+06   7.168759e+03     1.634 (  3601      0)     1.113 (  2144      0)
"a:EAMxx::mac_aero_mic::run-postcondition-checks"             -       6144     6144 2.654208e+06   7.803819e-01     0.000 (  3840      0)     0.000 (  2119      0)
"a:EAMxx::rrtmgp::run"                                        -       6144     6144 2.654208e+06   2.080008e+05    43.282 (  1881      0)    23.978 (  2821      0)
"a:EAMxx::rrtmgp::run-precondition-checks"                    -       6144     6144 2.654208e+06   2.324000e+02     0.041 (  2857      0)     0.034 (  3544      0)
"a:EAMxx::rrtmgp::run-postcondition-checks"                   -       6144     6144 2.654208e+06   5.469895e+03     0.973 (  4279      0)     0.823 (   908      0)
"a:EAMxx::physics::run-postcondition-checks"                  -       6144     6144 2.654208e+06   5.437353e-01     0.000 (  1056      0)     0.000 (  4842      0)
"a:EAMxx::SurfaceCouplingExporter::run"                       -       6144     6144 2.654208e+06   2.537053e+03     0.512 (   191      0)     0.371 (  3424      0)
"a:EAMxx::SurfaceCouplingExporter::run-precondition-checks"   -       6144     6144 2.654208e+06   9.982229e-01     0.000 (  2556      0)     0.000 (  3200      0)
"a:EAMxx::SurfaceCouplingExporter::run-postcondition-checks"  -       6144     6144 2.654208e+06   1.070925e+00     0.000 (   957      0)     0.000 (  4818      0)
"a:EAMxx::EAMxx::run-postcondition-checks"                    -       6144     6144 2.654208e+06   4.763870e-01     0.000 (  5704      0)     0.000 (  1934      0)
"a:EAMxx::IO::restart"                                        -       6144     6144 2.654208e+06   1.575816e+01     0.024 (   186      0)     0.002 (  2859      0)
"a:EAMxx::IO::model_restart"                                  -       6144     6144 2.654208e+06   1.307845e+01     0.024 (   186      0)     0.002 (  5125      0)
"a:EAMxx::IO::restart::get_new_file"                          -       6144     6144 2.654208e+06   4.076487e-01     0.000 (  5712      0)     0.000 (  1699      0)
"a:EAMxx::IO::restart::run_output_streams"                    -       6144     6144 2.654208e+06   4.898529e+00     0.023 (   186      0)     0.001 (  5125      0)
"a:EAMxx::IO::standard"                                       -       6144     6144 2.654208e+06   6.207344e+00     0.001 (  4007      0)     0.001 (  4502      0)
"a:EAMxx::IO::nooutput.yaml"                                  -       6144     6144 2.654208e+06   4.436659e+00     0.001 (  5201      0)     0.001 (  1512      0)
"a:EAMxx::IO::standard::get_new_file"                         -       6144     6144 2.654208e+06   1.991420e-01     0.000 (  5748      0)     0.000 (  6096      0)
"a:EAMxx::IO::standard::run_output_streams"                   -       6144     6144 2.654208e+06   3.853712e-01     0.000 (   702      0)     0.000 (  2848      0)
"CPL:A2C"                                                     -       6144     6144 2.654208e+06   1.307069e+05    32.098 (  3607      0)     8.319 (  1945      0)
"CPL:a2c_atma2atmx"                                           -       6144     6144 2.654208e+06   6.213900e+04    21.266 (  4345      0)     0.381 (  2087      0)
"CPL:a2c_infoexch"                                            -       6144     6144 2.654208e+06   6.855999e+04    18.977 (  3821      0)     0.029 (     0      0)
"CPL:ATMPOST"                                                 -       6144     6144 2.654208e+06   1.437064e+00     0.000 (  5366      0)     0.000 (  2412      0)
"CPL:HISTORY"                                                 -       6144     6144 2.654208e+06   7.723617e+00     0.011 (   185      0)     0.001 (  2037      0)
"CPL:cime_run_write_history"                                  -       6144     6144 2.654208e+06   6.151332e+00     0.011 (   180      0)     0.001 (  4985      0)
"CPL:TSTAMP_WRITE"                                            -       6144     6144 2.654208e+06   2.125457e+00     0.010 (   550      0)     0.000 (  1307      0)
"CPL:TPROF_WRITE"                                             -       6144     6144 2.654208e+06   9.270680e-01     0.000 (   204      0)     0.000 (  3719      0)
"CPL:C2O_INITWAIT"                                            -       6144     6144 2.648064e+06   2.596967e+05    51.781 (     0      0)    35.376 (  1478      0)
"l:interpMonthlyVeg"                                          -       6144     6144 2.648064e+06   1.073723e+04     1.788 (   540      0)     1.737 (   511      0)
"l:readMonthlyVeg"                                            -       6144     6144 6.144000e+03   1.073105e+04     1.753 (  5412      0)     1.714 (   738      0)
"l:PIO:openfile"                                              -       6144     6144 6.144000e+03   2.668184e+02     0.066 (  5414      0)     0.021 (   180      0)
"l:PIO:pio_inq_varid_file_vdesc"                              -       6144     6144 4.915200e+04   2.039658e+01     0.010 (   664      0)     0.000 (  2050      0)
"l:PIO:pio_inq_varid_file_vid"                                -       6144     6144 4.915200e+04   2.037646e+01     0.010 (   664      0)     0.000 (  2051      0)
"l:PIO:pio_inq_varndims_file_vdesc"                           -       6144     6144 4.915200e+04   9.363032e+00     0.086 (  2041      0)     0.001 (  4428      0)
"l:PIO:pio_inq_varndims_file_vid"                             -       6144     6144 4.915200e+04   9.347923e+00     0.086 (  2041      0)     0.001 (  4428      0)
"l:PIO:pio_inq_vardimid_file_vdesc"                           -       6144     6144 4.915200e+04   2.103469e+01     0.004 (  3740      0)     0.001 (  2055      0)
"l:PIO:pio_inq_vardimid_file_vid"                             -       6144     6144 4.915200e+04   2.102122e+01     0.004 (  3740      0)     0.001 (  2055      0)
"l:PIO:pio_inq_dimname_file_dimid"                            -       6144     6144 4.177920e+05   5.246639e+01     0.009 (  3452      0)     0.003 (  2052      0)
"l:PIO:pio_inq_dimlen_file_dimid"                             -       6144     6144 9.830400e+04   8.147564e+00     0.001 (  3995      0)     0.001 (  2052      0)
"l:PIO:pio_inq_dimlen_file_dimid_offlen"                      -       6144     6144 9.830400e+04   8.124052e+00     0.001 (  3995      0)     0.001 (  2052      0)
"l:PIO:pio_inquire_file"                                      -       6144     6144 1.843200e+05   1.558395e+01     0.003 (  3592      0)     0.001 (  2063      0)
"l:PIO:pio_inq_ndims_file"                                    -       6144     6144 1.843200e+05   1.554454e+01     0.003 (  3274      0)     0.001 (  2052      0)
"l:PIO:initdecomp"                                            -       6144     6144 6.144000e+03   1.503464e+03     0.245 (    48      0)     0.238 (   663      0)
"l:PIO:PIOc_initdecomp"                                       -       6144     6144 6.144000e+03   1.503024e+03     0.245 (  3083      0)     0.238 (   661      0)
"l:PIO:box_rearrange_create"                                  -       6144     6144 6.144000e+03   1.459354e+03     0.238 (     4      0)     0.237 (  6142      0)
"l:PIO:pio_swapm"                                             -       6144     6144 6.758400e+04   9.607491e+03     1.652 (  2051      0)     0.686 (   744      0)
"l:PIO:read_darray_3d_double"                                 -       6144     6144 4.915200e+04   8.685111e+03     1.432 (  2052      0)     1.330 (  2044      0)
"l:PIO:PIOc_read_darray"                                      -       6144     6144 4.915200e+04   8.684993e+03     1.432 (  2052      0)     1.330 (  2044      0)
"l:PIO:read_darray_nc"                                        -       6144     6144 4.915200e+04   3.636525e+02     0.905 (   744      0)     0.000 (  4269      0)
"l:PIO:rearrange_io2comp"                                     -       6144     6144 4.915200e+04   8.287037e+03     1.429 (  2063      0)     0.497 (   744      0)
"l:PIO:closefile"                                             -       6144     6144 6.144000e+03   2.924445e+00     0.014 (  1944      0)     0.000 (  1498      0)
"l:PIO:PIOc_closefile"                                        -       6144     6144 6.144000e+03   2.916031e+00     0.014 (  1944      0)     0.000 (  1498      0)
"l:surfalb"                                                   -       6144     6144 2.648064e+06   1.966938e+04     3.568 (   965      0)     2.837 (    49      0)
"l:urbsurfalb"                                                -       6144     6144 2.648064e+06   4.055998e+03     0.757 (   890      0)     0.537 (    49      0)
"CPL:OCNT_RUN"                                                -       6144     6144 2.648064e+06   1.437092e+03     0.358 (   190      0)     0.173 (   384      0)
"o:DOCN_RUN"                                                  -       6144     6144 2.648064e+06   1.286039e+03     0.311 (   190      0)     0.149 (   384      0)
"o:docn_run1"                                                 -       6144     6144 2.648064e+06   2.400243e+00     0.002 (   550      0)     0.000 (   893      0)
"o:docn"                                                      -       6144     6144 2.648064e+06   1.279583e+03     0.300 (   190      0)     0.147 (   372      0)
"o:docn_strdata_advance"                                      -       6144     6144 2.648064e+06   7.665335e+02     0.206 (   190      0)     0.062 (   372      0)
"o:docn_strd_adv_total"                                       -       6144     6144 2.648064e+06   7.625926e+02     0.155 (   190      0)     0.061 (   372      0)
"o:docn_strd_adv_readLBUB"                                    -       6144     6144 2.648064e+06   4.401922e+02     0.127 (  1192      0)     0.026 (  6024      0)
"o:docn_readLBUB_setup"                                       -       6144     6144 2.648064e+06   9.946664e-01     0.001 (   180      0)     0.000 (  1140      0)
"o:docn_readLBUB_filemgt"                                     -       6144     6144 2.648064e+06   5.069606e-01     0.000 (   912      0)     0.000 (  5036      0)
"o:docn_strd_adv_tint"                                        -       6144     6144 2.648064e+06   5.423388e+01     0.031 (   181      0)     0.008 (  4960      0)
"o:docn_scatter"                                              -       6144     6144 2.648064e+06   2.662120e+02     0.055 (  3156      0)     0.040 (  1210      0)
"o:docn_datamode"                                             -       6144     6144 2.648064e+06   5.724200e+01     0.013 (  2651      0)     0.008 (  4792      0)
"o:docn_run2"                                                 -       6144     6144 2.648064e+06   2.994033e-01     0.004 (     0      0)     0.000 (  3456      0)
"CPL:O2CT"                                                    -       6144     6144 2.648064e+06   2.087219e+04    14.049 (   950      0)     0.046 (    10      0)
"CPL:o2c_ocno2ocnx"                                           -       6144     6144 2.648064e+06   2.326966e+02     0.041 (  3336      0)     0.034 (   908      0)
"CPL:o2c_infoexch"                                            -       6144     6144 2.648064e+06   2.063502e+04    14.010 (   950      0)     0.007 (    10      0)
"CPL:OCNPOSTT"                                                -       6144     6144 2.648064e+06   1.863875e+00     0.002 (   188      0)     0.000 (  2540      0)
"i:cice_pice_readLBUB_LB_copy"                                -       6144     6144 6.144000e+03   4.372947e-02     0.002 (   187      0)     0.000 (  3775      0)
"o:docn_readLBUB_fbound"                                      -       6144     6144 6.144000e+03   8.215319e-04     0.000 (     0      0)     0.000 (  1100      0)
"o:docn_readLBUB_bcast"                                       -       6144     6144 6.144000e+03   1.398787e+02     0.056 (  5323      0)     0.000 (  4543      0)
"o:docn_readLBUB_LB_copy"                                     -       6144     6144 6.144000e+03   8.232387e-03     0.000 (   702      0)     0.000 (  3127      0)
"o:docn_readLBUB_UB_setup"                                    -       6144     6144 6.144000e+03   2.673541e-03     0.000 (     0      0)     0.000 (  2573      0)
"o:docn_readLBUB_UB_readpio"                                  -       6144     6144 6.144000e+03   2.927244e+02     0.091 (  1752      0)     0.019 (   733      0)
"o:PIO:pio_inq_varid_file_vdesc"                              -       6144     6144 1.228800e+04   3.034993e+00     0.014 (  5541      0)     0.000 (   309      0)
"o:PIO:pio_inq_varid_file_vid"                                -       6144     6144 1.228800e+04   3.026932e+00     0.014 (  5543      0)     0.000 (   309      0)
"o:PIO:pio_inq_varndims_file_vdesc"                           -       6144     6144 6.144000e+03   7.450730e-01     0.000 (  3985      0)     0.000 (  2490      0)
"o:PIO:pio_inq_varndims_file_vid"                             -       6144     6144 6.144000e+03   7.396637e-01     0.000 (  3988      0)     0.000 (   372      0)
"o:PIO:pio_inq_vardimid_file_vdesc"                           -       6144     6144 6.144000e+03   1.599195e+00     0.001 (  4568      0)     0.000 (  2799      0)
"o:PIO:pio_inq_vardimid_file_vid"                             -       6144     6144 6.144000e+03   1.593923e+00     0.001 (  4570      0)     0.000 (  2799      0)
"o:PIO:pio_inq_dimlen_file_dimid"                             -       6144     6144 1.843200e+04   8.913666e-01     0.000 (  4454      0)     0.000 (   300      0)
"o:PIO:pio_inq_dimlen_file_dimid_offlen"                      -       6144     6144 1.843200e+04   8.803178e-01     0.000 (  4453      0)     0.000 (   303      0)
"o:PIO:pio_inq_vartype_file_vdesc"                            -       6144     6144 6.144000e+03   7.254202e-01     0.000 (  3987      0)     0.000 (   282      0)
"o:PIO:pio_inq_vartype_file_vid"                              -       6144     6144 6.144000e+03   7.205024e-01     0.000 (  3987      0)     0.000 (   284      0)
"o:PIO:read_darray_1d_real"                                   -       6144     6144 6.144000e+03   2.849444e+02     0.089 (  1752      0)     0.018 (   733      0)
"o:PIO:PIOc_read_darray"                                      -       6144     6144 6.144000e+03   2.849243e+02     0.089 (  1752      0)     0.018 (   733      0)
"o:PIO:read_darray_nc"                                        -       6144     6144 6.144000e+03   2.347395e+01     0.089 (  1752      0)     0.000 (  5642      0)
"o:PIO:rearrange_io2comp"                                     -       6144     6144 6.144000e+03   2.606138e+02     0.084 (  1247      0)     0.000 (     0      0)
"o:PIO:pio_swapm"                                             -       6144     6144 6.144000e+03   2.605258e+02     0.084 (  1247      0)     0.000 (     0      0)
"o:docn_strd_adv_fill"                                        -       6144     6144 6.144000e+03   5.495474e-01     0.000 (  5802      0)     0.000 (  5867      0)
"o:docn_strd_adv_map"                                         -       6144     6144 6.144000e+03   2.522329e+02     0.068 (     5      0)     0.004 (  1776      0)
"CPL:RUN_LOOP_BSTOP"                                          -       6144     6144 6.144000e+03   2.018893e+01     0.005 (     8      0)     0.000 (  2870      0)
"CPL:FINAL"                                                   -       6144     6144 6.144000e+03   1.254680e+04     2.044 (     0      0)     2.040 (   547      0)
"CPL:cime_final"                                              -       6144     6144 6.144000e+03   1.254680e+04     2.044 (     0      0)     2.040 (   547      0)
"o_f:DOCN_FINAL"                                              -       6144     6144 6.144000e+03   1.755872e-03     0.000 (     0      0)     0.000 (  2538      0)
"a_f:EAMxx::finalize"                                         y       6144     6144 6.144000e+03   1.034454e+04     1.992 (   768      0)     1.133 (  5205      0)
"a_f:PIO:PIOc_sync"                                           -       6144     6144 6.144000e+03   1.407236e-01     0.001 (   288      0)     0.000 (  3380      0)
"a_f:PIO:write_total"                                         -       6144     6144 1.228800e+04   5.368243e+01     0.106 (  2472      0)     0.000 (  3380      0)
"a_f:PIO:flush_output_buffer"                                 -        512      512 1.024000e+03   6.521307e-02     0.001 (   288      0)     0.000 (  1392      0)
"a_f:PIO:PIOc_closefile"                                      -       6144     6144 1.228800e+04   1.653103e+02     0.647 (  3204      0)     0.000 (  1763      0)
"a_f:PIO:PIOc_closefile_write_mode"                           -       6144     6144 6.144000e+03   5.355142e+01     0.106 (  2472      0)     0.000 (  5581      0)
"a_f:PIO:PIOc_freedecomp"                                     -       6144     6144 7.987200e+04   1.028270e+00     0.021 (   768      0)     0.000 (  5262      0)
"PIO:finalize"                                                -       6144     6144 6.144000e+04   1.288542e+03     0.842 (   107      0)     0.001 (  4692      0)
"PIO:PIOc_finalize"                                           -       6144     6144 6.144000e+04   1.287931e+03     0.842 (   107      0)     0.001 (  4692      0)
"CPL:FINAL_sync1_tprf"                                        -       6144     6144 6.144000e+03   8.455434e+00     0.001 (  5942      0)     0.000 (     0      0)
"CPL:FINAL_t_prf"                                             y          0        0 0.000000e+00   0.000000e+00     0.000 (     0      0)     0.000 (     0      0)

