
***** GLOBAL STATISTICS (  6144 MPI TASKS) *****

$Id: gptl.c,v 1.157 2011-03-28 20:55:18 rosinski Exp $
'count' is cumulative. All other stats are max/min
'on' indicates whether the timer was active during output, and so stats are lower or upper bounds.

name                                                         on  processes  threads        count      walltotal   wallmax (proc   thrd  )   wallmin (proc   thrd  )
"CPL:INIT"                                                    -       6144     6144 6.144000e+03   5.044573e+06   907.608 (  4285      0)   791.420 (  1882      0)
"CPL:cime_pre_init1"                                          -       6144     6144 6.144000e+03   2.197759e+05   122.317 (  4287      0)     6.133 (  1882      0)
"CPL:mpi_init"                                                -       6144     6144 6.144000e+03   2.029717e+05   119.531 (  4284      0)     3.383 (  1872      0)
"CPL:ESMF_Initialize"                                         -       6144     6144 6.144000e+03   1.486013e+02     0.206 (  2967      0)     0.000 (   662      0)
"CPL:cime_pre_init2"                                          -       6144     6144 6.144000e+03   1.242802e+04     2.221 (  5999      0)     1.772 (  2304      0)
"CPL:seq_infodata_init"                                       -       6144     6144 6.144000e+03   5.914907e+02     0.366 (  2694      0)     0.001 (  4230      0)
"CPL:seq_timemgr_clockInit"                                   -       6144     6144 6.144000e+03   1.379034e+02     0.081 (  4922      0)     0.001 (   664      0)
"CPL:cime_init"                                               -       6144     6144 6.144000e+03   4.812220e+06   783.430 (     0      0)   783.044 (   743      0)
"CPL:init_comps"                                              -       6144     6144 6.144000e+03   4.808190e+06   782.791 (     0      0)   782.401 (  1482      0)
"CPL:comp_init_pre_all"                                       -       6144     6144 6.144000e+03   5.465542e-01     0.000 (  3160      0)     0.000 (  6031      0)
"CPL:comp_init_cc_atm"                                        -       6144     6144 6.144000e+03   3.058028e+06   497.933 (     0      0)   497.544 (  1482      0)
"a_i:comp_init"                                               -       6144     6144 1.228800e+04   3.057800e+06   497.932 (     0      0)   497.510 (  5972      0)
"a_i:EAMxx::init"                                             -       6144     6144 4.300800e+04   2.939884e+06   496.802 (   276      0)   460.107 (  4209      0)
"a_i:EAMxx::create_output_managers"                           -       6144     6144 6.144000e+03   1.180598e+02     0.055 (  3404      0)     0.000 (     0      0)
"a_i:EAMxx::create_atm_processes"                             -       6144     6144 6.144000e+03   2.181134e+03     0.529 (  2693      0)     0.114 (  6102      0)
"a_i:EAMxx::create_grids"                                     -       6144     6144 6.144000e+03   3.281046e+05    53.482 (     0      0)    53.351 (   494      0)
"a_i:PartitioningTime"                                        -       6144     6144 6.144000e+03   1.782437e-03     0.000 (  3255      0)     0.000 (  4502      0)
"a_i:repro_sum_int"                                           -       6144     6144 6.144000e+03   9.540110e+02     0.318 (   135      0)     0.074 (  3670      0)
"a_i:PIO:spio_get_att_tc"                                     -       6144     6144 6.696960e+05   1.857038e+02     0.106 (  3111      0)     0.005 (     0      0)
"a_i:PIO:spio_get_vars_tc"                                    -       6144     6144 1.228800e+05   7.949829e+04    13.126 (     3      0)    12.875 (  3984      0)
"a_i:PIO:PIOc_closefile"                                      -       6144     6144 7.987200e+04   1.159282e+03     5.099 (  4944      0)     0.000 (   622      0)
"a_i:EAMxx::create_fields"                                    -       6144     6144 6.144000e+03   2.044708e+03     0.343 (  4813      0)     0.317 (  1700      0)
"a_i:EAMxx::initialize_fields"                                -       6144     6144 6.144000e+03   8.571742e+05   139.775 (     0      0)   139.445 (  1520      0)
"a_i:PIO:PIOc_initdecomp"                                     -       6144     6144 7.987200e+04   7.413011e+04    12.206 (  6142      0)    11.949 (   635      0)
"a_i:PIO:box_rearrange_create"                                -       6144     6144 7.987200e+04   7.329010e+04    11.930 (     0      0)    11.928 (  6124      0)
"a_i:PIO:pio_swapm"                                           -       6144     6144 3.747840e+05   1.709464e+05    36.654 (   675      0)     3.781 (  3048      0)
"a_i:PIO:PIOc_read_darray"                                    -       6144     6144 1.351680e+05   1.578511e+05    27.759 (  4099      0)    22.853 (  4837      0)
"a_i:PIO:read_darray_nc"                                      -       6144     6144 1.351680e+05   1.020983e+04    25.912 (    72      0)     0.000 (  4203      0)
"a_i:PIO:rearrange_io2comp"                                   -       6144     6144 1.351680e+05   1.313205e+05    26.886 (   527      0)     0.425 (  4680      0)
"a_i:EAMxx::initialize_atm_procs"                             -       6144     6144 6.144000e+03   1.722905e+06   298.633 (   280      0)   262.055 (  4200      0)
"a_i:EAMxx::SurfaceCouplingImporter::init"                    -       6144     6144 6.144000e+03   9.262454e+01     0.087 (  6075      0)     0.000 (  5052      0)
"a_i:EAMxx::homme::init"                                      -       6144     6144 6.144000e+03   3.022501e+05    49.334 (   390      0)    48.589 (  4260      0)
"a_i:compose_init"                                            -       6144     6144 6.144000e+03   3.790109e+03     0.978 (  5696      0)     0.033 (  2796      0)
"a_i:sl_init1"                                                -       6144     6144 6.144000e+03   2.402731e+04     4.638 (  5122      0)     1.730 (     0      0)
"a_i:EAMxx::tms::init"                                        -       6144     6144 6.144000e+03   5.335082e-02     0.000 (  3842      0)     0.000 (  1414      0)
"a_i:EAMxx::shoc::init"                                       -       6144     6144 6.144000e+03   1.706148e+02     0.274 (  3816      0)     0.001 (  5812      0)
"a_i:EAMxx::cld_fraction::init"                               -       6144     6144 6.144000e+03   1.939584e-01     0.000 (  2108      0)     0.000 (  4105      0)
"a_i:EAMxx::spa::init"                                        -       6144     6144 6.144000e+03   3.521879e+05   246.064 (  2988      0)    56.683 (  2362      0)
"a_i:EAMxx::p3::init"                                         -       6144     6144 6.144000e+03   1.062471e+06   192.000 (  4231      0)     0.046 (  4492      0)
"a_i:EAMxx::rrtmgp::init"                                     -       6144     6144 6.144000e+03   5.576859e+03     3.808 (  3154      0)     0.055 (  4491      0)
"a_i:EAMxx::SurfaceCouplingExporter::init"                    -       6144     6144 6.144000e+03   9.153363e+01     0.281 (  5124      0)     0.002 (   588      0)
"a_i:EAMxx::initialize_output_managers"                       -       6144     6144 6.144000e+03   2.735563e+04     4.480 (  4848      0)     4.449 (     8      0)
"a_i:EAMxx::IO::standard"                                     -       6144     6144 6.144000e+03   2.631229e+04     4.358 (  1704      0)     4.259 (  2111      0)
"a_i:EAMxx::IO::nooutput.yaml"                                -       6144     6144 6.144000e+03   2.631228e+04     4.358 (  1704      0)     4.259 (  2111      0)
"a_i:EAMxx::IO::standard::get_new_file"                       -       6144     6144 6.144000e+03   2.630705e+04     4.348 (  1704      0)     4.259 (  2111      0)
"a_i:PIO:PIOc_createfile"                                     -       6144     6144 6.144000e+03   2.516800e+04     4.148 (  2730      0)     4.076 (  2111      0)
"a_i:PIO:write_total"                                         -       6144     6144 2.027520e+05   2.518318e+04     4.182 (  1248      0)     4.076 (  2111      0)
"a_i:PIO:spio_put_att_tc"                                     -       6144     6144 1.843200e+05   1.920504e+00     0.051 (   708      0)     0.000 (  2454      0)
"a_i:PIO:spio_put_vars_tc"                                    -       6144     6144 6.144000e+03   1.206313e+01     0.022 (     0      0)     0.000 (  5649      0)
"a_i:PIO:flush_output_buffer"                                 -        512      512 1.024000e+03   1.188698e+01     0.024 (    24      0)     0.002 (     0      0)
"a_i:EAMxx::IO::standard::run_output_streams"                 -       6144     6144 6.144000e+03   7.174185e-04     0.000 (  4481      0)     0.000 (  5976      0)
"a_i:EAMxx::IO::standard::update_snapshot_tally"              -       6144     6144 6.144000e+03   5.212908e+00     0.009 (   204      0)     0.000 (  4169      0)
"a_i:PIO:PIOc_sync"                                           -       6144     6144 6.144000e+03   1.204510e+00     0.002 (  1404      0)     0.000 (  2995      0)
"CPL:comp_init_cc_lnd"                                        -       6144     6144 6.144000e+03   1.188859e+06   193.500 (  2440      0)   193.498 (  5557      0)
"l_i:comp_init"                                               -       6144     6144 6.144000e+03   1.188733e+06   193.499 (     0      0)   193.475 (  1366      0)
"l_i:elm_init1"                                               -       6144     6144 6.144000e+03   1.874852e+05    30.567 (  5176      0)    30.326 (  4500      0)
"l_i:PIO:openfile"                                            -       6144     6144 1.413120e+05   2.854638e+05    47.137 (     4      0)    46.178 (  2778      0)
"l_i:PIO:pio_inq_dimid_file_dimid"                            -       6144     6144 3.809280e+05   8.014507e+01     0.055 (  5616      0)     0.001 (     0      0)
"l_i:PIO:pio_inq_dimlen_file_dimid"                           -       6144     6144 2.211840e+06   7.379475e+01     0.044 (   666      0)     0.006 (  3468      0)
"l_i:PIO:pio_inq_dimlen_file_dimid_offlen"                    -       6144     6144 2.211840e+06   7.334003e+01     0.044 (   666      0)     0.006 (  3468      0)
"l_i:PIO:pio_inq_varid_file_vdesc"                            -       6144     6144 2.826240e+06   1.538765e+03     0.938 (  2036      0)     0.014 (     0      0)
"l_i:PIO:pio_inq_varid_file_vid"                              -       6144     6144 2.826240e+06   1.481721e+03     0.926 (  2036      0)     0.013 (     0      0)
"l_i:PIO:get_var_1d_int"                                      -       6144     6144 3.686400e+04   2.387109e+03     0.463 (     6      0)     0.194 (     0      0)
"l_i:PIO:spio_get_vars_tc"                                    -       6144     6144 1.222656e+06   1.915413e+05    31.866 (   146      0)    30.185 (     0      0)
"l_i:PIO:closefile"                                           -       6144     6144 1.228800e+05   6.558968e+01     0.500 (     0      0)     0.001 (  5168      0)
"l_i:PIO:PIOc_closefile"                                      -       6144     6144 1.228800e+05   6.547573e+01     0.500 (     0      0)     0.001 (  4604      0)
"l_i:PIO:pio_inq_varndims_file_vdesc"                         -       6144     6144 1.357824e+06   1.815323e+02     1.223 (  2040      0)     0.008 (  3475      0)
"l_i:PIO:pio_inq_varndims_file_vid"                           -       6144     6144 1.357824e+06   1.811654e+02     1.223 (  2040      0)     0.008 (  3475      0)
"l_i:PIO:pio_inq_vardimid_file_vdesc"                         -       6144     6144 1.357824e+06   1.931069e+02     0.040 (  2991      0)     0.019 (  3133      0)
"l_i:PIO:pio_inq_vardimid_file_vid"                           -       6144     6144 1.357824e+06   1.927866e+02     0.039 (  2991      0)     0.018 (  3276      0)
"l_i:PIO:pio_inq_dimname_file_dimid"                          -       6144     6144 4.884480e+06   2.112953e+02     0.042 (   502      0)     0.019 (  3276      0)
"l_i:PIO:initdecomp"                                          -       6144     6144 1.597440e+05   4.272561e+04     7.120 (     8      0)     6.675 (  1164      0)
"l_i:PIO:PIOc_initdecomp"                                     -       6144     6144 1.597440e+05   4.270706e+04     7.116 (     8      0)     6.674 (  1164      0)
"l_i:PIO:box_rearrange_create"                                -       6144     6144 1.597440e+05   4.028063e+04     6.559 (    10      0)     6.555 (  6120      0)
"l_i:PIO:pio_swapm"                                           -       6144     6144 1.824768e+06   5.878373e+05   101.586 (  3610      0)    35.784 (   132      0)
"l_i:PIO:read_darray_1d_double"                               -       6144     6144 5.038080e+05   2.158485e+05    35.236 (     0      0)    34.614 (  2046      0)
"l_i:PIO:PIOc_read_darray"                                    -       6144     6144 1.345536e+06   5.837607e+05    96.099 (  3600      0)    92.546 (  2041      0)
"l_i:PIO:read_darray_nc"                                      -       6144     6144 1.345536e+06   2.832549e+04    64.355 (   132      0)     0.000 (  6042      0)
"l_i:PIO:rearrange_io2comp"                                   -       6144     6144 1.345536e+06   5.548877e+05    96.031 (  3603      0)    30.870 (   132      0)
"l_i:PIO:pio_inquire_file"                                    -       6144     6144 1.769472e+06   5.230131e+01     0.011 (   608      0)     0.005 (  3372      0)
"l_i:PIO:pio_inq_ndims_file"                                  -       6144     6144 1.769472e+06   5.189929e+01     0.010 (   608      0)     0.005 (  3372      0)
"l_i:PIO:read_darray_1d_int"                                  -       6144     6144 4.300800e+04   1.374994e+04     2.275 (  1200      0)     2.122 (  2041      0)
"l_i:PIO:read_darray_3d_double"                               -       6144     6144 1.105920e+05   2.732005e+04     4.474 (  3468      0)     4.296 (  2040      0)
"l_i:PIO:read_darray_3d_int"                                  -       6144     6144 6.144000e+03   9.400765e+02     0.158 (  3372      0)     0.145 (  1034      0)
"l_i:PIO:read_darray_4d_double"                               -       6144     6144 8.601600e+04   6.034893e+04     9.839 (  3804      0)     9.674 (  2040      0)
"l_i:PIO:get_var_1d_text"                                     -       6144     6144 1.228800e+04   3.373608e+01     0.025 (  2916      0)     0.002 (    81      0)
"l_i:PIO:get_var_1d_double"                                   -       6144     6144 8.847360e+05   5.248303e+02     0.092 (  2043      0)     0.054 (     6      0)
"l_i:PIO:get_var_0d_double"                                   -       6144     6144 6.144000e+04   8.579999e+01     0.016 (  5592      0)     0.004 (     3      0)
"l_i:PIO:read_darray_2d_double"                               -       6144     6144 5.713920e+05   2.630767e+05    43.780 (  3600      0)    41.302 (  2041      0)
"l_i:PIO:read_darray_2d_int"                                  -       6144     6144 2.457600e+04   2.479552e+03     0.412 (  3648      0)     0.384 (  1148      0)
"l_i:gather_1darray_int_total"                                -       6144     6144 3.072000e+04   2.186104e+03     1.164 (     0      0)     0.218 (    69      0)
"l_i:scatter_1darray_int_total"                               -       6144     6144 3.072000e+04   1.001147e+04     1.738 (    12      0)     0.763 (     0      0)
"l_i:init_filters"                                            -       6144     6144 6.144000e+03   1.912626e+02     0.067 (  5178      0)     0.000 (  4647      0)
"l_i:elm_init2"                                               -       6144     6144 6.144000e+03   9.993741e+05   162.685 (     0      0)   162.654 (  1366      0)
"l_i:init_orbd"                                               -       6144     6144 6.144000e+03   9.924343e-01     0.013 (   878      0)     0.000 (  2484      0)
"l_i:PIO:get_var_0d_int"                                      -       6144     6144 1.290240e+05   1.888045e+05    31.410 (  2041      0)    29.936 (  3610      0)
"l_i:PIO:get_var_2d_double"                                   -       6144     6144 7.372800e+04   1.686129e+02     0.029 (   473      0)     0.025 (  3085      0)
"l_i:PIO:get_var_3d_double"                                   -       6144     6144 2.457600e+04   2.765390e+01     0.006 (  1793      0)     0.004 (  3305      0)
"l_i:init_accflds"                                            -       6144     6144 6.144000e+03   6.559587e+00     0.001 (  5436      0)     0.001 (  1390      0)
"l_i:init_dyn_subgrid"                                        -       6144     6144 6.144000e+03   5.278346e+01     0.018 (  5559      0)     0.002 (  1296      0)
"l_i:subgridRest_write-read"                                  -       6144     6144 6.144000e+03   5.667124e+04     9.231 (  4056      0)     9.217 (  1029      0)
"l_i:init_map2gc"                                             -       6144     6144 6.144000e+03   4.881067e+00     0.001 (  5122      0)     0.001 (  1737      0)
"l_i:init_elm_interface_data & pflotran"                      -       6144     6144 6.144000e+03   1.079659e-03     0.000 (  5616      0)     0.000 (   432      0)
"l_i:init_wlog"                                               -       6144     6144 6.144000e+03   1.387833e-02     0.012 (     0      0)     0.000 (  3787      0)
"l_i:elm_init3"                                               -       6144     6144 6.144000e+03   8.970223e-03     0.000 (  2000      0)     0.000 (  1195      0)
"CPL:comp_init_cc_rof"                                        -       6144     6144 6.144000e+03   7.602043e+00     0.001 (  3732      0)     0.001 (     6      0)
"r_i:comp_init"                                               -       6144     6144 6.144000e+03   4.294397e-01     0.000 (  2100      0)     0.000 (     0      0)
"CPL:comp_init_cc_ocn"                                        -       6144     6144 6.144000e+03   2.680531e+05    43.642 (  4345      0)    43.623 (   254      0)
"o_i:comp_init"                                               -       6144     6144 6.144000e+03   2.680185e+05    43.628 (  4058      0)    43.613 (  3604      0)
"o_i:docn_readnml"                                            -       6144     6144 6.144000e+03   6.775261e+03     1.127 (  2439      0)     1.088 (  3893      0)
"o_i:DOCN_INIT"                                               -       6144     6144 6.144000e+03   2.611244e+05    42.509 (    12      0)    42.488 (  2571      0)
"o_i:docn_strdata_init"                                       -       6144     6144 6.144000e+03   2.499487e+05    40.921 (  3964      0)    40.119 (  2746      0)
"o_i:PIO:initdecomp"                                          -       6144     6144 1.843200e+04   2.705539e+03     0.456 (     1      0)     0.423 (     0      0)
"o_i:PIO:PIOc_initdecomp"                                     -       6144     6144 1.843200e+04   2.705484e+03     0.456 (     1      0)     0.423 (     0      0)
"o_i:PIO:box_rearrange_create"                                -       6144     6144 1.843200e+04   2.592121e+03     0.422 (    11      0)     0.422 (  6127      0)
"o_i:PIO:pio_swapm"                                           -       6144     6144 6.758400e+04   2.869712e+03     0.543 (  2379      0)     0.350 (     0      0)
"o_i:docn_initgsmaps"                                         -       6144     6144 6.144000e+03   1.958365e+00     0.000 (  2348      0)     0.000 (  1835      0)
"o_i:docn_initmctdom"                                         -       6144     6144 6.144000e+03   1.040458e+00     0.000 (   291      0)     0.000 (  3358      0)
"o_i:docn_initmctavs"                                         -       6144     6144 6.144000e+03   1.444221e+00     0.000 (  5785      0)     0.000 (  2016      0)
"o_i:DOCN_RUN"                                                -       6144     6144 6.144000e+03   1.117109e+04     2.380 (  2736      0)     1.577 (  3621      0)
"o_i:docn_run1"                                               -       6144     6144 6.144000e+03   5.132436e-03     0.000 (  2234      0)     0.000 (   677      0)
"o_i:docn"                                                    -       6144     6144 6.144000e+03   1.117107e+04     2.380 (  2736      0)     1.577 (  3621      0)
"o_i:docn_strdata_advance"                                    -       6144     6144 6.144000e+03   1.116952e+04     2.379 (  2747      0)     1.576 (  3621      0)
"o_i:docn_strd_adv_total"                                     -       6144     6144 6.144000e+03   1.116951e+04     2.379 (  2747      0)     1.576 (  3621      0)
"o_i:docn_strd_adv_readLBUB"                                  -       6144     6144 6.144000e+03   1.096798e+04     2.349 (  2736      0)     1.528 (  4839      0)
"o_i:docn_readLBUB_setup"                                     -       6144     6144 6.144000e+03   1.802274e-03     0.000 (  5028      0)     0.000 (  5814      0)
"o_i:docn_readLBUB_fbound"                                    -       6144     6144 6.144000e+03   1.854451e+00     1.854 (     0      0)     0.000 (   426      0)
"o_i:docn_readLBUB_bcast"                                     -       6144     6144 6.144000e+03   9.984374e+03     2.190 (  2743      0)     0.000 (     0      0)
"o_i:docn_readLBUB_LB_setup"                                  -       6144     6144 6.144000e+03   1.205770e-03     0.000 (     0      0)     0.000 (  5088      0)
"o_i:docn_readLBUB_LB_readpio"                                -       6144     6144 6.144000e+03   5.522998e+02     0.133 (  1423      0)     0.063 (     5      0)
"o_i:PIO:openfile"                                            -       6144     6144 6.144000e+03   3.173914e+02     0.060 (  4188      0)     0.030 (  2872      0)
"o_i:PIO:pio_inq_varid_file_vdesc"                            -       6144     6144 2.457600e+04   1.036166e+00     0.000 (  4300      0)     0.000 (  5339      0)
"o_i:PIO:pio_inq_varid_file_vid"                              -       6144     6144 2.457600e+04   1.024871e+00     0.000 (  4299      0)     0.000 (  5339      0)
"o_i:PIO:pio_inq_varndims_file_vdesc"                         -       6144     6144 1.228800e+04   1.013200e+01     0.057 (   637      0)     0.000 (    11      0)
"o_i:PIO:pio_inq_varndims_file_vid"                           -       6144     6144 1.228800e+04   1.012424e+01     0.057 (   637      0)     0.000 (    11      0)
"o_i:PIO:pio_inq_vardimid_file_vdesc"                         -       6144     6144 1.228800e+04   2.120081e+00     0.000 (  4059      0)     0.000 (     0      0)
"o_i:PIO:pio_inq_vardimid_file_vid"                           -       6144     6144 1.228800e+04   2.113616e+00     0.000 (  4059      0)     0.000 (     0      0)
"o_i:PIO:pio_inq_dimlen_file_dimid"                           -       6144     6144 3.686400e+04   1.297552e+00     0.000 (    85      0)     0.000 (     8      0)
"o_i:PIO:pio_inq_dimlen_file_dimid_offlen"                    -       6144     6144 3.686400e+04   1.286077e+00     0.000 (    85      0)     0.000 (     8      0)
"o_i:PIO:pio_inq_vartype_file_vdesc"                          -       6144     6144 1.228800e+04   1.055989e+00     0.000 (  3058      0)     0.000 (  5329      0)
"o_i:PIO:pio_inq_vartype_file_vid"                            -       6144     6144 1.228800e+04   1.049124e+00     0.000 (  3058      0)     0.000 (  5329      0)
"o_i:PIO:read_darray_1d_real"                                 -       6144     6144 1.228800e+04   4.496283e+02     0.126 (  1128      0)     0.015 (  3277      0)
"o_i:PIO:PIOc_read_darray"                                    -       6144     6144 1.228800e+04   4.495893e+02     0.126 (  1128      0)     0.015 (  3277      0)
"o_i:PIO:read_darray_nc"                                      -       6144     6144 1.228800e+04   3.459471e+01     0.124 (  1128      0)     0.000 (  1699      0)
"o_i:PIO:rearrange_io2comp"                                   -       6144     6144 1.228800e+04   4.116584e+02     0.126 (   807      0)     0.001 (  6132      0)
"o_i:docn_readLBUB_UB_setup"                                  -       6144     6144 6.144000e+03   3.905630e-03     0.000 (     0      0)     0.000 (  2786      0)
"o_i:docn_readLBUB_UB_readpio"                                -       6144     6144 6.144000e+03   4.288200e+02     0.115 (   394      0)     0.011 (   668      0)
"o_i:docn_readLBUB_filemgt"                                   -       6144     6144 6.144000e+03   1.289749e-03     0.000 (  3104      0)     0.000 (  5336      0)
"o_i:docn_strd_adv_fill"                                      -       6144     6144 6.144000e+03   8.206603e-01     0.000 (  3980      0)     0.000 (  4192      0)
"o_i:docn_strd_adv_map"                                       -       6144     6144 6.144000e+03   2.004782e+02     0.058 (  5320      0)     0.003 (  2445      0)
"o_i:docn_strd_adv_tint"                                      -       6144     6144 6.144000e+03   1.631289e-01     0.000 (    28      0)     0.000 (  3285      0)
"o_i:docn_scatter"                                            -       6144     6144 6.144000e+03   8.448286e-01     0.000 (  2363      0)     0.000 (  3553      0)
"o_i:docn_datamode"                                           -       6144     6144 6.144000e+03   2.438280e-01     0.000 (     0      0)     0.000 (  5424      0)
"o_i:docn_run2"                                               -       6144     6144 6.144000e+03   9.473148e-04     0.000 (  3243      0)     0.000 (  1380      0)
"CPL:comp_init_cc_ice"                                        -       6144     6144 6.144000e+03   2.913719e+05    47.494 (   493      0)    47.327 (     9      0)
"i_i:comp_init"                                               -       6144     6144 6.144000e+03   2.907247e+05    47.493 (   491      0)    47.090 (  5504      0)
"i_i:cice_init"                                               -       6144     6144 6.144000e+03   3.364783e+04     5.485 (    32      0)     5.462 (  3709      0)
"i_i:ice_HaloUpdate2DR8"                                      -       6144     6144 2.457600e+04   5.270791e+01     0.384 (  1464      0)     0.000 (  4185      0)
"i_i:ice_HU2DR8_init"                                         -       6144     6144 2.457600e+04   2.497853e-02     0.000 (  4833      0)     0.000 (  5019      0)
"i_i:state_bound_h1"                                          -       6144     6144 6.144000e+03   1.530961e+00     0.003 (   864      0)     0.000 (  4263      0)
"i_i:ice_HaloUpdate3DR8"                                      -       6144     6144 3.072000e+04   2.043527e+00     0.003 (   864      0)     0.000 (   123      0)
"i_i:ice_HU3DR8_init"                                         -       6144     6144 3.072000e+04   2.653639e-02     0.000 (    30      0)     0.000 (  3600      0)
"i_i:ice_HU3DR8_recvall"                                      -       6144     6144 3.072000e+04   1.275100e+00     0.003 (   864      0)     0.000 (  1666      0)
"i_i:state_bound_hm"                                          -       6144     6144 6.144000e+03   8.724928e-02     0.000 (  2235      0)     0.000 (  6140      0)
"i_i:state_bound_hc"                                          -       6144     6144 6.144000e+03   1.347262e-02     0.000 (  2564      0)     0.000 (  3808      0)
"i_i:state_bound_h2"                                          -       6144     6144 6.144000e+03   8.773413e-01     0.000 (  1736      0)     0.000 (  4533      0)
"i_i:ice_HaloUpdate4DR8"                                      -       6144     6144 6.144000e+03   2.877242e-01     0.000 (  1736      0)     0.000 (  4360      0)
"i_i:ice_HU4DR8_init"                                         -       6144     6144 6.144000e+03   2.417028e-02     0.000 (  4578      0)     0.000 (  4603      0)
"i_i:ice_HU4DR8_recvall"                                      -       6144     6144 6.144000e+03   6.655589e-04     0.000 (  3055      0)     0.000 (  5135      0)
"i_i:state_bound_hd"                                          -       6144     6144 6.144000e+03   3.274810e-03     0.000 (   455      0)     0.000 (  4908      0)
"i_i:cice_mct_init"                                           -       6144     6144 6.144000e+03   2.570730e+05    42.011 (   491      0)    41.625 (   836      0)
"i_i:PIO:initdecomp"                                          -       6144     6144 1.843200e+04   2.696539e+03     0.489 (     1      0)     0.421 (     0      0)
"i_i:PIO:PIOc_initdecomp"                                     -       6144     6144 1.843200e+04   2.696478e+03     0.489 (     1      0)     0.421 (     0      0)
"i_i:PIO:box_rearrange_create"                                -       6144     6144 1.843200e+04   2.583679e+03     0.421 (    18      0)     0.420 (  6130      0)
"i_i:PIO:pio_swapm"                                           -       6144     6144 5.529600e+04   2.452677e+03     0.418 (  5412      0)     0.345 (  1282      0)
"CPL:comp_init_cc_glc"                                        -       6144     6144 6.144000e+03   7.203378e+00     0.001 (  5640      0)     0.001 (  3253      0)
"g_i:comp_init"                                               -       6144     6144 6.144000e+03   8.522394e-03     0.000 (  4858      0)     0.000 (   784      0)
"CPL:comp_init_cc_wav"                                        -       6144     6144 6.144000e+03   6.625057e+00     0.001 (  5648      0)     0.001 (  5964      0)
"w_i:comp_init"                                               -       6144     6144 6.144000e+03   2.455879e-03     0.000 (  1973      0)     0.000 (  1094      0)
"CPL:comp_init_cc_esp"                                        -       6144     6144 6.144000e+03   5.069558e+00     0.001 (  5631      0)     0.000 (  4777      0)
"e_i:comp_init"                                               -       6144     6144 6.144000e+03   4.146884e-03     0.000 (  4682      0)     0.000 (   390      0)
"CPL:comp_init_cc_iac"                                        -       6144     6144 6.144000e+03   6.506666e+00     0.001 (   894      0)     0.001 (  3402      0)
"z_i:comp_init"                                               -       6144     6144 6.144000e+03   2.592358e-03     0.000 (    60      0)     0.000 (  2172      0)
"CPL:comp_init_cx_all"                                        -       6144     6144 6.144000e+03   1.844292e+03     0.404 (     6      0)     0.234 (  4209      0)
"CPL:comp_list_all"                                           -       6144     6144 6.144000e+03   9.270401e-02     0.001 (    19      0)     0.000 (  5772      0)
"CPL:init_maps"                                               -       6144     6144 6.144000e+03   1.247979e+02     0.024 (  4788      0)     0.016 (     4      0)
"CPL:init_aream"                                              -       6144     6144 6.144000e+03   1.050646e+01     0.009 (     4      0)     0.000 (  1506      0)
"CPL:init_domain_check"                                       -       6144     6144 6.144000e+03   3.315466e+03     0.544 (  1475      0)     0.536 (  5873      0)
"CPL:init_areacor"                                            -       6144     6144 6.144000e+03   3.584191e+02     0.058 (   136      0)     0.058 (  4259      0)
"CPL:init_fracs"                                              -       6144     6144 6.144000e+03   1.076865e+01     0.004 (     0      0)     0.001 (  1434      0)
"CPL:init_aoflux"                                             -       6144     6144 6.144000e+03   6.390392e+00     0.001 (  1665      0)     0.001 (     3      0)
"CPL:init_atminit"                                            -       6144     6144 3.686400e+04   3.087108e+01     0.028 (  1422      0)     0.003 (  1446      0)
"CPL:comp_init_cc_atm2"                                       -       6144     6144 6.144000e+03   1.323680e+02     0.027 (  3013      0)     0.003 (     9      0)
"CPL:init_readrestart"                                        -       6144     6144 6.144000e+03   8.619799e-01     0.000 (   676      0)     0.000 (  5196      0)
"CPL:cime_run_init"                                           -       6144     6144 6.144000e+03   9.431699e-01     0.027 (     0      0)     0.000 (  4153      0)
"CPL:INIT_sync1_tprf"                                         -       6144     6144 6.144000e+03   6.449080e+01     0.027 (     1      0)     0.000 (     0      0)
"CPL:INIT_t_prf"                                              -       6144     6144 6.144000e+03   3.324025e+00     0.044 (     0      0)     0.000 (  4751      0)
"CPL:INIT_sync2_tprf"                                         -       6144     6144 6.144000e+03   2.657739e+02     0.044 (  4751      0)     0.000 (     0      0)
"CPL:RUN_LOOP_BSTART"                                         -       6144     6144 6.144000e+03   2.426430e-01     0.000 (   233      0)     0.000 (  6133      0)
"CPL:RUN_LOOP"                                                -       6144     6144 2.654208e+06   3.257031e+06   530.122 (  4715      0)   530.112 (  2997      0)
"CPL:CLOCK_ADVANCE"                                           -       6144     6144 2.654208e+06   2.789836e+02     0.060 (  2072      0)     0.041 (  3289      0)
"CPL:RUN"                                                     -       6144     6144 3.184435e+07   2.510420e+04     6.809 (  3684      0)     2.685 (  1904      0)
"CPL:OCNPRE1"                                                 -       6144     6144 2.654208e+06   2.239863e+03     0.438 (  1170      0)     0.314 (  6074      0)
"CPL:ocnpre1_atm2ocn"                                         -       6144     6144 2.654208e+06   2.236425e+03     0.437 (  1170      0)     0.313 (  6074      0)
"CPL:LNDPREP"                                                 -       6144     6144 2.654208e+06   5.934955e+02     0.203 (   718      0)     0.038 (  2758      0)
"CPL:lndprep_atm2lnd"                                         -       6144     6144 2.654208e+06   3.864439e+02     0.170 (   718      0)     0.026 (  1449      0)
"CPL:lndprep_mrgx2l"                                          -       6144     6144 2.654208e+06   2.005016e+02     0.049 (  4790      0)     0.003 (  2761      0)
"CPL:COMM"                                                    -       6144     6144 1.857331e+07   1.507035e+05    41.527 (  3335      0)     7.703 (   751      0)
"CPL:C2L"                                                     -       6144     6144 2.654208e+06   2.557906e+03     0.513 (  1449      0)     0.249 (    11      0)
"CPL:c2l_lndx2lndl"                                           -       6144     6144 2.654208e+06   1.088950e+03     0.336 (  2237      0)     0.105 (  1509      0)
"CPL:c2l_infoexch"                                            -       6144     6144 2.654208e+06   1.464203e+03     0.371 (  1616      0)     0.034 (     2      0)
"CPL:ICEPREP"                                                 -       6144     6144 2.654208e+06   1.718948e+03     0.345 (  1174      0)     0.268 (  5497      0)
"CPL:iceprep_ocn2ice"                                         -       6144     6144 2.654208e+06   2.889762e+02     0.060 (  1169      0)     0.043 (  5509      0)
"CPL:iceprep_atm2ice"                                         -       6144     6144 2.654208e+06   5.097533e+02     0.105 (  1175      0)     0.079 (  5639      0)
"CPL:iceprep_mrgx2i"                                          -       6144     6144 2.654208e+06   9.063230e+02     0.178 (  1174      0)     0.141 (  1964      0)
"CPL:C2I"                                                     -       6144     6144 2.654208e+06   9.767062e+02     0.223 (  2362      0)     0.111 (     3      0)
"CPL:c2i_icex2icei"                                           -       6144     6144 2.654208e+06   5.141578e+02     0.122 (  5676      0)     0.078 (  5498      0)
"CPL:ice_infoexch"                                            -       6144     6144 2.654208e+06   4.586416e+02     0.140 (  2362      0)     0.025 (     3      0)
"CPL:ICE_RUN"                                                 -       6144     6144 2.654208e+06   2.690782e+04     5.500 (  4836      0)     4.004 (  5881      0)
"i:cice_run_total"                                            -       6144     6144 2.654208e+06   2.372912e+04     5.183 (  4836      0)     3.601 (  5877      0)
"i:cice_run_import"                                           -       6144     6144 2.654208e+06   2.170767e+03     0.429 (  4734      0)     0.329 (  1714      0)
"i:cice_imp_ocn"                                              -       6144     6144 2.654208e+06   1.832844e+02     0.039 (   236      0)     0.027 (  4641      0)
"i:cice_imp_atm"                                              -       6144     6144 2.654208e+06   1.811340e+02     0.054 (   236      0)     0.027 (  5335      0)
"i:cice_run_initmd"                                           -       6144     6144 2.654208e+06   5.505161e+03     1.151 (    10      0)     0.721 (  4734      0)
"i:cice_run_presc"                                            -       6144     6144 2.654208e+06   5.215466e+03     0.891 (  4884      0)     0.783 (  5867      0)
"i:cice_pice_strd_adv_total"                                  -       6144     6144 2.654208e+06   2.936253e+03     0.496 (  1020      0)     0.435 (  2394      0)
"i:cice_pice_strd_adv_readLBUB"                               -       6144     6144 2.654208e+06   2.331524e+03     0.451 (   564      0)     0.334 (     1      0)
"i:cice_pice_readLBUB_setup"                                  -       6144     6144 2.654208e+06   8.118240e-01     0.000 (  5125      0)     0.000 (  5086      0)
"i:cice_pice_readLBUB_fbound"                                 -       6144     6144 1.228800e+04   2.078273e-01     0.206 (     0      0)     0.000 (  1719      0)
"i:cice_pice_readLBUB_bcast"                                  -       6144     6144 1.228800e+04   1.268985e+03     0.207 (  6104      0)     0.000 (     0      0)
"i:cice_pice_readLBUB_LB_setup"                               -       6144     6144 6.144000e+03   2.394472e-03     0.000 (     0      0)     0.000 (   875      0)
"i:cice_pice_readLBUB_LB_readpio"                             -       6144     6144 6.144000e+03   2.924518e+02     0.123 (   504      0)     0.016 (     0      0)
"i:PIO:openfile"                                              -       6144     6144 6.144000e+03   7.189551e+01     0.013 (  3865      0)     0.011 (     0      0)
"i:PIO:pio_inq_varid_file_vdesc"                              -       6144     6144 3.686400e+04   1.872121e+00     0.000 (  4808      0)     0.000 (     9      0)
"i:PIO:pio_inq_varid_file_vid"                                -       6144     6144 3.686400e+04   1.856401e+00     0.000 (  4808      0)     0.000 (     9      0)
"i:PIO:pio_inq_varndims_file_vdesc"                           -       6144     6144 1.843200e+04   2.888775e+01     0.048 (  5179      0)     0.000 (    11      0)
"i:PIO:pio_inq_varndims_file_vid"                             -       6144     6144 1.843200e+04   2.887807e+01     0.048 (  5179      0)     0.000 (    11      0)
"i:PIO:pio_inq_vardimid_file_vdesc"                           -       6144     6144 1.843200e+04   3.472239e+00     0.001 (  3497      0)     0.000 (     2      0)
"i:PIO:pio_inq_vardimid_file_vid"                             -       6144     6144 1.843200e+04   3.464120e+00     0.001 (  3499      0)     0.000 (    11      0)
"i:PIO:pio_inq_dimlen_file_dimid"                             -       6144     6144 5.529600e+04   2.119308e+00     0.000 (  3733      0)     0.000 (     0      0)
"i:PIO:pio_inq_dimlen_file_dimid_offlen"                      -       6144     6144 5.529600e+04   2.102935e+00     0.000 (  3733      0)     0.000 (     3      0)
"i:PIO:pio_inq_vartype_file_vdesc"                            -       6144     6144 1.843200e+04   1.706022e+00     0.000 (  1893      0)     0.000 (    10      0)
"i:PIO:pio_inq_vartype_file_vid"                              -       6144     6144 1.843200e+04   1.697634e+00     0.000 (  1893      0)     0.000 (    10      0)
"i:PIO:read_darray_1d_real"                                   -       6144     6144 1.843200e+04   7.117463e+02     0.215 (   456      0)     0.044 (   367      0)
"i:PIO:PIOc_read_darray"                                      -       6144     6144 1.843200e+04   7.117003e+02     0.215 (   456      0)     0.044 (   367      0)
"i:PIO:read_darray_nc"                                        -       6144     6144 1.843200e+04   5.827202e+01     0.179 (   612      0)     0.000 (   853      0)
"i:PIO:rearrange_io2comp"                                     -       6144     6144 1.843200e+04   6.495655e+02     0.188 (   434      0)     0.000 (     0      0)
"i:PIO:pio_swapm"                                             -       6144     6144 1.843200e+04   6.490312e+02     0.188 (   434      0)     0.000 (     0      0)
"i:cice_pice_readLBUB_UB_setup"                               -       6144     6144 1.228800e+04   4.903756e-03     0.000 (     0      0)     0.000 (  1483      0)
"i:cice_pice_readLBUB_UB_readpio"                             -       6144     6144 1.228800e+04   7.607845e+02     0.205 (   564      0)     0.032 (   362      0)
"i:cice_pice_readLBUB_filemgt"                                -       6144     6144 2.654208e+06   6.786404e-01     0.000 (  2773      0)     0.000 (  3739      0)
"i:cice_pice_strd_adv_map"                                    -       6144     6144 1.228800e+04   5.305251e+02     0.126 (  4878      0)     0.007 (   564      0)
"i:cice_pice_strd_adv_tint"                                   -       6144     6144 2.654208e+06   6.255939e+01     0.012 (  2856      0)     0.009 (  3251      0)
"i:cice_run_initflux"                                         -       6144     6144 2.654208e+06   2.282648e+02     0.042 (  4894      0)     0.033 (  1567      0)
"i:cice_run_prepradiation"                                    -       6144     6144 2.654208e+06   8.635935e+01     0.022 (  4838      0)     0.013 (  5351      0)
"i:cice_run_therm1"                                           -       6144     6144 2.654208e+06   3.442254e+03     1.133 (  4851      0)     0.492 (  4270      0)
"i:cice_run_dyn"                                              -       6144     6144 2.654208e+06   1.511475e-01     0.000 (  4382      0)     0.000 (   143      0)
"i:cice_run_radiation"                                        -       6144     6144 2.654208e+06   2.114654e+03     1.153 (  4927      0)     0.250 (  2039      0)
"i:cice_step_radiationib"                                     -       6144     6144 2.654208e+06   1.898393e+03     1.118 (  4927      0)     0.215 (  2039      0)
"i:cice_step_rib_swdedd1"                                     -       6144     6144 2.654208e+06   1.690769e+02     0.051 (  6093      0)     0.011 (  5901      0)
"i:cice_step_rib_swdedd2"                                     -       6144     6144 2.654208e+06   1.324531e+02     0.024 (  4839      0)     0.021 (  1132      0)
"i:cice_step_rib_swdedd7"                                     -       6144     6144 2.654208e+06   1.486448e+03     1.042 (  4927      0)     0.162 (  5230      0)
"i:cice_run_couplingprep"                                     -       6144     6144 2.654208e+06   1.499293e+03     0.332 (  4295      0)     0.225 (  5697      0)
"i:ice_HaloUpdate2DR8"                                        -       6144     6144 2.654208e+06   1.402329e+02     0.113 (  4295      0)     0.008 (  4375      0)
"i:ice_HU2DR8_init"                                           -       6144     6144 2.654208e+06   2.179487e+00     0.001 (  2243      0)     0.000 (  5116      0)
"i:cice_run_diag"                                             -       6144     6144 2.654208e+06   1.315525e+03     0.249 (   487      0)     0.147 (  4836      0)
"i:cice_run_hist"                                             -       6144     6144 2.654208e+06   1.379972e+03     0.261 (  1164      0)     0.181 (  5896      0)
"i:cice_run_accum"                                            -       6144     6144 2.654208e+06   2.927609e+01     0.005 (  5603      0)     0.005 (  1782      0)
"i:cice_run_export"                                           -       6144     6144 2.654208e+06   6.849520e+02     0.136 (  1167      0)     0.104 (  4283      0)
"CPL:LND_RUN"                                                 -       6144     6144 2.654208e+06   3.295307e+05    63.548 (   379      0)    44.839 (  6052      0)
"l:lc_lnd_import"                                             -       6144     6144 2.654208e+06   7.056936e+02     0.201 (   886      0)     0.080 (  2712      0)
"l:elm_run"                                                   -       6144     6144 2.660352e+06   3.279320e+05    63.299 (   379      0)    44.530 (  6052      0)
"l:shr_orb_decl"                                              -       6144     6144 2.660352e+06   3.479149e+00     0.020 (   751      0)     0.000 (  5479      0)
"l:decomp_vert"                                               -       6144     6144 2.660352e+06   4.299545e+01     0.012 (  1187      0)     0.003 (  5232      0)
"l:beggridwbal"                                               -       6144     6144 2.660352e+06   1.560167e+03     0.306 (   430      0)     0.214 (  4469      0)
"l:cnpinit"                                                   -       6144     6144 2.660352e+06   2.635718e+00     0.001 (  3312      0)     0.000 (   189      0)
"l:cnpvegsumm"                                                -       6144     6144 2.660352e+06   3.271219e-01     0.000 (  1733      0)     0.000 (  2366      0)
"l:dyn_subgrid"                                               -       6144     6144 2.660352e+06   9.539462e+03     1.805 (   654      0)     1.361 (  3441      0)
"l:begwbal"                                                   -       6144     6144 2.660352e+06   1.860342e+02     0.047 (   654      0)     0.019 (  5491      0)
"l:begcnpbal"                                                 -       6144     6144 2.660352e+06   2.920515e-01     0.000 (  4560      0)     0.000 (  2514      0)
"l:drvinit"                                                   -       6144     6144 2.660352e+06   9.090332e+02     0.173 (   929      0)     0.135 (  1190      0)
"l:canhydro"                                                  -       6144     6144 2.660352e+06   1.767043e+03     0.436 (   825      0)     0.209 (  3312      0)
"l:surfrad"                                                   -       6144     6144 2.660352e+06   3.405657e+03     0.681 (  1117      0)     0.461 (  2885      0)
"l:bgp1"                                                      -       6144     6144 2.660352e+06   1.924466e+03     0.436 (   430      0)     0.241 (  4021      0)
"l:bgflux"                                                    -       6144     6144 2.660352e+06   2.663284e+03     0.575 (  4862      0)     0.270 (  1382      0)
"l:canflux"                                                   -       6144     6144 2.660352e+06   1.044840e+05    24.864 (   977      0)    11.016 (  3100      0)
"l:can_iter"                                                  -       6144     6144 2.660352e+06   8.552235e+04    21.241 (  5034      0)     8.394 (  3049      0)
"l:uflux"                                                     -       6144     6144 2.660352e+06   1.699409e+03     0.531 (  1656      0)     0.099 (  5491      0)
"l:bgplake"                                                   -       6144     6144 2.660352e+06   7.805667e+03     1.846 (  4834      0)     0.838 (  3860      0)
"l:bgc"                                                       -       6144     6144 2.660352e+06   5.865752e+03     1.285 (  5851      0)     0.737 (  3441      0)
"l:soiltemperature"                                           -       6144     6144 2.660352e+06   6.875674e+04    13.212 (   430      0)     9.611 (  3280      0)
"l:SoilThermProp"                                             -       6144     6144 2.660352e+06   3.266498e+03     0.751 (   654      0)     0.380 (  3441      0)
"l:SoilTempBandDiag"                                          -       6144     6144 5.320704e+06   6.295902e+03     1.809 (  1998      0)     0.675 (  5491      0)
"l:PhaseChangeH2osfc"                                         -       6144     6144 2.660352e+06   3.287871e+01     0.010 (   654      0)     0.003 (  3151      0)
"l:PhaseChangebeta"                                           -       6144     6144 2.660352e+06   1.264944e+03     0.329 (   654      0)     0.110 (  4921      0)
"l:bgp2"                                                      -       6144     6144 2.660352e+06   2.723201e+03     0.556 (  1039      0)     0.344 (  3442      0)
"l:bgp2_loop_1"                                               -       6144     6144 2.660352e+06   4.890393e+02     0.099 (   430      0)     0.064 (  3735      0)
"l:bgp2_loop_2"                                               -       6144     6144 2.660352e+06   8.847870e+02     0.172 (  1166      0)     0.118 (  4021      0)
"l:bgp2_loop_3"                                               -       6144     6144 2.660352e+06   1.042550e+03     0.230 (  5346      0)     0.116 (  3099      0)
"l:bgp2_loop_4"                                               -       6144     6144 2.660352e+06   2.914405e+02     0.059 (  1166      0)     0.039 (  3788      0)
"l:patch2col"                                                 -       6144     6144 2.660352e+06   1.353137e+03     0.285 (  1167      0)     0.180 (  4447      0)
"l:hydro without drainage"                                    -       6144     6144 2.660352e+06   2.194998e+04     4.687 (   654      0)     2.860 (  3442      0)
"l:hylake"                                                    -       6144     6144 2.660352e+06   1.986450e+03     0.761 (   192      0)     0.252 (    82      0)
"l:snow_init"                                                 -       6144     6144 2.660352e+06   1.350974e+02     0.051 (  1185      0)     0.009 (  4648      0)
"l:ecosysdyn"                                                 -       6144     6144 2.660352e+06   5.023760e+02     0.097 (  1167      0)     0.067 (  4021      0)
"l:depvel"                                                    -       6144     6144 5.320704e+06   3.115264e+00     0.001 (  1175      0)     0.000 (  4942      0)
"l:hydro2 drainage"                                           -       6144     6144 2.660352e+06   1.446805e+03     0.343 (   768      0)     0.170 (  3735      0)
"l:balchk"                                                    -       6144     6144 2.660352e+06   1.648624e+03     0.303 (  1166      0)     0.240 (  2133      0)
"l:gridbalchk"                                                -       6144     6144 2.660352e+06   1.055660e+03     0.190 (   654      0)     0.155 (  2133      0)
"l:lnd2atm"                                                   -       6144     6144 2.660352e+06   7.793742e+03     1.419 (   655      0)     1.133 (  3442      0)
"l:wrtdiag"                                                   -       6144     6144 2.660352e+06   2.961052e+01     0.020 (     0      0)     0.004 (  4702      0)
"l:hbuf"                                                      -       6144     6144 2.660352e+06   2.947548e+04     5.330 (   654      0)     4.317 (  3151      0)
"l:elm_drv_io"                                                -       6144     6144 2.660352e+06   8.627677e+00     0.003 (  1079      0)     0.001 (  2461      0)
"l:elm_drv_io_htapes"                                         -       6144     6144 2.660352e+06   7.075506e+00     0.002 (  1079      0)     0.001 (  5316      0)
"l:lc_lnd_export"                                             -       6144     6144 2.660352e+06   2.482457e+02     0.044 (    61      0)     0.039 (  4385      0)
"l:lc_elm2_adv_timestep"                                      -       6144     6144 2.660352e+06   1.928002e+00     0.001 (   665      0)     0.000 (  1524      0)
"l:accum"                                                     -       6144     6144 2.654208e+06   5.726574e+03     1.036 (  1166      0)     0.875 (  1426      0)
"CPL:ATMOCNP"                                                 -       6144     6144 2.654208e+06   4.504669e+03     1.092 (  6074      0)     0.175 (  5900      0)
"CPL:atmocnp_fluxo"                                           -       6144     6144 2.654208e+06   3.836867e+03     0.995 (  6074      0)     0.064 (  5900      0)
"CPL:atmocnp_ocnalb"                                          -       6144     6144 2.654208e+06   6.589386e+02     0.154 (  1983      0)     0.080 (  3713      0)
"CPL:L2C"                                                     -       6144     6144 2.654208e+06   2.187259e+04     8.283 (     0      0)     0.689 (   379      0)
"CPL:l2c_lndl2lndx"                                           -       6144     6144 2.654208e+06   2.186098e+04     8.281 (     0      0)     0.687 (   379      0)
"lnd2cpl_run"                                                 -       6144     6144 2.654208e+06   7.288780e+00     0.001 (  2322      0)     0.001 (  3073      0)
"CPL:LNDPOST"                                                 -       6144     6144 2.654208e+06   1.999642e+00     0.000 (  5388      0)     0.000 (  2869      0)
"CPL:I2C"                                                     -       6144     6144 2.654208e+06   5.272528e+02     0.109 (  1166      0)     0.080 (   779      0)
"CPL:i2c_icei2icex"                                           -       6144     6144 2.654208e+06   5.176409e+02     0.107 (  1166      0)     0.078 (   779      0)
"CPL:i2c_infoexch"                                            -       6144     6144 2.654208e+06   4.724027e+00     0.001 (   663      0)     0.001 (  3841      0)
"CPL:ICEPOST"                                                 -       6144     6144 2.654208e+06   5.494803e-01     0.000 (  1171      0)     0.000 (  2904      0)
"CPL:FRACSET"                                                 -       6144     6144 2.654208e+06   6.213866e+02     0.112 (  1173      0)     0.097 (  1376      0)
"CPL:fracset_fracset"                                         -       6144     6144 2.654208e+06   6.199441e+02     0.112 (  1173      0)     0.097 (  1376      0)
"CPL:ATMPREP"                                                 -       6144     6144 2.654208e+06   1.539051e+04     5.234 (  3684      0)     1.295 (  1448      0)
"CPL:atmprep_xao2atm"                                         -       6144     6144 2.654208e+06   1.690879e+03     0.314 (  5864      0)     0.247 (  2399      0)
"CPL:atmprep_ocn2atm"                                         -       6144     6144 2.654208e+06   1.053510e+03     0.213 (  1173      0)     0.157 (  1199      0)
"CPL:atmprep_alb2atm"                                         -       6144     6144 2.654208e+06   4.431690e+02     0.086 (  1165      0)     0.063 (  4884      0)
"CPL:atmprep_ice2atm"                                         -       6144     6144 2.654208e+06   1.787891e+03     0.365 (  1173      0)     0.267 (  4651      0)
"CPL:atmprep_lnd2atm"                                         -       6144     6144 2.654208e+06   8.563471e+03     4.149 (  3684      0)     0.194 (  1449      0)
"CPL:atmprep_mrgx2a"                                          -       6144     6144 2.654208e+06   1.834472e+03     0.339 (  5657      0)     0.276 (  4266      0)
"CPL:C2A"                                                     -       6144     6144 2.654208e+06   1.811504e+04     4.755 (  2754      0)     0.889 (  3919      0)
"CPL:c2a_atmx2atmg"                                           -       6144     6144 2.654208e+06   1.504444e+04     4.457 (  2751      0)     0.638 (  5234      0)
"CPL:c2a_infoexch"                                            -       6144     6144 2.654208e+06   3.066480e+03     1.623 (  1264      0)     0.076 (     7      0)
"CPL:ATM_RUN"                                                 -       6144     6144 2.654208e+06   2.707043e+06   452.450 (  1950      0)   430.020 (  3274      0)
"a:EAMxx::run"                                                -       6144     6144 2.654208e+06   2.705316e+06   452.173 (  1950      0)   429.746 (  3274      0)
"a:EAMxx::EAMxx::run"                                         -       6144     6144 2.654208e+06   2.704821e+06   452.093 (  1950      0)   429.666 (  3274      0)
"a:EAMxx::EAMxx::run-precondition-checks"                     -       6144     6144 2.654208e+06   1.116329e+00     0.000 (  5938      0)     0.000 (  3468      0)
"a:EAMxx::SurfaceCouplingImporter::run"                       -       6144     6144 2.654208e+06   3.240228e+03     0.666 (  2469      0)     0.312 (  1540      0)
"a:EAMxx::SurfaceCouplingImporter::run-precondition-checks"   -       6144     6144 2.654208e+06   4.548103e-01     0.000 (  3577      0)     0.000 (  4585      0)
"a:EAMxx::SurfaceCouplingImporter::run-postcondition-checks"  -       6144     6144 2.654208e+06   2.795537e+03     0.592 (  2469      0)     0.240 (  1540      0)
"a:EAMxx::homme::run"                                         -       6144     6144 2.654208e+06   2.479910e+06   404.278 (   341      0)   402.960 (  3816      0)
"a:EAMxx::homme::run-precondition-checks"                     -       6144     6144 2.654208e+06   5.345779e-01     0.000 (  1533      0)     0.000 (   216      0)
"a:tl-sc prim_run_subcycle_c"                                 -       6144     6144 5.308416e+06   2.425517e+06   395.316 (  1176      0)   394.419 (  4091      0)
"a:tl-s prim_step_flexible"                                   -       6144     6144 5.308416e+06   2.425491e+06   395.312 (  1176      0)   394.415 (  4091      0)
"a:ApplyCAMForcing_tracers"                                   -       6144     6144 2.654208e+06   6.873745e+03     1.707 (  3329      0)     0.688 (  1695      0)
"a:tl-s deep_copy+derived_dp"                                 -       6144     6144 5.308416e+06   8.951717e+02     0.220 (  3651      0)     0.133 (  3917      0)
"a:ApplyCAMForcing_dynamics"                                  -       6144     6144 1.592525e+07   5.409134e+03     1.190 (  1542      0)     0.785 (  5898      0)
"a:tl-ae prim_advance_exp"                                    -       6144     6144 3.185050e+07   1.986526e+06   327.839 (  2169      0)   319.477 (  3969      0)
"a:ttype9_imex_timestep"                                      -       6144     6144 3.185050e+07   1.691203e+06   283.180 (  2117      0)   270.316 (  5840      0)
"a:caar compute"                                              -       6144     6144 3.185050e+08   5.437314e+05    93.987 (  2117      0)    83.557 (  3622      0)
"a:caar_bexchV"                                               -       6144     6144 1.592525e+08   3.518030e+05    70.154 (  2170      0)    45.225 (   422      0)
"a:caar limiter"                                              -       6144     6144 1.911030e+08   1.168857e+05    21.721 (  1399      0)    17.106 (  4244      0)
"a:compute_stage_value_dirk"                                  -       6144     6144 1.592525e+08   6.645998e+05   119.206 (  5040      0)   103.363 (  1008      0)
"a:tl-ae advance_hypervis_dp"                                 -       6144     6144 3.185050e+07   2.942482e+05    54.149 (  2082      0)    41.638 (  4127      0)
"a:hvf-bhwk"                                                  -       6144     6144 3.185050e+07   1.686527e+05    30.456 (  5532      0)    24.603 (  4127      0)
"a:hvf-bexch"                                                 -       6144     6144 9.555149e+07   1.414296e+05    30.080 (  2082      0)    16.909 (  4127      0)
"a:tl-sc vertical_remap"                                      -       6144     6144 1.592525e+07   1.363840e+05    24.130 (   220      0)    20.498 (  4674      0)
"a:Remap Thickness Functor"                                   -       6144     6144 1.592525e+07   3.383240e+03     0.736 (  5989      0)     0.472 (   582      0)
"a:Remap Scale States Functor"                                -       6144     6144 1.592525e+07   1.307817e+03     0.338 (  4395      0)     0.184 (  2168      0)
"a:Remap Compute Grids Functor"                               -       6144     6144 1.592525e+07   1.092674e+04     1.969 (  5213      0)     1.618 (  2832      0)
"a:Remap Compute Remap Functor"                               -       6144     6144 1.592525e+07   9.787830e+04    17.622 (   220      0)    14.566 (  4674      0)
"a:Remap Rescale States Functor"                              -       6144     6144 1.592525e+07   2.223915e+03     0.505 (  1359      0)     0.316 (  4674      0)
"a:tl-at prim_advec_tracers_compose"                          -       6144     6144 5.308416e+06   2.652904e+05    46.935 (  3971      0)    39.092 (  2119      0)
"a:compose_transport"                                         -       6144     6144 5.308416e+06   2.652224e+05    46.923 (  3971      0)    39.081 (  2119      0)
"a:compose_calc_trajectory"                                   -       6144     6144 5.308416e+06   3.296677e+04     6.223 (  4367      0)     4.697 (  2599      0)
"a:compose_3d_levels"                                         -       6144     6144 5.308416e+06   1.995472e+04     3.870 (  6090      0)     2.871 (  3612      0)
"a:compose_v_bexchv"                                          -       6144     6144 5.308416e+06   1.186895e+04     2.976 (  3672      0)     1.270 (   220      0)
"a:compose_v2x"                                               -       6144     6144 5.308416e+06   1.120779e+03     0.320 (  3680      0)     0.162 (  5580      0)
"a:compose_isl"                                               -       6144     6144 5.308416e+06   7.775451e+04    15.916 (  4856      0)    10.780 (  2863      0)
"a:compose_hypervis_scalar"                                   -       6144     6144 5.308416e+06   7.559767e+04    15.844 (  4932      0)     8.453 (  4856      0)
"a:compose_cedr_global"                                       -       6144     6144 5.308416e+06   5.506239e+04    11.475 (  5131      0)     6.843 (  5717      0)
"a:repro_sum_int"                                             -       6144     6144 5.308416e+06   4.183645e+04     9.312 (  5150      0)     4.666 (  5542      0)
"a:compose_cedr_local"                                        -       6144     6144 5.308416e+06   8.334812e+03     1.586 (   203      0)     1.186 (   580      0)
"a:compose_dss_q"                                             -       6144     6144 5.308416e+06   1.546439e+04     2.786 (  4273      0)     2.236 (  3235      0)
"a:compose_vertical_remap"                                    -       6144     6144 5.308416e+06   2.388263e+04     4.198 (  1426      0)     3.590 (  4536      0)
"a:EAMxx::homme::run-postcondition-checks"                    -       6144     6144 2.654208e+06   4.672083e+03     0.963 (  4627      0)     0.617 (  3518      0)
"a:EAMxx::physics::run"                                       -       6144     6144 2.654208e+06   2.188227e+05    47.241 (  1945      0)    25.190 (  3274      0)
"a:EAMxx::physics::run-precondition-checks"                   -       6144     6144 2.654208e+06   7.778567e-01     0.000 (   128      0)     0.000 (  3263      0)
"a:EAMxx::mac_aero_mic::run"                                  -       6144     6144 2.654208e+06   6.280070e+04    14.313 (  1950      0)     7.953 (  3274      0)
"a:EAMxx::mac_aero_mic::run-precondition-checks"              -       6144     6144 2.654208e+06   4.733669e-01     0.000 (  3665      0)     0.000 (  3788      0)
"a:EAMxx::tms::run"                                           -       6144     6144 2.654208e+06   5.539794e+02     0.190 (  3503      0)     0.058 (  3420      0)
"a:EAMxx::tms::run-precondition-checks"                       -       6144     6144 2.654208e+06   4.165915e-01     0.000 (  4127      0)     0.000 (  5821      0)
"a:EAMxx::tms::run-postcondition-checks"                      -       6144     6144 2.654208e+06   2.863001e+02     0.056 (  3091      0)     0.042 (  3144      0)
"a:EAMxx::shoc::run"                                          -       6144     6144 2.654208e+06   2.237553e+04     4.605 (  3757      0)     2.851 (  2938      0)
"a:EAMxx::shoc::run-precondition-checks"                      -       6144     6144 2.654208e+06   4.362286e-01     0.000 (   448      0)     0.000 (  2076      0)
"a:EAMxx::shoc::run-postcondition-checks"                     -       6144     6144 2.654208e+06   7.305575e+03     1.281 (  5325      0)     1.111 (  4560      0)
"a:EAMxx::cld_fraction::run"                                  -       6144     6144 2.654208e+06   1.583826e+03     0.341 (   203      0)     0.242 (  6130      0)
"a:EAMxx::cld_fraction::run-precondition-checks"              -       6144     6144 2.654208e+06   8.010671e-01     0.000 (   876      0)     0.000 (  3263      0)
"a:EAMxx::cld_fraction::run-postcondition-checks"             -       6144     6144 2.654208e+06   1.420291e+03     0.246 (  1445      0)     0.218 (  2604      0)
"a:EAMxx::spa::run"                                           -       6144     6144 2.654208e+06   1.104360e+04     1.964 (  2801      0)     1.677 (  3284      0)
"a:EAMxx::spa::run-precondition-checks"                       -       6144     6144 2.654208e+06   5.404638e-01     0.000 (  4234      0)     0.000 (  3263      0)
"a:EAMxx::spa::run-postcondition-checks"                      -       6144     6144 2.654208e+06   7.093946e+03     1.240 (  3634      0)     1.065 (  5504      0)
"a:EAMxx::p3::run"                                            -       6144     6144 2.654208e+06   2.713767e+04     8.271 (  2601      0)     2.832 (  3274      0)
"a:EAMxx::p3::run-precondition-checks"                        -       6144     6144 2.654208e+06   8.131884e+02     0.337 (  2806      0)     0.070 (  5442      0)
"a:EAMxx::p3::run-postcondition-checks"                       -       6144     6144 2.654208e+06   7.285745e+03     1.639 (  3342      0)     1.140 (  1092      0)
"a:EAMxx::mac_aero_mic::run-postcondition-checks"             -       6144     6144 2.654208e+06   9.047404e-01     0.000 (  2331      0)     0.000 (  1167      0)
"a:EAMxx::rrtmgp::run"                                        -       6144     6144 2.654208e+06   1.559198e+05    34.441 (  1124      0)    16.557 (  3328      0)
"a:EAMxx::rrtmgp::run-precondition-checks"                    -       6144     6144 2.654208e+06   2.327686e+02     0.041 (  2967      0)     0.034 (  3348      0)
"a:EAMxx::rrtmgp::run-postcondition-checks"                   -       6144     6144 2.654208e+06   5.457180e+03     0.970 (  4279      0)     0.819 (  1008      0)
"a:EAMxx::physics::run-postcondition-checks"                  -       6144     6144 2.654208e+06   5.693708e-01     0.000 (  1549      0)     0.000 (  1671      0)
"a:EAMxx::SurfaceCouplingExporter::run"                       -       6144     6144 2.654208e+06   2.613335e+03     0.470 (   321      0)     0.378 (  4414      0)
"a:EAMxx::SurfaceCouplingExporter::run-precondition-checks"   -       6144     6144 2.654208e+06   9.418485e-01     0.000 (  3198      0)     0.000 (  2421      0)
"a:EAMxx::SurfaceCouplingExporter::run-postcondition-checks"  -       6144     6144 2.654208e+06   1.131457e+00     0.000 (  5740      0)     0.000 (  1175      0)
"a:EAMxx::EAMxx::run-postcondition-checks"                    -       6144     6144 2.654208e+06   4.824013e-01     0.000 (  2879      0)     0.000 (   167      0)
"a:EAMxx::IO::restart"                                        -       6144     6144 2.654208e+06   1.555910e+01     0.003 (  1506      0)     0.002 (  1093      0)
"a:EAMxx::IO::model_restart"                                  -       6144     6144 2.654208e+06   1.280629e+01     0.003 (  1506      0)     0.002 (   925      0)
"a:EAMxx::IO::restart::get_new_file"                          -       6144     6144 2.654208e+06   4.544435e-01     0.000 (  1938      0)     0.000 (  3788      0)
"a:EAMxx::IO::restart::run_output_streams"                    -       6144     6144 2.654208e+06   4.787386e+00     0.001 (  1506      0)     0.001 (  2714      0)
"a:EAMxx::IO::standard"                                       -       6144     6144 2.654208e+06   6.060291e+00     0.001 (   424      0)     0.001 (  3821      0)
"a:EAMxx::IO::nooutput.yaml"                                  -       6144     6144 2.654208e+06   4.470187e+00     0.001 (   578      0)     0.001 (  3821      0)
"a:EAMxx::IO::standard::get_new_file"                         -       6144     6144 2.654208e+06   2.048578e-01     0.000 (  3554      0)     0.000 (  2542      0)
"a:EAMxx::IO::standard::run_output_streams"                   -       6144     6144 2.654208e+06   4.592411e-01     0.000 (  4254      0)     0.000 (  3316      0)
"CPL:A2C"                                                     -       6144     6144 2.654208e+06   7.410523e+04    22.961 (  3274      0)     0.990 (  1945      0)
"CPL:a2c_atma2atmx"                                           -       6144     6144 2.654208e+06   5.261147e+04    19.977 (  4347      0)     0.447 (   689      0)
"CPL:a2c_infoexch"                                            -       6144     6144 2.654208e+06   2.148602e+04    11.970 (  3935      0)     0.012 (     0      0)
"CPL:ATMPOST"                                                 -       6144     6144 2.654208e+06   1.526850e+00     0.000 (  1257      0)     0.000 (  3925      0)
"CPL:HISTORY"                                                 -       6144     6144 2.654208e+06   6.966095e+00     0.002 (   384      0)     0.001 (  2127      0)
"CPL:cime_run_write_history"                                  -       6144     6144 2.654208e+06   5.480638e+00     0.001 (  1716      0)     0.001 (  4526      0)
"CPL:TSTAMP_WRITE"                                            -       6144     6144 2.654208e+06   2.036543e+00     0.001 (  1753      0)     0.000 (  5884      0)
"CPL:TPROF_WRITE"                                             -       6144     6144 2.654208e+06   6.628920e-01     0.000 (  4841      0)     0.000 (  6088      0)
"CPL:C2O_INITWAIT"                                            -       6144     6144 2.648064e+06   1.604872e+04     6.580 (    11      0)     0.867 (  4517      0)
"l:interpMonthlyVeg"                                          -       6144     6144 2.648064e+06   2.020236e+04     3.294 (  5520      0)     3.275 (  5747      0)
"l:readMonthlyVeg"                                            -       6144     6144 6.144000e+03   2.020070e+04     3.294 (  5520      0)     3.274 (  5747      0)
"l:PIO:openfile"                                              -       6144     6144 6.144000e+03   4.056134e+02     0.099 (  5464      0)     0.016 (    25      0)
"l:PIO:pio_inq_varid_file_vdesc"                              -       6144     6144 4.915200e+04   1.645742e+01     0.008 (   248      0)     0.000 (  3047      0)
"l:PIO:pio_inq_varid_file_vid"                                -       6144     6144 4.915200e+04   1.643719e+01     0.008 (   248      0)     0.000 (  3047      0)
"l:PIO:pio_inq_varndims_file_vdesc"                           -       6144     6144 4.915200e+04   4.927536e+00     0.086 (  2041      0)     0.000 (  3107      0)
"l:PIO:pio_inq_varndims_file_vid"                             -       6144     6144 4.915200e+04   4.912902e+00     0.086 (  2041      0)     0.000 (  3107      0)
"l:PIO:pio_inq_vardimid_file_vdesc"                           -       6144     6144 4.915200e+04   7.371254e+00     0.001 (  1254      0)     0.001 (  3484      0)
"l:PIO:pio_inq_vardimid_file_vid"                             -       6144     6144 4.915200e+04   7.358153e+00     0.001 (  1254      0)     0.001 (  3484      0)
"l:PIO:pio_inq_dimname_file_dimid"                            -       6144     6144 4.177920e+05   1.923330e+01     0.004 (  5991      0)     0.002 (  3948      0)
"l:PIO:pio_inq_dimlen_file_dimid"                             -       6144     6144 9.830400e+04   3.083809e+00     0.001 (  5995      0)     0.000 (  3168      0)
"l:PIO:pio_inq_dimlen_file_dimid_offlen"                      -       6144     6144 9.830400e+04   3.061104e+00     0.001 (  5997      0)     0.000 (  3360      0)
"l:PIO:pio_inquire_file"                                      -       6144     6144 1.843200e+05   5.770746e+00     0.001 (  1926      0)     0.001 (  3780      0)
"l:PIO:pio_inq_ndims_file"                                    -       6144     6144 1.843200e+05   5.730878e+00     0.001 (  1930      0)     0.001 (  3780      0)
"l:PIO:initdecomp"                                            -       6144     6144 6.144000e+03   1.607685e+03     0.262 (     0      0)     0.262 (   892      0)
"l:PIO:PIOc_initdecomp"                                       -       6144     6144 6.144000e+03   1.607217e+03     0.262 (     0      0)     0.261 (   892      0)
"l:PIO:box_rearrange_create"                                  -       6144     6144 6.144000e+03   1.604747e+03     0.261 (     0      0)     0.261 (  6124      0)
"l:PIO:pio_swapm"                                             -       6144     6144 6.758400e+04   1.891704e+04     3.171 (  4037      0)     1.287 (   756      0)
"l:PIO:read_darray_3d_double"                                 -       6144     6144 4.915200e+04   1.791478e+04     2.926 (  3731      0)     2.818 (  2044      0)
"l:PIO:PIOc_read_darray"                                      -       6144     6144 4.915200e+04   1.791466e+04     2.926 (  3731      0)     2.818 (  2044      0)
"l:PIO:read_darray_nc"                                        -       6144     6144 4.915200e+04   4.423523e+02     1.828 (   756      0)     0.000 (   875      0)
"l:PIO:rearrange_io2comp"                                     -       6144     6144 4.915200e+04   1.746008e+04     2.925 (  3731      0)     1.078 (   756      0)
"l:PIO:closefile"                                             -       6144     6144 6.144000e+03   2.948807e+00     0.014 (   252      0)     0.000 (  1470      0)
"l:PIO:PIOc_closefile"                                        -       6144     6144 6.144000e+03   2.940440e+00     0.014 (   252      0)     0.000 (  1470      0)
"l:surfalb"                                                   -       6144     6144 2.648064e+06   2.134845e+04     4.134 (  3594      0)     2.898 (   805      0)
"l:urbsurfalb"                                                -       6144     6144 2.648064e+06   4.061014e+03     0.756 (  3999      0)     0.545 (    49      0)
"CPL:OCNT_RUN"                                                -       6144     6144 2.648064e+06   1.325694e+03     0.348 (     0      0)     0.169 (   444      0)
"o:DOCN_RUN"                                                  -       6144     6144 2.648064e+06   1.173604e+03     0.262 (     0      0)     0.145 (   444      0)
"o:docn_run1"                                                 -       6144     6144 2.648064e+06   2.534625e+00     0.000 (  2859      0)     0.000 (    64      0)
"o:docn"                                                      -       6144     6144 2.648064e+06   1.167088e+03     0.257 (     0      0)     0.143 (   444      0)
"o:docn_strdata_advance"                                      -       6144     6144 2.648064e+06   6.536345e+02     0.132 (  3442      0)     0.060 (   444      0)
"o:docn_strd_adv_total"                                       -       6144     6144 2.648064e+06   6.501237e+02     0.132 (  3442      0)     0.060 (   444      0)
"o:docn_strd_adv_readLBUB"                                    -       6144     6144 2.648064e+06   3.755338e+02     0.105 (   698      0)     0.017 (  6024      0)
"o:docn_readLBUB_setup"                                       -       6144     6144 2.648064e+06   8.000761e-01     0.000 (  2015      0)     0.000 (   168      0)
"o:docn_readLBUB_filemgt"                                     -       6144     6144 2.648064e+06   5.621386e-01     0.000 (  4663      0)     0.000 (  5748      0)
"o:docn_strd_adv_tint"                                        -       6144     6144 2.648064e+06   5.446569e+01     0.014 (  1524      0)     0.008 (  2402      0)
"o:docn_scatter"                                              -       6144     6144 2.648064e+06   2.664150e+02     0.050 (  2061      0)     0.040 (   384      0)
"o:docn_datamode"                                             -       6144     6144 2.648064e+06   5.823454e+01     0.014 (  3026      0)     0.008 (    14      0)
"o:docn_run2"                                                 -       6144     6144 2.648064e+06   2.747388e-01     0.003 (     0      0)     0.000 (   608      0)
"CPL:O2CT"                                                    -       6144     6144 2.648064e+06   3.253718e+04    16.021 (  3099      0)     0.084 (     0      0)
"CPL:o2c_ocno2ocnx"                                           -       6144     6144 2.648064e+06   2.309746e+02     0.049 (  1168      0)     0.034 (  5385      0)
"CPL:o2c_infoexch"                                            -       6144     6144 2.648064e+06   3.230156e+04    15.981 (  3099      0)     0.042 (     0      0)
"CPL:OCNPOSTT"                                                -       6144     6144 2.648064e+06   1.535595e+00     0.000 (  2724      0)     0.000 (  2511      0)
"i:cice_pice_readLBUB_LB_copy"                                -       6144     6144 6.144000e+03   8.379987e-03     0.000 (   995      0)     0.000 (  3741      0)
"o:docn_readLBUB_fbound"                                      -       6144     6144 6.144000e+03   8.797986e-04     0.000 (     0      0)     0.000 (  1552      0)
"o:docn_readLBUB_bcast"                                       -       6144     6144 6.144000e+03   1.621357e+02     0.055 (  6052      0)     0.000 (   310      0)
"o:docn_readLBUB_LB_copy"                                     -       6144     6144 6.144000e+03   7.893372e-03     0.000 (  5961      0)     0.000 (  4140      0)
"o:docn_readLBUB_UB_setup"                                    -       6144     6144 6.144000e+03   2.670005e-03     0.000 (     0      0)     0.000 (  2455      0)
"o:docn_readLBUB_UB_readpio"                                  -       6144     6144 6.144000e+03   2.061668e+02     0.075 (   300      0)     0.011 (  1352      0)
"o:PIO:pio_inq_varid_file_vdesc"                              -       6144     6144 1.228800e+04   1.482522e+00     0.005 (    26      0)     0.000 (  5315      0)
"o:PIO:pio_inq_varid_file_vid"                                -       6144     6144 1.228800e+04   1.474567e+00     0.005 (    26      0)     0.000 (  5315      0)
"o:PIO:pio_inq_varndims_file_vdesc"                           -       6144     6144 6.144000e+03   4.669659e-01     0.000 (  4424      0)     0.000 (  4494      0)
"o:PIO:pio_inq_varndims_file_vid"                             -       6144     6144 6.144000e+03   4.617114e-01     0.000 (  2200      0)     0.000 (  4499      0)
"o:PIO:pio_inq_vardimid_file_vdesc"                           -       6144     6144 6.144000e+03   1.096719e+00     0.000 (  2876      0)     0.000 (  5299      0)
"o:PIO:pio_inq_vardimid_file_vid"                             -       6144     6144 6.144000e+03   1.091762e+00     0.000 (  2876      0)     0.000 (  5292      0)
"o:PIO:pio_inq_dimlen_file_dimid"                             -       6144     6144 1.843200e+04   6.749216e-01     0.000 (  3037      0)     0.000 (  5297      0)
"o:PIO:pio_inq_dimlen_file_dimid_offlen"                      -       6144     6144 1.843200e+04   6.645152e-01     0.000 (  3040      0)     0.000 (  5299      0)
"o:PIO:pio_inq_vartype_file_vdesc"                            -       6144     6144 6.144000e+03   5.454969e-01     0.000 (  3767      0)     0.000 (  4492      0)
"o:PIO:pio_inq_vartype_file_vid"                              -       6144     6144 6.144000e+03   5.407236e-01     0.000 (  5756      0)     0.000 (  4492      0)
"o:PIO:read_darray_1d_real"                                   -       6144     6144 6.144000e+03   2.014092e+02     0.073 (   300      0)     0.010 (  1353      0)
"o:PIO:PIOc_read_darray"                                      -       6144     6144 6.144000e+03   2.013889e+02     0.073 (   300      0)     0.010 (  1353      0)
"o:PIO:read_darray_nc"                                        -       6144     6144 6.144000e+03   1.659995e+01     0.072 (   300      0)     0.000 (  3483      0)
"o:PIO:rearrange_io2comp"                                     -       6144     6144 6.144000e+03   1.842508e+02     0.068 (   183      0)     0.000 (     0      0)
"o:PIO:pio_swapm"                                             -       6144     6144 6.144000e+03   1.841622e+02     0.068 (   183      0)     0.000 (     0      0)
"o:docn_strd_adv_fill"                                        -       6144     6144 6.144000e+03   5.527499e-01     0.000 (   188      0)     0.000 (   664      0)
"o:docn_strd_adv_map"                                         -       6144     6144 6.144000e+03   2.038017e+02     0.059 (     5      0)     0.002 (   288      0)
"CPL:RUN_LOOP_BSTOP"                                          -       6144     6144 6.144000e+03   2.681946e+01     0.005 (     1      0)     0.000 (  4712      0)
"CPL:FINAL"                                                   -       6144     6144 6.144000e+03   4.583768e+03     0.748 (     0      0)     0.746 (  4304      0)
"CPL:cime_final"                                              -       6144     6144 6.144000e+03   4.583758e+03     0.748 (     0      0)     0.746 (  4304      0)
"o_f:DOCN_FINAL"                                              -       6144     6144 6.144000e+03   1.518571e-03     0.000 (     0      0)     0.000 (  5093      0)
"a_f:EAMxx::finalize"                                         y       6144     6144 6.144000e+03   2.495255e+03     0.693 (  1882      0)     0.256 (   271      0)
"a_f:PIO:PIOc_sync"                                           -       6144     6144 6.144000e+03   1.262034e-01     0.000 (  3504      0)     0.000 (  6062      0)
"a_f:PIO:write_total"                                         -       6144     6144 1.228800e+04   1.105485e+01     0.036 (  2616      0)     0.000 (  6062      0)
"a_f:PIO:flush_output_buffer"                                 -        512      512 1.024000e+03   6.139135e-02     0.000 (  2508      0)     0.000 (   360      0)
"a_f:PIO:PIOc_closefile"                                      -       6144     6144 1.228800e+04   9.220167e+01     0.298 (   264      0)     0.000 (  3398      0)
"a_f:PIO:PIOc_closefile_write_mode"                           -       6144     6144 6.144000e+03   1.093880e+01     0.036 (  2616      0)     0.000 (  1828      0)
"a_f:PIO:PIOc_freedecomp"                                     -       6144     6144 7.987200e+04   1.072118e+00     0.002 (  1368      0)     0.000 (  2265      0)
"PIO:finalize"                                                -       6144     6144 6.144000e+04   9.156152e+02     0.384 (  1731      0)     0.001 (  1941      0)
"PIO:PIOc_finalize"                                           -       6144     6144 6.144000e+04   9.149864e+02     0.384 (  1731      0)     0.000 (  2628      0)
"CPL:FINAL_sync1_tprf"                                        -       6144     6144 6.144000e+03   1.040166e+01     0.002 (  3681      0)     0.000 (     0      0)
"CPL:FINAL_t_prf"                                             y          0        0 0.000000e+00   0.000000e+00     0.000 (     0      0)     0.000 (     0      0)

