
***** GLOBAL STATISTICS ( 24576 MPI TASKS) *****

$Id: gptl.c,v 1.157 2011-03-28 20:55:18 rosinski Exp $
'count' is cumulative. All other stats are max/min
'on' indicates whether the timer was active during output, and so stats are lower or upper bounds.

name                                                         on  processes  threads        count      walltotal   wallmax (proc   thrd  )   wallmin (proc   thrd  )
"CPL:INIT"                                                    -      24576    24576 2.457600e+04   1.996397e+07  1069.630 (   203      0)   725.508 ( 19996      0)
"CPL:cime_pre_init1"                                          -      24576    24576 2.457600e+04   2.342769e+06   352.669 (   195      0)     8.469 ( 19995      0)
"CPL:mpi_init"                                                -      24576    24576 2.457600e+04   2.228048e+06   347.861 (   195      0)     3.808 ( 19992      0)
"CPL:ESMF_Initialize"                                         -      24576    24576 2.457600e+04   1.027971e+03     0.083 ( 12231      0)     0.000 (  1884      0)
"CPL:cime_pre_init2"                                          -      24576    24576 2.457600e+04   8.931896e+04     3.976 ( 15921      0)     3.313 ( 13102      0)
"CPL:seq_infodata_init"                                       -      24576    24576 2.457600e+04   9.850808e+03     1.493 ( 20854      0)     0.001 ( 24338      0)
"CPL:seq_timemgr_clockInit"                                   -      24576    24576 2.457600e+04   3.389861e+03     0.380 ( 15913      0)     0.001 ( 15300      0)
"CPL:cime_init"                                               -      24576    24576 2.457600e+04   1.753085e+07   713.663 ( 13093      0)   713.026 (  5566      0)
"CPL:init_comps"                                              -      24576    24576 2.457600e+04   1.749402e+07   712.148 (     2      0)   711.506 ( 15913      0)
"CPL:comp_init_pre_all"                                       -      24576    24576 2.457600e+04   1.178805e+03     0.193 ( 22651      0)     0.000 (  6817      0)
"CPL:comp_init_cc_atm"                                        -      24576    24576 2.457600e+04   4.189339e+06   171.027 ( 16499      0)   170.131 (  5547      0)
"a_i:comp_init"                                               -      24576    24576 4.915200e+04   4.186065e+06   170.822 (     0      0)   169.981 (  5786      0)
"a_i:EAMxx::init"                                             -      24576    24576 1.720320e+05   4.030933e+06   167.026 (  2532      0)   154.794 ( 16190      0)
"a_i:EAMxx::create_output_managers"                           -      24576    24576 2.457600e+04   1.535084e+02     0.076 ( 21915      0)     0.000 (     0      0)
"a_i:EAMxx::create_atm_processes"                             -      24576    24576 2.457600e+04   3.747323e+04     2.298 (  2620      0)     0.789 ( 16529      0)
"a_i:EAMxx::create_grids"                                     -      24576    24576 2.457600e+04   9.488170e+05    38.913 (     0      0)    38.415 ( 20798      0)
"a_i:PartitioningTime"                                        -      24576    24576 2.457600e+04   8.115003e-02     0.001 (  7468      0)     0.000 ( 11222      0)
"a_i:repro_sum_int"                                           -      24576    24576 2.457600e+04   5.000719e+03     0.496 (  8535      0)     0.088 ( 15657      0)
"a_i:PIO:spio_get_att_tc"                                     -      24576    24576 2.678784e+06   6.690580e+02     0.112 ( 21199      0)     0.005 (     6      0)
"a_i:PIO:spio_get_vars_tc"                                    -      24576    24576 4.915200e+05   4.724942e+03     0.303 ( 16624      0)     0.155 ( 16346      0)
"a_i:PIO:PIOc_closefile"                                      -      24576    24576 3.194880e+05   2.586672e+03     5.079 ( 19560      0)     0.000 ( 20650      0)
"a_i:EAMxx::create_fields"                                    -      24576    24576 2.457600e+04   4.705335e+03     0.323 ( 16492      0)     0.149 ( 11484      0)
"a_i:EAMxx::initialize_fields"                                -      24576    24576 2.457600e+04   1.490199e+06    60.927 (     0      0)    60.443 (  9055      0)
"a_i:PIO:PIOc_initdecomp"                                     -      24576    24576 3.194880e+05   3.973253e+05    16.456 (   607      0)    15.994 ( 18828      0)
"a_i:PIO:box_rearrange_create"                                -      24576    24576 3.194880e+05   3.911541e+05    15.918 (     5      0)    15.914 ( 16525      0)
"a_i:PIO:pio_swapm"                                           -      24576    24576 1.499136e+06   8.618253e+05    41.796 (  1638      0)    10.371 ( 12264      0)
"a_i:PIO:PIOc_read_darray"                                    -      24576    24576 5.406720e+05   6.915527e+05    29.804 (   880      0)    23.003 ( 16493      0)
"a_i:PIO:read_darray_nc"                                      -      24576    24576 5.406720e+05   3.857674e+04    26.763 (   996      0)     0.000 ( 12825      0)
"a_i:PIO:rearrange_io2comp"                                   -      24576    24576 5.406720e+05   5.730119e+05    29.330 (     2      0)     0.304 ( 10464      0)
"a_i:EAMxx::initialize_atm_procs"                             -      24576    24576 2.457600e+04   1.489285e+06    63.378 ( 16420      0)    51.455 ( 16188      0)
"a_i:EAMxx::SurfaceCouplingImporter::init"                    -      24576    24576 2.457600e+04   3.444431e+02     0.139 ( 16875      0)     0.000 (  2626      0)
"a_i:EAMxx::homme::init"                                      -      24576    24576 2.457600e+04   4.012798e+05    16.836 ( 17258      0)    14.476 (  7068      0)
"a_i:compose_init"                                            -      24576    24576 2.457600e+04   2.251107e+04     1.319 ( 17258      0)     0.134 ( 14652      0)
"a_i:sl_init1"                                                -      24576    24576 2.457600e+04   2.936738e+04     1.809 ( 19199      0)     0.182 (  6826      0)
"a_i:EAMxx::tms::init"                                        -      24576    24576 2.457600e+04   1.116641e+00     0.078 ( 16493      0)     0.000 (  8976      0)
"a_i:EAMxx::shoc::init"                                       -      24576    24576 2.457600e+04   3.121568e+03     1.197 (  9184      0)     0.001 (  9186      0)
"a_i:EAMxx::cld_fraction::init"                               -      24576    24576 2.457600e+04   7.571982e-01     0.011 ( 16524      0)     0.000 (  2473      0)
"a_i:EAMxx::spa::init"                                        -      24576    24576 2.457600e+04   8.272953e+05    45.971 (  4358      0)    33.144 ( 16498      0)
"a_i:EAMxx::p3::init"                                         -      24576    24576 2.457600e+04   2.140795e+04     1.298 ( 16613      0)     0.037 ( 18124      0)
"a_i:EAMxx::rrtmgp::init"                                     -      24576    24576 2.457600e+04   2.348410e+05    12.474 ( 23070      0)     0.051 (  4178      0)
"a_i:EAMxx::SurfaceCouplingExporter::init"                    -      24576    24576 2.457600e+04   2.009196e+02     0.108 ( 16492      0)     0.002 (  4358      0)
"a_i:EAMxx::initialize_output_managers"                       -      24576    24576 2.457600e+04   6.029941e+04     2.499 (  7536      0)     2.003 (    26      0)
"a_i:EAMxx::IO::standard"                                     -      24576    24576 2.457600e+04   5.063026e+04     2.347 ( 10212      0)     1.606 (    70      0)
"a_i:EAMxx::IO::nooutput.yaml"                                -      24576    24576 2.457600e+04   5.063023e+04     2.347 ( 10212      0)     1.606 (    70      0)
"a_i:EAMxx::IO::standard::get_new_file"                       -      24576    24576 2.457600e+04   5.059912e+04     2.332 ( 10212      0)     1.606 (    70      0)
"a_i:PIO:PIOc_createfile"                                     -      24576    24576 2.457600e+04   1.897617e+04     1.031 ( 10792      0)     0.653 ( 24357      0)
"a_i:PIO:write_total"                                         -      24576    24576 8.110080e+05   2.415187e+04     1.588 ( 16008      0)     0.653 ( 24357      0)
"a_i:PIO:spio_put_att_tc"                                     -      24576    24576 7.372800e+05   7.092410e+00     0.031 ( 10248      0)     0.000 ( 23329      0)
"a_i:PIO:spio_put_vars_tc"                                    -      24576    24576 2.457600e+04   5.161916e+03     0.651 (   240      0)     0.000 ( 24041      0)
"a_i:PIO:flush_output_buffer"                                 -       2048     2048 4.096000e+03   7.802730e+01     0.484 (    24      0)     0.003 ( 16524      0)
"a_i:EAMxx::IO::standard::run_output_streams"                 -      24576    24576 2.457600e+04   4.357825e-03     0.000 ( 20206      0)     0.000 ( 20920      0)
"a_i:EAMxx::IO::standard::update_snapshot_tally"              -      24576    24576 2.457600e+04   3.102399e+01     0.015 (  4416      0)     0.000 (  8869      0)
"a_i:PIO:PIOc_sync"                                           -      24576    24576 2.457600e+04   6.720281e+00     0.003 (  7536      0)     0.000 ( 11945      0)
"CPL:comp_init_cc_lnd"                                        -      24576    24576 2.457600e+04   1.007715e+07   410.186 ( 17729      0)   409.484 ( 16498      0)
"l_i:comp_init"                                               -      24576    24576 2.457600e+04   1.007583e+07   410.135 ( 17729      0)   409.441 ( 16498      0)
"l_i:elm_init1"                                               -      24576    24576 2.457600e+04   2.797985e+06   114.331 (  7334      0)   113.588 ( 24002      0)
"l_i:PIO:openfile"                                            -      24576    24576 5.652480e+05   1.303185e+05     7.139 (  3653      0)     3.571 ( 16494      0)
"l_i:PIO:pio_inq_dimid_file_dimid"                            -      24576    24576 1.523712e+06   2.019752e+03     0.173 ( 22336      0)     0.001 (     1      0)
"l_i:PIO:pio_inq_dimlen_file_dimid"                           -      24576    24576 8.847360e+06   2.652227e+02     0.024 (  8184      0)     0.006 ( 14400      0)
"l_i:PIO:pio_inq_dimlen_file_dimid_offlen"                    -      24576    24576 8.847360e+06   2.634447e+02     0.024 (  8184      0)     0.006 ( 14400      0)
"l_i:PIO:pio_inq_varid_file_vdesc"                            -      24576    24576 1.130496e+07   1.213571e+04     5.254 ( 10784      0)     0.013 (     0      0)
"l_i:PIO:pio_inq_varid_file_vid"                              -      24576    24576 1.130496e+07   1.212975e+04     5.254 ( 10784      0)     0.013 (     0      0)
"l_i:PIO:get_var_1d_int"                                      -      24576    24576 1.474560e+05   1.113856e+04     0.589 (  5627      0)     0.304 (     0      0)
"l_i:PIO:spio_get_vars_tc"                                    -      24576    24576 4.890624e+06   1.767448e+05     7.385 (   567      0)     7.032 (     0      0)
"l_i:PIO:closefile"                                           -      24576    24576 4.915200e+05   9.359189e+02     0.982 (     0      0)     0.001 ( 23515      0)
"l_i:PIO:PIOc_closefile"                                      -      24576    24576 4.915200e+05   9.353515e+02     0.982 (     0      0)     0.001 ( 23515      0)
"l_i:PIO:pio_inq_varndims_file_vdesc"                         -      24576    24576 5.431296e+06   8.595425e+02     2.022 (  8188      0)     0.007 ( 13379      0)
"l_i:PIO:pio_inq_varndims_file_vid"                           -      24576    24576 5.431296e+06   8.579375e+02     2.022 (  8188      0)     0.007 ( 13379      0)
"l_i:PIO:pio_inq_vardimid_file_vdesc"                         -      24576    24576 5.431296e+06   7.665949e+02     0.040 (  5281      0)     0.018 ( 13545      0)
"l_i:PIO:pio_inq_vardimid_file_vid"                           -      24576    24576 5.431296e+06   7.653228e+02     0.040 (  5281      0)     0.018 ( 13545      0)
"l_i:PIO:pio_inq_dimname_file_dimid"                          -      24576    24576 1.953792e+07   8.375705e+02     0.043 (  8075      0)     0.019 ( 13536      0)
"l_i:PIO:initdecomp"                                          -      24576    24576 6.389760e+05   5.358806e+05    22.075 (    10      0)    21.402 ( 16524      0)
"l_i:PIO:PIOc_initdecomp"                                     -      24576    24576 6.389760e+05   5.358596e+05    22.074 (    10      0)    21.378 ( 17724      0)
"l_i:PIO:box_rearrange_create"                                -      24576    24576 6.389760e+05   5.164803e+05    21.020 (    37      0)    21.002 ( 17729      0)
"l_i:PIO:pio_swapm"                                           -      24576    24576 7.299072e+06   8.633037e+06   369.352 ( 16009      0)   103.058 (  3636      0)
"l_i:PIO:read_darray_1d_double"                               -      24576    24576 2.015232e+06   2.270550e+06    92.602 ( 17802      0)    90.656 (  4796      0)
"l_i:PIO:PIOc_read_darray"                                    -      24576    24576 5.382144e+06   8.570975e+06   349.461 ( 15636      0)   344.214 (  6652      0)
"l_i:PIO:read_darray_nc"                                      -      24576    24576 5.382144e+06   4.133439e+05   264.391 (  3636      0)     0.000 (  5502      0)
"l_i:PIO:rearrange_io2comp"                                   -      24576    24576 5.382144e+06   8.155602e+06   349.404 ( 16315      0)    84.360 (  3636      0)
"l_i:PIO:pio_inquire_file"                                    -      24576    24576 7.077888e+06   1.523356e+03     0.309 ( 17679      0)     0.005 ( 13242      0)
"l_i:PIO:pio_inq_ndims_file"                                  -      24576    24576 7.077888e+06   1.519800e+03     0.309 ( 17679      0)     0.005 ( 13536      0)
"l_i:PIO:read_darray_1d_int"                                  -      24576    24576 1.720320e+05   3.379084e+05    13.781 ( 18852      0)    13.696 (  8185      0)
"l_i:PIO:read_darray_3d_double"                               -      24576    24576 4.423680e+05   2.928721e+05    12.003 ( 23591      0)    11.305 (  8185      0)
"l_i:PIO:read_darray_3d_int"                                  -      24576    24576 2.457600e+04   8.640765e+03     0.367 ( 23594      0)     0.322 (  4130      0)
"l_i:PIO:read_darray_4d_double"                               -      24576    24576 3.440640e+05   1.261526e+06    51.370 ( 13751      0)    50.811 (  8185      0)
"l_i:PIO:get_var_1d_text"                                     -      24576    24576 4.915200e+04   1.765146e+02     0.011 ( 13743      0)     0.001 ( 16495      0)
"l_i:PIO:get_var_1d_double"                                   -      24576    24576 3.538944e+06   2.095143e+03     0.109 ( 11700      0)     0.044 ( 16534      0)
"l_i:PIO:get_var_0d_double"                                   -      24576    24576 2.457600e+05   2.254698e+02     0.162 ( 18000      0)     0.002 ( 16528      0)
"l_i:PIO:read_darray_2d_double"                               -      24576    24576 2.285568e+06   4.352364e+06   177.518 ( 17811      0)   172.392 ( 11068      0)
"l_i:PIO:read_darray_2d_int"                                  -      24576    24576 9.830400e+04   4.712547e+04     1.943 (  1119      0)     1.871 ( 20260      0)
"l_i:gather_1darray_int_total"                                -      24576    24576 1.228800e+05   4.563758e+04     3.002 (     0      0)     0.921 (  2275      0)
"l_i:scatter_1darray_int_total"                               -      24576    24576 1.228800e+05   7.272086e+04     3.544 (     1      0)     1.788 (     0      0)
"l_i:init_filters"                                            -      24576    24576 2.457600e+04   6.036604e+02     0.079 ( 16531      0)     0.000 ( 17520      0)
"l_i:elm_init2"                                               -      24576    24576 2.457600e+04   7.241269e+06   294.761 ( 16528      0)   294.615 ( 17726      0)
"l_i:init_orbd"                                               -      24576    24576 2.457600e+04   1.549982e+02     0.071 ( 15413      0)     0.000 ( 13142      0)
"l_i:PIO:get_var_0d_int"                                      -      24576    24576 5.160960e+05   1.648937e+05    10.601 ( 12008      0)     6.623 ( 17726      0)
"l_i:PIO:get_var_2d_double"                                   -      24576    24576 2.949120e+05   8.982462e+02     0.117 (  4427      0)     0.009 ( 17792      0)
"l_i:PIO:get_var_3d_double"                                   -      24576    24576 9.830400e+04   9.897379e+01     0.007 ( 17724      0)     0.003 ( 15825      0)
"l_i:init_accflds"                                            -      24576    24576 2.457600e+04   9.743793e+00     0.061 ( 17729      0)     0.000 ( 11267      0)
"l_i:init_dyn_subgrid"                                        -      24576    24576 2.457600e+04   4.554045e+02     0.066 ( 16494      0)     0.001 ( 18852      0)
"l_i:subgridRest_write-read"                                  -      24576    24576 2.457600e+04   1.194085e+06    48.599 ( 16248      0)    48.579 (    18      0)
"l_i:init_map2gc"                                             -      24576    24576 2.457600e+04   6.805300e+00     0.095 ( 16526      0)     0.000 (  6950      0)
"l_i:init_elm_interface_data & pflotran"                      -      24576    24576 2.457600e+04   4.762285e-03     0.000 ( 24434      0)     0.000 (  5616      0)
"l_i:init_wlog"                                               -      24576    24576 2.457600e+04   1.634020e-02     0.010 (     0      0)     0.000 (  8364      0)
"l_i:elm_init3"                                               -      24576    24576 2.457600e+04   3.497793e-02     0.000 ( 18070      0)     0.000 (  7244      0)
"CPL:comp_init_cc_rof"                                        -      24576    24576 2.457600e+04   3.072693e+01     0.010 ( 16488      0)     0.001 ( 18001      0)
"r_i:comp_init"                                               -      24576    24576 2.457600e+04   1.819730e+00     0.008 ( 16488      0)     0.000 (     0      0)
"CPL:comp_init_cc_ocn"                                        -      24576    24576 2.457600e+04   1.248206e+06    50.836 ( 18094      0)    50.670 ( 17726      0)
"o_i:comp_init"                                               -      24576    24576 2.457600e+04   1.247743e+06    50.807 ( 17176      0)    50.610 ( 18010      0)
"o_i:docn_readnml"                                            -      24576    24576 2.457600e+04   3.516952e+04     1.481 ( 21713      0)     1.306 ( 17725      0)
"o_i:DOCN_INIT"                                               -      24576    24576 2.457600e+04   1.211700e+06    49.349 ( 17173      0)    49.184 ( 21711      0)
"o_i:docn_strdata_init"                                       -      24576    24576 2.457600e+04   1.142717e+06    46.678 ( 23320      0)    46.177 ( 12588      0)
"o_i:PIO:initdecomp"                                          -      24576    24576 7.372800e+04   4.760920e+04     1.998 (     1      0)     1.873 (     0      0)
"o_i:PIO:PIOc_initdecomp"                                     -      24576    24576 7.372800e+04   4.760891e+04     1.998 (     1      0)     1.873 (     0      0)
"o_i:PIO:box_rearrange_create"                                -      24576    24576 7.372800e+04   4.600522e+04     1.872 (     5      0)     1.871 ( 17766      0)
"o_i:PIO:pio_swapm"                                           -      24576    24576 2.703360e+05   4.602856e+04     2.095 ( 10072      0)     1.496 (     0      0)
"o_i:docn_initgsmaps"                                         -      24576    24576 2.457600e+04   2.669535e+01     0.002 ( 21917      0)     0.001 (  3465      0)
"o_i:docn_initmctdom"                                         -      24576    24576 2.457600e+04   5.530525e+00     0.028 ( 16495      0)     0.000 ( 20706      0)
"o_i:docn_initmctavs"                                         -      24576    24576 2.457600e+04   4.182160e+00     0.218 ( 17729      0)     0.000 ( 17302      0)
"o_i:DOCN_RUN"                                                -      24576    24576 2.457600e+04   6.894487e+04     3.147 ( 12192      0)     2.530 ( 13059      0)
"o_i:docn_run1"                                               -      24576    24576 2.457600e+04   2.352898e-02     0.000 (  6753      0)     0.000 ( 14951      0)
"o_i:docn"                                                    -      24576    24576 2.457600e+04   6.894480e+04     3.147 ( 12192      0)     2.530 ( 13059      0)
"o_i:docn_strdata_advance"                                    -      24576    24576 2.457600e+04   6.894037e+04     3.147 ( 12192      0)     2.530 ( 13059      0)
"o_i:docn_strd_adv_total"                                     -      24576    24576 2.457600e+04   6.894031e+04     3.147 ( 12192      0)     2.530 ( 13059      0)
"o_i:docn_strd_adv_readLBUB"                                  -      24576    24576 2.457600e+04   6.656818e+04     3.102 (  2976      0)     2.514 (  1670      0)
"o_i:docn_readLBUB_setup"                                     -      24576    24576 2.457600e+04   7.412481e-03     0.000 (   742      0)     0.000 ( 19168      0)
"o_i:docn_readLBUB_fbound"                                    -      24576    24576 2.457600e+04   1.853322e+00     1.850 (     0      0)     0.000 ( 19836      0)
"o_i:docn_readLBUB_bcast"                                     -      24576    24576 2.457600e+04   4.760006e+04     2.247 (  2976      0)     0.000 (     0      0)
"o_i:docn_readLBUB_LB_setup"                                  -      24576    24576 2.457600e+04   4.512949e-03     0.000 (     0      0)     0.000 (  2089      0)
"o_i:docn_readLBUB_LB_readpio"                                -      24576    24576 2.457600e+04   1.620967e+04     0.740 ( 15852      0)     0.625 (     1      0)
"o_i:PIO:openfile"                                            -      24576    24576 2.457600e+04   1.323765e+04     0.597 ( 18084      0)     0.415 ( 13700      0)
"o_i:PIO:pio_inq_varid_file_vdesc"                            -      24576    24576 9.830400e+04   4.238752e+00     0.000 ( 16058      0)     0.000 ( 23598      0)
"o_i:PIO:pio_inq_varid_file_vid"                              -      24576    24576 9.830400e+04   4.197483e+00     0.000 ( 16058      0)     0.000 ( 23598      0)
"o_i:PIO:pio_inq_varndims_file_vdesc"                         -      24576    24576 4.915200e+04   3.298488e+01     0.060 (  3264      0)     0.000 ( 23753      0)
"o_i:PIO:pio_inq_varndims_file_vid"                           -      24576    24576 4.915200e+04   3.295507e+01     0.060 (  3264      0)     0.000 ( 23753      0)
"o_i:PIO:pio_inq_vardimid_file_vdesc"                         -      24576    24576 4.915200e+04   8.665873e+00     0.000 (  1851      0)     0.000 (     0      0)
"o_i:PIO:pio_inq_vardimid_file_vid"                           -      24576    24576 4.915200e+04   8.643099e+00     0.000 (  1851      0)     0.000 (     0      0)
"o_i:PIO:pio_inq_dimlen_file_dimid"                           -      24576    24576 1.474560e+05   5.229637e+00     0.000 (  3841      0)     0.000 (     7      0)
"o_i:PIO:pio_inq_dimlen_file_dimid_offlen"                    -      24576    24576 1.474560e+05   5.186969e+00     0.000 (  3841      0)     0.000 ( 23545      0)
"o_i:PIO:pio_inq_vartype_file_vdesc"                          -      24576    24576 4.915200e+04   4.212610e+00     0.000 ( 16053      0)     0.000 (     6      0)
"o_i:PIO:pio_inq_vartype_file_vid"                            -      24576    24576 4.915200e+04   4.189665e+00     0.000 ( 16053      0)     0.000 (     6      0)
"o_i:PIO:read_darray_1d_real"                                 -      24576    24576 4.915200e+04   4.445729e+03     0.308 (  4515      0)     0.082 (  2504      0)
"o_i:PIO:PIOc_read_darray"                                    -      24576    24576 4.915200e+04   4.445551e+03     0.308 (  4515      0)     0.082 (  2504      0)
"o_i:PIO:read_darray_nc"                                      -      24576    24576 4.915200e+04   3.230371e+02     0.305 (  3192      0)     0.000 ( 17365      0)
"o_i:PIO:rearrange_io2comp"                                   -      24576    24576 4.915200e+04   4.108189e+03     0.307 (  4515      0)     0.002 (  8952      0)
"o_i:docn_readLBUB_UB_setup"                                  -      24576    24576 2.457600e+04   1.523201e-02     0.000 (     0      0)     0.000 ( 19756      0)
"o_i:docn_readLBUB_UB_readpio"                                -      24576    24576 2.457600e+04   2.754147e+03     0.219 (  4473      0)     0.019 (  3632      0)
"o_i:docn_readLBUB_filemgt"                                   -      24576    24576 2.457600e+04   5.123754e-03     0.000 ( 14497      0)     0.000 ( 20577      0)
"o_i:docn_strd_adv_fill"                                      -      24576    24576 2.457600e+04   8.006099e+00     0.002 (  2207      0)     0.000 (  4186      0)
"o_i:docn_strd_adv_map"                                       -      24576    24576 2.457600e+04   2.113701e+03     0.124 (    11      0)     0.000 ( 16253      0)
"o_i:docn_strd_adv_tint"                                      -      24576    24576 2.457600e+04   2.498930e+02     0.039 ( 17733      0)     0.000 ( 14130      0)
"o_i:docn_scatter"                                            -      24576    24576 2.457600e+04   3.492566e+00     0.000 ( 24481      0)     0.000 ( 20722      0)
"o_i:docn_datamode"                                           -      24576    24576 2.457600e+04   4.820295e-01     0.003 ( 17727      0)     0.000 ( 18390      0)
"o_i:docn_run2"                                               -      24576    24576 2.457600e+04   3.747310e-03     0.000 (     0      0)     0.000 (  5652      0)
"CPL:comp_init_cc_ice"                                        -      24576    24576 2.457600e+04   1.956604e+06    79.739 (  9486      0)    79.008 (    23      0)
"i_i:comp_init"                                               -      24576    24576 2.457600e+04   1.951202e+06    79.738 (  9486      0)    78.969 (  4131      0)
"i_i:cice_init"                                               -      24576    24576 2.457600e+04   2.905345e+05    11.863 ( 17720      0)    11.776 ( 18095      0)
"i_i:ice_HaloUpdate2DR8"                                      -      24576    24576 9.830400e+04   4.421253e+02     0.740 (  9479      0)     0.000 (   698      0)
"i_i:ice_HU2DR8_init"                                         -      24576    24576 9.830400e+04   5.366423e-02     0.000 ( 13591      0)     0.000 ( 13737      0)
"i_i:state_bound_h1"                                          -      24576    24576 2.457600e+04   3.330534e+00     0.042 ( 16536      0)     0.000 ( 23917      0)
"i_i:ice_HaloUpdate3DR8"                                      -      24576    24576 1.228800e+05   3.876731e+00     0.042 ( 16536      0)     0.000 ( 11810      0)
"i_i:ice_HU3DR8_init"                                         -      24576    24576 1.228800e+05   3.324096e-01     0.001 ( 16535      0)     0.000 ( 20101      0)
"i_i:ice_HU3DR8_recvall"                                      -      24576    24576 1.228800e+05   1.155278e+00     0.042 ( 16536      0)     0.000 ( 14750      0)
"i_i:state_bound_hm"                                          -      24576    24576 2.457600e+04   1.155349e+01     0.001 ( 11775      0)     0.000 (     3      0)
"i_i:state_bound_hc"                                          -      24576    24576 2.457600e+04   3.809780e-01     0.000 ( 20912      0)     0.000 ( 18858      0)
"i_i:state_bound_h2"                                          -      24576    24576 2.457600e+04   2.814409e+00     0.040 ( 17738      0)     0.000 ( 14400      0)
"i_i:ice_HaloUpdate4DR8"                                      -      24576    24576 2.457600e+04   1.545441e+00     0.040 ( 17722      0)     0.000 (  4442      0)
"i_i:ice_HU4DR8_init"                                         -      24576    24576 2.457600e+04   2.538923e-01     0.000 ( 20526      0)     0.000 (  3099      0)
"i_i:ice_HU4DR8_recvall"                                      -      24576    24576 2.457600e+04   1.199976e-01     0.040 ( 17737      0)     0.000 (  6429      0)
"i_i:state_bound_hd"                                          -      24576    24576 2.457600e+04   2.709657e-01     0.000 (  9291      0)     0.000 (  7521      0)
"i_i:cice_mct_init"                                           -      24576    24576 2.457600e+04   1.660649e+06    67.906 (  9486      0)    67.126 ( 17721      0)
"i_i:PIO:initdecomp"                                          -      24576    24576 7.372800e+04   4.643385e+04     2.161 (     1      0)     1.845 ( 18664      0)
"i_i:PIO:PIOc_initdecomp"                                     -      24576    24576 7.372800e+04   4.643350e+04     2.161 (     2      0)     1.845 ( 18680      0)
"i_i:PIO:box_rearrange_create"                                -      24576    24576 7.372800e+04   4.532798e+04     1.845 (     2      0)     1.844 ( 24555      0)
"i_i:PIO:pio_swapm"                                           -      24576    24576 2.211840e+05   4.063505e+04     1.755 ( 12108      0)     1.450 (  3069      0)
"CPL:comp_init_cc_glc"                                        -      24576    24576 2.457600e+04   2.859251e+01     0.001 (  6108      0)     0.001 ( 24202      0)
"g_i:comp_init"                                               -      24576    24576 2.457600e+04   3.164512e-02     0.000 ( 10963      0)     0.000 ( 20327      0)
"CPL:comp_init_cc_wav"                                        -      24576    24576 2.457600e+04   2.659385e+01     0.017 ( 17727      0)     0.001 ( 23820      0)
"w_i:comp_init"                                               -      24576    24576 2.457600e+04   1.976071e-01     0.016 ( 17733      0)     0.000 ( 16414      0)
"CPL:comp_init_cc_esp"                                        -      24576    24576 2.457600e+04   2.017926e+01     0.001 (  9192      0)     0.000 ( 18594      0)
"e_i:comp_init"                                               -      24576    24576 2.457600e+04   1.517186e-02     0.000 ( 12096      0)     0.000 ( 15648      0)
"CPL:comp_init_cc_iac"                                        -      24576    24576 2.457600e+04   2.718173e+01     0.018 ( 16493      0)     0.001 ( 15196      0)
"z_i:comp_init"                                               -      24576    24576 2.457600e+04   1.090999e-02     0.000 ( 17240      0)     0.000 ( 24211      0)
"CPL:comp_init_cx_all"                                        -      24576    24576 2.457600e+04   2.140954e+04     1.498 (     0      0)     0.756 ( 19004      0)
"CPL:comp_list_all"                                           -      24576    24576 2.457600e+04   9.351874e-02     0.000 ( 19031      0)     0.000 (  7175      0)
"CPL:init_maps"                                               -      24576    24576 2.457600e+04   9.687196e+02     0.121 ( 17728      0)     0.036 (  2023      0)
"CPL:init_aream"                                              -      24576    24576 2.457600e+04   6.988775e+01     0.159 ( 18089      0)     0.000 (  2533      0)
"CPL:init_domain_check"                                       -      24576    24576 2.457600e+04   3.058049e+04     1.250 (  3486      0)     1.091 ( 18084      0)
"CPL:init_areacor"                                            -      24576    24576 2.457600e+04   3.065974e+03     0.125 ( 21540      0)     0.112 ( 17733      0)
"CPL:init_fracs"                                              -      24576    24576 2.457600e+04   5.082061e+01     0.028 (     0      0)     0.001 ( 10960      0)
"CPL:init_aoflux"                                             -      24576    24576 2.457600e+04   4.054456e+00     0.022 ( 17727      0)     0.000 ( 21488      0)
"CPL:init_atminit"                                            -      24576    24576 1.474560e+05   7.586219e+01     0.110 ( 22496      0)     0.002 ( 10614      0)
"CPL:comp_init_cc_atm2"                                       -      24576    24576 2.457600e+04   1.880942e+03     0.111 ( 18620      0)     0.002 ( 13449      0)
"CPL:init_readrestart"                                        -      24576    24576 2.457600e+04   3.524249e+00     0.028 ( 16527      0)     0.000 ( 17726      0)
"CPL:cime_run_init"                                           -      24576    24576 2.457600e+04   9.026090e+00     0.153 (     0      0)     0.000 ( 15293      0)
"CPL:INIT_sync1_tprf"                                         -      24576    24576 2.457600e+04   2.543328e+03     0.153 (     1      0)     0.000 (     0      0)
"CPL:INIT_t_prf"                                              -      24576    24576 2.457600e+04   6.827898e+02     0.156 (     0      0)     0.000 ( 21043      0)
"CPL:INIT_sync2_tprf"                                         -      24576    24576 2.457600e+04   3.143244e+03     0.156 ( 21043      0)     0.000 (     0      0)
"CPL:RUN_LOOP_BSTART"                                         -      24576    24576 2.457600e+04   1.232169e+00     0.000 ( 19504      0)     0.000 ( 19564      0)
"CPL:RUN_LOOP"                                                -      24576    24576 1.061683e+07   6.753289e+06   274.807 ( 22536      0)   274.769 ( 18120      0)
"CPL:CLOCK_ADVANCE"                                           -      24576    24576 1.061683e+07   1.157141e+03     0.055 (  6158      0)     0.044 ( 14246      0)
"CPL:RUN"                                                     -      24576    24576 1.273774e+08   5.430417e+04     3.178 ( 15085      0)     1.322 ( 14939      0)
"CPL:OCNPRE1"                                                 -      24576    24576 1.061683e+07   4.893179e+03     0.221 (  5264      0)     0.183 ( 13075      0)
"CPL:ocnpre1_atm2ocn"                                         -      24576    24576 1.061683e+07   4.882392e+03     0.220 (  5264      0)     0.182 ( 13075      0)
"CPL:LNDPREP"                                                 -      24576    24576 1.061683e+07   2.029339e+03     0.171 ( 23618      0)     0.062 ( 20788      0)
"CPL:lndprep_atm2lnd"                                         -      24576    24576 1.061683e+07   1.759623e+03     0.159 ( 23618      0)     0.056 ( 13092      0)
"CPL:lndprep_mrgx2l"                                          -      24576    24576 1.061683e+07   2.471595e+02     0.015 ( 10121      0)     0.002 ( 10726      0)
"CPL:COMM"                                                    -      24576    24576 7.429325e+07   2.498484e+05    16.188 ( 17030      0)     5.994 (  1696      0)
"CPL:C2L"                                                     -      24576    24576 1.061683e+07   9.327003e+03     0.460 ( 15607      0)     0.222 (     0      0)
"CPL:c2l_lndx2lndl"                                           -      24576    24576 1.061683e+07   4.986265e+03     0.266 ( 14152      0)     0.123 ( 17030      0)
"CPL:c2l_infoexch"                                            -      24576    24576 1.061683e+07   4.322285e+03     0.297 ( 16563      0)     0.014 (    10      0)
"CPL:ICEPREP"                                                 -      24576    24576 1.061683e+07   1.821705e+03     0.089 ( 16494      0)     0.071 (  6910      0)
"CPL:iceprep_ocn2ice"                                         -      24576    24576 1.061683e+07   3.995175e+02     0.020 (  7552      0)     0.014 (  9643      0)
"CPL:iceprep_atm2ice"                                         -      24576    24576 1.061683e+07   5.493691e+02     0.028 (  7551      0)     0.021 ( 24510      0)
"CPL:iceprep_mrgx2i"                                          -      24576    24576 1.061683e+07   8.224227e+02     0.039 (  1202      0)     0.032 ( 23586      0)
"CPL:C2I"                                                     -      24576    24576 1.061683e+07   2.068541e+03     0.098 ( 15128      0)     0.054 (    10      0)
"CPL:c2i_icex2icei"                                           -      24576    24576 1.061683e+07   5.990970e+02     0.032 (  7549      0)     0.023 ( 13208      0)
"CPL:ice_infoexch"                                            -      24576    24576 1.061683e+07   1.456865e+03     0.074 ( 15128      0)     0.029 (     5      0)
"CPL:ICE_RUN"                                                 -      24576    24576 1.061683e+07   8.762461e+04     4.503 ( 19699      0)     3.353 ( 23714      0)
"i:cice_run_total"                                            -      24576    24576 1.061683e+07   8.339027e+04     4.336 ( 19697      0)     3.204 (  8097      0)
"i:cice_run_import"                                           -      24576    24576 1.061683e+07   2.326399e+03     0.120 (  5727      0)     0.088 ( 12155      0)
"i:cice_imp_ocn"                                              -      24576    24576 1.061683e+07   2.577340e+02     0.020 (  5727      0)     0.009 ( 12785      0)
"i:cice_imp_atm"                                              -      24576    24576 1.061683e+07   2.431023e+02     0.024 (  5727      0)     0.009 ( 15876      0)
"i:cice_run_initmd"                                           -      24576    24576 1.061683e+07   2.709278e+04     1.291 (    10      0)     1.037 ( 15746      0)
"i:cice_run_presc"                                            -      24576    24576 1.061683e+07   3.574404e+04     1.509 (  4476      0)     1.242 ( 13295      0)
"i:cice_pice_strd_adv_total"                                  -      24576    24576 1.061683e+07   3.329108e+04     1.405 (  4476      0)     1.149 ( 13295      0)
"i:cice_pice_strd_adv_readLBUB"                               -      24576    24576 1.061683e+07   2.942556e+04     1.325 (  2928      0)     1.115 (    11      0)
"i:cice_pice_readLBUB_setup"                                  -      24576    24576 1.061683e+07   3.382371e+00     0.000 ( 18222      0)     0.000 (  2709      0)
"i:cice_pice_readLBUB_fbound"                                 -      24576    24576 4.915200e+04   2.985878e-01     0.292 (     0      0)     0.000 (  4331      0)
"i:cice_pice_readLBUB_bcast"                                  -      24576    24576 4.915200e+04   7.174806e+03     0.292 ( 24345      0)     0.000 (     0      0)
"i:cice_pice_readLBUB_LB_setup"                               -      24576    24576 2.457600e+04   7.447265e-03     0.000 (     0      0)     0.000 (  5801      0)
"i:cice_pice_readLBUB_LB_readpio"                             -      24576    24576 2.457600e+04   7.957373e+03     0.387 (  4272      0)     0.293 (     1      0)
"i:PIO:openfile"                                              -      24576    24576 2.457600e+04   2.085176e+03     0.222 ( 17784      0)     0.084 (     0      0)
"i:PIO:pio_inq_varid_file_vdesc"                              -      24576    24576 1.474560e+05   5.704188e+01     0.147 ( 17520      0)     0.000 (     0      0)
"i:PIO:pio_inq_varid_file_vid"                                -      24576    24576 1.474560e+05   5.697717e+01     0.147 ( 17520      0)     0.000 (     0      0)
"i:PIO:pio_inq_varndims_file_vdesc"                           -      24576    24576 7.372800e+04   6.570402e+00     0.008 (   132      0)     0.000 (     7      0)
"i:PIO:pio_inq_varndims_file_vid"                             -      24576    24576 7.372800e+04   6.530792e+00     0.008 (   132      0)     0.000 (     0      0)
"i:PIO:pio_inq_vardimid_file_vdesc"                           -      24576    24576 7.372800e+04   1.415671e+01     0.001 (  6986      0)     0.000 (     3      0)
"i:PIO:pio_inq_vardimid_file_vid"                             -      24576    24576 7.372800e+04   1.412284e+01     0.001 (  6986      0)     0.000 (     1      0)
"i:PIO:pio_inq_dimlen_file_dimid"                             -      24576    24576 2.211840e+05   8.739678e+00     0.001 (  8486      0)     0.000 (     4      0)
"i:PIO:pio_inq_dimlen_file_dimid_offlen"                      -      24576    24576 2.211840e+05   8.672255e+00     0.001 (  8486      0)     0.000 (    10      0)
"i:PIO:pio_inq_vartype_file_vdesc"                            -      24576    24576 7.372800e+04   7.136925e+00     0.000 ( 15926      0)     0.000 (     6      0)
"i:PIO:pio_inq_vartype_file_vid"                              -      24576    24576 7.372800e+04   7.102054e+00     0.000 ( 15926      0)     0.000 (     0      0)
"i:PIO:read_darray_1d_real"                                   -      24576    24576 7.372800e+04   1.849665e+04     0.911 (  3084      0)     0.536 ( 17784      0)
"i:PIO:PIOc_read_darray"                                      -      24576    24576 7.372800e+04   1.849641e+04     0.911 (  3084      0)     0.536 ( 17784      0)
"i:PIO:read_darray_nc"                                        -      24576    24576 7.372800e+04   1.465003e+03     0.858 (  7788      0)     0.000 (  7333      0)
"i:PIO:rearrange_io2comp"                                     -      24576    24576 7.372800e+04   1.701578e+04     0.861 (  4621      0)     0.001 (     0      0)
"i:PIO:pio_swapm"                                             -      24576    24576 7.372800e+04   1.700988e+04     0.861 (  4621      0)     0.001 (     0      0)
"i:cice_pice_readLBUB_UB_setup"                               -      24576    24576 4.915200e+04   2.153143e-02     0.000 (     0      0)     0.000 ( 24406      0)
"i:cice_pice_readLBUB_UB_readpio"                             -      24576    24576 4.915200e+04   1.425733e+04     0.710 (  2928      0)     0.481 (   428      0)
"i:cice_pice_readLBUB_filemgt"                                -      24576    24576 1.061683e+07   2.444346e+00     0.000 ( 22569      0)     0.000 (   825      0)
"i:cice_pice_strd_adv_map"                                    -      24576    24576 4.915200e+04   3.699548e+03     0.276 (     7      0)     0.001 ( 15805      0)
"i:cice_pice_strd_adv_tint"                                   -      24576    24576 1.061683e+07   1.200831e+02     0.006 ( 20172      0)     0.004 ( 13204      0)
"i:cice_run_initflux"                                         -      24576    24576 1.061683e+07   1.169564e+02     0.005 ( 10159      0)     0.004 ( 13208      0)
"i:cice_run_prepradiation"                                    -      24576    24576 1.061683e+07   8.423818e+01     0.007 ( 17478      0)     0.003 ( 16889      0)
"i:cice_run_therm1"                                           -      24576    24576 1.061683e+07   3.044180e+03     0.560 ( 17733      0)     0.101 (  3556      0)
"i:cice_run_dyn"                                              -      24576    24576 1.061683e+07   8.327842e-01     0.000 (  7428      0)     0.000 ( 20856      0)
"i:cice_run_radiation"                                        -      24576    24576 1.061683e+07   2.099327e+03     0.828 ( 19702      0)     0.051 ( 22457      0)
"i:cice_step_radiationib"                                     -      24576    24576 1.061683e+07   1.858412e+03     0.820 ( 19702      0)     0.043 ( 22457      0)
"i:cice_step_rib_swdedd1"                                     -      24576    24576 1.061683e+07   2.142835e+02     0.014 ( 10035      0)     0.003 (  2706      0)
"i:cice_step_rib_swdedd2"                                     -      24576    24576 1.061683e+07   1.389834e+02     0.008 ( 19566      0)     0.005 ( 22743      0)
"i:cice_step_rib_swdedd7"                                     -      24576    24576 1.061683e+07   1.374597e+03     0.796 ( 19702      0)     0.025 ( 22457      0)
"i:cice_run_couplingprep"                                     -      24576    24576 1.061683e+07   3.006792e+03     1.116 ( 19699      0)     0.050 ( 19081      0)
"i:ice_HaloUpdate2DR8"                                        -      24576    24576 1.061683e+07   1.836524e+03     1.067 ( 19699      0)     0.005 (  2540      0)
"i:ice_HU2DR8_init"                                           -      24576    24576 1.061683e+07   7.455624e+00     0.001 ( 15952      0)     0.000 ( 12648      0)
"i:cice_run_diag"                                             -      24576    24576 1.061683e+07   7.392179e+03     0.420 (  8097      0)     0.234 ( 19690      0)
"i:cice_run_hist"                                             -      24576    24576 1.061683e+07   1.462783e+03     0.068 ( 11472      0)     0.043 ( 18694      0)
"i:cice_run_accum"                                            -      24576    24576 1.061683e+07   6.729408e+01     0.004 ( 13349      0)     0.002 ( 19735      0)
"i:cice_run_export"                                           -      24576    24576 1.061683e+07   7.689268e+02     0.038 (  3984      0)     0.028 ( 19736      0)
"CPL:LND_RUN"                                                 -      24576    24576 1.061683e+07   4.194676e+05    19.877 (  3740      0)    14.462 ( 24208      0)
"l:lc_lnd_import"                                             -      24576    24576 1.061683e+07   6.938749e+02     0.034 (   867      0)     0.024 ( 19735      0)
"l:elm_run"                                                   -      24576    24576 1.064141e+07   4.173447e+05    19.793 (  3740      0)    14.375 ( 24208      0)
"l:shr_orb_decl"                                              -      24576    24576 1.064141e+07   1.062529e+01     0.001 (  2516      0)     0.000 ( 19806      0)
"l:decomp_vert"                                               -      24576    24576 1.064141e+07   6.820903e+01     0.005 (   747      0)     0.001 ( 22919      0)
"l:beggridwbal"                                               -      24576    24576 1.064141e+07   1.833816e+03     0.168 ( 16496      0)     0.059 ( 23003      0)
"l:cnpinit"                                                   -      24576    24576 1.064141e+07   8.378205e+00     0.001 ( 17963      0)     0.000 ( 23200      0)
"l:cnpvegsumm"                                                -      24576    24576 1.064141e+07   1.453536e+00     0.000 ( 23834      0)     0.000 ( 18232      0)
"l:dyn_subgrid"                                               -      24576    24576 1.064141e+07   1.127584e+04     0.675 ( 16524      0)     0.377 ( 18610      0)
"l:begwbal"                                                   -      24576    24576 1.064141e+07   1.934223e+02     0.035 ( 16524      0)     0.005 ( 19870      0)
"l:begcnpbal"                                                 -      24576    24576 1.064141e+07   9.066801e-01     0.000 (  1017      0)     0.000 (  6490      0)
"l:drvinit"                                                   -      24576    24576 1.064141e+07   1.168442e+03     0.056 (  9780      0)     0.040 ( 18610      0)
"l:canhydro"                                                  -      24576    24576 1.064141e+07   2.167924e+03     0.323 (  3858      0)     0.054 ( 17789      0)
"l:surfrad"                                                   -      24576    24576 1.064141e+07   3.703965e+03     0.178 ( 20008      0)     0.127 ( 19064      0)
"l:bgp1"                                                      -      24576    24576 1.064141e+07   2.159179e+03     0.135 ( 24300      0)     0.061 ( 18136      0)
"l:bgflux"                                                    -      24576    24576 1.064141e+07   2.767239e+03     0.172 ( 14284      0)     0.067 ( 19489      0)
"l:canflux"                                                   -      24576    24576 1.064141e+07   1.032723e+05     6.378 (  1697      0)     2.455 ( 12404      0)
"l:can_iter"                                                  -      24576    24576 1.064141e+07   8.406811e+04     5.468 ( 20138      0)     1.844 ( 12404      0)
"l:uflux"                                                     -      24576    24576 1.064141e+07   5.199843e+03     0.359 ( 10517      0)     0.013 ( 17477      0)
"l:bgplake"                                                   -      24576    24576 1.064141e+07   8.297575e+03     0.594 ( 15866      0)     0.195 ( 13236      0)
"l:bgc"                                                       -      24576    24576 1.064141e+07   6.154478e+03     0.420 ( 15660      0)     0.174 ( 12402      0)
"l:soiltemperature"                                           -      24576    24576 1.064141e+07   6.234367e+04     3.142 ( 21260      0)     2.111 ( 18610      0)
"l:SoilThermProp"                                             -      24576    24576 1.064141e+07   3.328043e+03     0.213 (  3076      0)     0.088 ( 16085      0)
"l:SoilTempBandDiag"                                          -      24576    24576 2.128282e+07   6.391736e+03     0.489 ( 19657      0)     0.175 (   515      0)
"l:PhaseChangeH2osfc"                                         -      24576    24576 1.064141e+07   4.031080e+01     0.003 (  1129      0)     0.001 ( 19682      0)
"l:PhaseChangebeta"                                           -      24576    24576 1.064141e+07   1.282393e+03     0.091 (  3288      0)     0.026 ( 19683      0)
"l:bgp2"                                                      -      24576    24576 1.064141e+07   2.572747e+03     0.144 ( 24300      0)     0.077 ( 13250      0)
"l:bgp2_loop_1"                                               -      24576    24576 1.064141e+07   4.190404e+02     0.024 ( 24300      0)     0.013 ( 18441      0)
"l:bgp2_loop_2"                                               -      24576    24576 1.064141e+07   7.318807e+02     0.040 (  3288      0)     0.023 ( 11542      0)
"l:bgp2_loop_3"                                               -      24576    24576 1.064141e+07   1.099793e+03     0.064 ( 24300      0)     0.029 ( 24208      0)
"l:bgp2_loop_4"                                               -      24576    24576 1.064141e+07   2.795687e+02     0.015 ( 24300      0)     0.009 ( 11542      0)
"l:patch2col"                                                 -      24576    24576 1.064141e+07   1.415610e+03     0.081 (  3076      0)     0.043 ( 16085      0)
"l:hydro without drainage"                                    -      24576    24576 1.064141e+07   1.922823e+04     1.133 ( 24300      0)     0.594 ( 13766      0)
"l:hylake"                                                    -      24576    24576 1.064141e+07   1.987145e+03     0.199 (   752      0)     0.059 ( 11542      0)
"l:snow_init"                                                 -      24576    24576 1.064141e+07   1.517519e+02     0.017 (  4741      0)     0.003 (  1232      0)
"l:ecosysdyn"                                                 -      24576    24576 1.064141e+07   4.999345e+02     0.026 ( 24300      0)     0.016 ( 13771      0)
"l:depvel"                                                    -      24576    24576 2.128282e+07   8.313862e+00     0.001 ( 14256      0)     0.000 ( 11435      0)
"l:hydro2 drainage"                                           -      24576    24576 1.064141e+07   1.471204e+03     0.095 ( 24300      0)     0.040 ( 16734      0)
"l:balchk"                                                    -      24576    24576 1.064141e+07   1.868874e+03     0.087 (  3743      0)     0.065 (  8533      0)
"l:gridbalchk"                                                -      24576    24576 1.064141e+07   1.027250e+03     0.048 (  3760      0)     0.035 (  8533      0)
"l:lnd2atm"                                                   -      24576    24576 1.064141e+07   7.975492e+03     0.435 ( 10737      0)     0.283 ( 13244      0)
"l:wrtdiag"                                                   -      24576    24576 1.064141e+07   1.019777e+02     0.017 (     0      0)     0.003 (  7279      0)
"l:hbuf"                                                      -      24576    24576 1.064141e+07   3.045117e+04     1.437 ( 24149      0)     1.091 ( 23810      0)
"l:elm_drv_io"                                                -      24576    24576 1.064141e+07   3.508078e+01     0.005 ( 16526      0)     0.001 ( 19438      0)
"l:elm_drv_io_htapes"                                         -      24576    24576 1.064141e+07   2.701333e+01     0.005 ( 16526      0)     0.001 ( 12569      0)
"l:lc_lnd_export"                                             -      24576    24576 1.064141e+07   2.811491e+02     0.014 ( 23035      0)     0.011 (  1126      0)
"l:lc_elm2_adv_timestep"                                      -      24576    24576 1.064141e+07   7.000400e+00     0.001 (  5973      0)     0.000 ( 10932      0)
"l:accum"                                                     -      24576    24576 1.061683e+07   5.729372e+03     0.260 (  7549      0)     0.216 (   197      0)
"CPL:ATMOCNP"                                                 -      24576    24576 1.061683e+07   4.954393e+03     0.337 ( 17727      0)     0.039 ( 22672      0)
"CPL:atmocnp_fluxo"                                           -      24576    24576 1.061683e+07   4.290847e+03     0.308 ( 17727      0)     0.015 ( 18174      0)
"CPL:atmocnp_ocnalb"                                          -      24576    24576 1.061683e+07   6.387939e+02     0.043 (  7557      0)     0.017 ( 22685      0)
"CPL:L2C"                                                     -      24576    24576 1.061683e+07   2.783642e+04     2.518 (     1      0)     0.433 (  6081      0)
"CPL:l2c_lndl2lndx"                                           -      24576    24576 1.061683e+07   2.779527e+04     2.516 (     1      0)     0.431 (  6081      0)
"lnd2cpl_run"                                                 -      24576    24576 1.061683e+07   2.554876e+01     0.001 (  2888      0)     0.001 ( 22951      0)
"CPL:LNDPOST"                                                 -      24576    24576 1.061683e+07   7.596849e+00     0.000 ( 11613      0)     0.000 ( 24564      0)
"CPL:I2C"                                                     -      24576    24576 1.061683e+07   6.350724e+02     0.031 (  7548      0)     0.024 ( 20611      0)
"CPL:i2c_icei2icex"                                           -      24576    24576 1.061683e+07   6.078150e+02     0.030 (  7549      0)     0.023 (  7546      0)
"CPL:i2c_infoexch"                                            -      24576    24576 1.061683e+07   1.188240e+01     0.001 (  9026      0)     0.000 ( 22891      0)
"CPL:ICEPOST"                                                 -      24576    24576 1.061683e+07   8.525529e-01     0.000 ( 13425      0)     0.000 (  6495      0)
"CPL:FRACSET"                                                 -      24576    24576 1.061683e+07   1.601058e+03     0.067 ( 18163      0)     0.063 (  7960      0)
"CPL:fracset_fracset"                                         -      24576    24576 1.061683e+07   1.597202e+03     0.067 ( 18163      0)     0.063 ( 18298      0)
"CPL:ATMPREP"                                                 -      24576    24576 1.061683e+07   3.887715e+04     2.544 ( 15085      0)     0.674 ( 10729      0)
"CPL:atmprep_xao2atm"                                         -      24576    24576 1.061683e+07   3.402136e+03     0.151 (  1200      0)     0.134 ( 19762      0)
"CPL:atmprep_ocn2atm"                                         -      24576    24576 1.061683e+07   2.944385e+03     0.130 (  7551      0)     0.117 ( 13808      0)
"CPL:atmprep_alb2atm"                                         -      24576    24576 1.061683e+07   1.355392e+03     0.061 ( 17864      0)     0.050 (  2435      0)
"CPL:atmprep_ice2atm"                                         -      24576    24576 1.061683e+07   3.349089e+03     0.149 (  1202      0)     0.132 (  7201      0)
"CPL:atmprep_lnd2atm"                                         -      24576    24576 1.061683e+07   2.616048e+04     2.025 ( 15085      0)     0.158 ( 10725      0)
"CPL:atmprep_mrgx2a"                                          -      24576    24576 1.061683e+07   1.615838e+03     0.078 ( 22629      0)     0.058 (  5713      0)
"CPL:C2A"                                                     -      24576    24576 1.061683e+07   5.477623e+04     3.434 (  6081      0)     1.683 (  7502      0)
"CPL:c2a_atmx2atmg"                                           -      24576    24576 1.061683e+07   3.068586e+04     2.399 ( 10928      0)     0.518 ( 15501      0)
"CPL:c2a_infoexch"                                            -      24576    24576 1.061683e+07   2.407643e+04     1.621 ( 16581      0)     0.373 (  7751      0)
"CPL:ATM_RUN"                                                 -      24576    24576 1.061683e+07   5.802979e+06   239.924 (  5795      0)   231.514 ( 12681      0)
"a:EAMxx::run"                                                -      24576    24576 1.061683e+07   5.800842e+06   239.839 (  5795      0)   231.428 ( 12681      0)
"a:EAMxx::EAMxx::run"                                         -      24576    24576 1.061683e+07   5.798880e+06   239.762 (  5795      0)   231.349 ( 12681      0)
"a:EAMxx::EAMxx::run-precondition-checks"                     -      24576    24576 1.061683e+07   3.825765e+00     0.000 ( 19819      0)     0.000 ( 19670      0)
"a:EAMxx::SurfaceCouplingImporter::run"                       -      24576    24576 1.061683e+07   2.304837e+04     1.279 ( 19037      0)     0.414 (   410      0)
"a:EAMxx::SurfaceCouplingImporter::run-precondition-checks"   -      24576    24576 1.061683e+07   1.863975e+00     0.000 (  1497      0)     0.000 ( 22581      0)
"a:EAMxx::SurfaceCouplingImporter::run-postcondition-checks"  -      24576    24576 1.061683e+07   2.203836e+04     1.238 ( 19037      0)     0.374 (   410      0)
"a:EAMxx::homme::run"                                         -      24576    24576 1.061683e+07   5.236556e+06   215.255 ( 17725      0)   212.515 ( 23647      0)
"a:EAMxx::homme::run-precondition-checks"                     -      24576    24576 1.061683e+07   1.827574e+00     0.000 (  3522      0)     0.000 ( 22560      0)
"a:tl-sc prim_run_subcycle_c"                                 -      24576    24576 2.123366e+07   5.068082e+06   207.158 (  1133      0)   203.766 ( 17734      0)
"a:tl-s prim_step_flexible"                                   -      24576    24576 2.123366e+07   5.067978e+06   207.154 (  1133      0)   203.714 ( 17734      0)
"a:ApplyCAMForcing_tracers"                                   -      24576    24576 1.061683e+07   4.208883e+04     4.571 ( 17725      0)     0.248 ( 18552      0)
"a:tl-s deep_copy+derived_dp"                                 -      24576    24576 2.123366e+07   1.996550e+03     0.460 ( 23260      0)     0.041 ( 13367      0)
"a:ApplyCAMForcing_dynamics"                                  -      24576    24576 6.370099e+07   9.438634e+03     1.119 (  1542      0)     0.272 ( 17498      0)
"a:tl-ae prim_advance_exp"                                    -      24576    24576 1.274020e+08   4.038083e+06   170.319 ( 18398      0)   158.972 ( 17727      0)
"a:ttype9_imex_timestep"                                      -      24576    24576 1.274020e+08   3.380316e+06   145.923 ( 15071      0)   133.161 ( 18880      0)
"a:caar compute"                                              -      24576    24576 1.274020e+09   8.602907e+05    37.027 ( 16499      0)    33.623 (  3238      0)
"a:caar_bexchV"                                               -      24576    24576 6.370099e+08   8.044874e+05    40.956 ( 20469      0)    27.544 ( 11368      0)
"a:caar limiter"                                              -      24576    24576 7.644119e+08   4.341319e+05    21.188 ( 11842      0)    15.326 (  7582      0)
"a:compute_stage_value_dirk"                                  -      24576    24576 6.370099e+08   1.264784e+06    59.748 ( 17627      0)    49.570 (  6636      0)
"a:tl-ae advance_hypervis_dp"                                 -      24576    24576 1.274020e+08   6.533121e+05    32.535 ( 17494      0)    20.208 (  6815      0)
"a:hvf-bhwk"                                                  -      24576    24576 1.274020e+08   3.685538e+05    18.865 (  3225      0)    10.932 ( 20601      0)
"a:hvf-bexch"                                                 -      24576    24576 3.822060e+08   3.414859e+05    21.125 (  3241      0)     8.920 (  3935      0)
"a:tl-sc vertical_remap"                                      -      24576    24576 6.370099e+07   2.200162e+05    10.408 (  9719      0)     7.587 ( 11046      0)
"a:Remap Thickness Functor"                                   -      24576    24576 6.370099e+07   7.698854e+03     0.595 ( 16307      0)     0.267 ( 18524      0)
"a:Remap Scale States Functor"                                -      24576    24576 6.370099e+07   3.526649e+03     0.256 ( 22811      0)     0.126 ( 24320      0)
"a:Remap Compute Grids Functor"                               -      24576    24576 6.370099e+07   1.546694e+04     0.910 (  8647      0)     0.580 ( 19952      0)
"a:Remap Compute Remap Functor"                               -      24576    24576 6.370099e+07   1.385126e+05     6.489 (  9719      0)     4.782 ( 13798      0)
"a:Remap Rescale States Functor"                              -      24576    24576 6.370099e+07   5.934896e+03     0.440 (  5808      0)     0.191 ( 18346      0)
"a:tl-at prim_advec_tracers_compose"                          -      24576    24576 2.123366e+07   7.275212e+05    32.023 (  8993      0)    23.923 ( 18333      0)
"a:compose_transport"                                         -      24576    24576 2.123366e+07   7.272466e+05    32.012 (  8993      0)    23.912 ( 18333      0)
"a:compose_calc_trajectory"                                   -      24576    24576 2.123366e+07   7.192451e+04     4.086 ( 15038      0)     2.247 (   669      0)
"a:compose_3d_levels"                                         -      24576    24576 2.123366e+07   4.136399e+04     2.544 ( 10864      0)     1.029 (  6395      0)
"a:compose_v_bexchv"                                          -      24576    24576 2.123366e+07   2.792277e+04     2.472 (  6384      0)     0.625 (  6141      0)
"a:compose_v2x"                                               -      24576    24576 2.123366e+07   2.549342e+03     0.612 ( 19925      0)     0.063 (   904      0)
"a:compose_isl"                                               -      24576    24576 2.123366e+07   2.060530e+05    11.843 ( 16301      0)     6.068 (  1937      0)
"a:compose_hypervis_scalar"                                   -      24576    24576 2.123366e+07   1.823881e+05    11.001 ( 11504      0)     5.025 ( 11813      0)
"a:compose_cedr_global"                                       -      24576    24576 2.123366e+07   2.340461e+05    12.512 (  7047      0)     4.963 ( 17557      0)
"a:repro_sum_int"                                             -      24576    24576 2.123366e+07   2.095877e+05    11.441 (  7124      0)     4.097 ( 17557      0)
"a:compose_cedr_local"                                        -      24576    24576 2.123366e+07   1.138208e+04     0.638 ( 18948      0)     0.299 (  6986      0)
"a:compose_dss_q"                                             -      24576    24576 2.123366e+07   2.129557e+04     1.156 ( 15601      0)     0.671 ( 18211      0)
"a:compose_vertical_remap"                                    -      24576    24576 2.123366e+07   2.790893e+04     1.320 ( 14191      0)     1.007 (  1951      0)
"a:EAMxx::homme::run-postcondition-checks"                    -      24576    24576 1.061683e+07   1.460674e+04     2.668 ( 17727      0)     0.383 ( 10198      0)
"a:EAMxx::physics::run"                                       -      24576    24576 1.061683e+07   5.291506e+05    25.248 (  5800      0)    16.815 ( 12681      0)
"a:EAMxx::physics::run-precondition-checks"                   -      24576    24576 1.061683e+07   3.077087e+00     0.000 ( 21672      0)     0.000 ( 22566      0)
"a:EAMxx::mac_aero_mic::run"                                  -      24576    24576 1.061683e+07   3.608648e+05    17.056 ( 19171      0)    10.307 ( 15476      0)
"a:EAMxx::mac_aero_mic::run-precondition-checks"              -      24576    24576 1.061683e+07   1.819236e+00     0.000 ( 18114      0)     0.000 ( 19563      0)
"a:EAMxx::tms::run"                                           -      24576    24576 1.061683e+07   1.227212e+04     1.730 ( 16493      0)     0.046 (  6824      0)
"a:EAMxx::tms::run-precondition-checks"                       -      24576    24576 1.061683e+07   1.618661e+00     0.000 ( 23800      0)     0.000 ( 22983      0)
"a:EAMxx::tms::run-postcondition-checks"                      -      24576    24576 1.061683e+07   8.043007e+02     0.041 ( 21445      0)     0.027 ( 10428      0)
"a:EAMxx::shoc::run"                                          -      24576    24576 1.061683e+07   1.468329e+05     8.820 ( 17725      0)     3.216 (  6130      0)
"a:EAMxx::shoc::run-precondition-checks"                      -      24576    24576 1.061683e+07   1.678429e+00     0.000 ( 21975      0)     0.000 ( 22526      0)
"a:EAMxx::shoc::run-postcondition-checks"                     -      24576    24576 1.061683e+07   2.284737e+04     1.003 (  6297      0)     0.888 ( 13294      0)
"a:EAMxx::cld_fraction::run"                                  -      24576    24576 1.061683e+07   4.271674e+03     0.757 ( 16525      0)     0.138 ( 11170      0)
"a:EAMxx::cld_fraction::run-precondition-checks"              -      24576    24576 1.061683e+07   3.524678e+00     0.000 ( 20260      0)     0.000 ( 24000      0)
"a:EAMxx::cld_fraction::run-postcondition-checks"             -      24576    24576 1.061683e+07   3.066833e+03     0.133 ( 21129      0)     0.120 ( 18654      0)
"a:EAMxx::spa::run"                                           -      24576    24576 1.061683e+07   2.986979e+04     2.667 ( 15395      0)     0.772 (  1486      0)
"a:EAMxx::spa::run-precondition-checks"                       -      24576    24576 1.061683e+07   2.372108e+00     0.000 (  7698      0)     0.000 ( 11854      0)
"a:EAMxx::spa::run-postcondition-checks"                      -      24576    24576 1.061683e+07   1.159816e+04     0.710 ( 14279      0)     0.414 ( 15104      0)
"a:EAMxx::p3::run"                                            -      24576    24576 1.061683e+07   1.671910e+05     9.938 ( 10193      0)     3.115 ( 17724      0)
"a:EAMxx::p3::run-precondition-checks"                        -      24576    24576 1.061683e+07   2.377047e+03     0.314 ( 11182      0)     0.039 ( 23008      0)
"a:EAMxx::p3::run-postcondition-checks"                       -      24576    24576 1.061683e+07   2.030828e+04     0.982 ( 14225      0)     0.783 ( 19712      0)
"a:EAMxx::mac_aero_mic::run-postcondition-checks"             -      24576    24576 1.061683e+07   3.404278e+00     0.000 (  3591      0)     0.000 ( 13384      0)
"a:EAMxx::rrtmgp::run"                                        -      24576    24576 1.061683e+07   1.678680e+05    10.898 (  4675      0)     4.438 ( 11183      0)
"a:EAMxx::rrtmgp::run-precondition-checks"                    -      24576    24576 1.061683e+07   5.667668e+02     0.027 (  6608      0)     0.019 ( 13292      0)
"a:EAMxx::rrtmgp::run-postcondition-checks"                   -      24576    24576 1.061683e+07   1.734223e+04     0.861 ( 17749      0)     0.592 ( 14432      0)
"a:EAMxx::physics::run-postcondition-checks"                  -      24576    24576 1.061683e+07   2.169390e+00     0.000 ( 16450      0)     0.000 ( 16470      0)
"a:EAMxx::SurfaceCouplingExporter::run"                       -      24576    24576 1.061683e+07   9.156669e+03     0.409 ( 15117      0)     0.337 ( 22064      0)
"a:EAMxx::SurfaceCouplingExporter::run-precondition-checks"   -      24576    24576 1.061683e+07   4.032832e+00     0.000 (  4963      0)     0.000 ( 12224      0)
"a:EAMxx::SurfaceCouplingExporter::run-postcondition-checks"  -      24576    24576 1.061683e+07   4.428125e+00     0.000 ( 22706      0)     0.000 (  2902      0)
"a:EAMxx::EAMxx::run-postcondition-checks"                    -      24576    24576 1.061683e+07   1.944122e+00     0.000 ( 16884      0)     0.000 ( 19089      0)
"a:EAMxx::IO::restart"                                        -      24576    24576 1.061683e+07   6.131835e+01     0.015 ( 17724      0)     0.002 ( 15973      0)
"a:EAMxx::IO::model_restart"                                  -      24576    24576 1.061683e+07   5.039117e+01     0.005 ( 17724      0)     0.002 (  1093      0)
"a:EAMxx::IO::restart::get_new_file"                          -      24576    24576 1.061683e+07   1.711603e+00     0.000 (  9170      0)     0.000 ( 18274      0)
"a:EAMxx::IO::restart::run_output_streams"                    -      24576    24576 1.061683e+07   1.959510e+01     0.004 ( 17724      0)     0.001 ( 18389      0)
"a:EAMxx::IO::standard"                                       -      24576    24576 1.061683e+07   2.408926e+01     0.002 ( 22662      0)     0.001 ( 11735      0)
"a:EAMxx::IO::nooutput.yaml"                                  -      24576    24576 1.061683e+07   1.779055e+01     0.001 ( 23178      0)     0.001 ( 16921      0)
"a:EAMxx::IO::standard::get_new_file"                         -      24576    24576 1.061683e+07   8.515168e-01     0.000 ( 19031      0)     0.000 ( 24397      0)
"a:EAMxx::IO::standard::run_output_streams"                   -      24576    24576 1.061683e+07   1.777744e+00     0.000 (   180      0)     0.000 ( 12535      0)
"CPL:A2C"                                                     -      24576    24576 1.061683e+07   1.101407e+05     9.231 ( 12681      0)     1.062 (  5795      0)
"CPL:a2c_atma2atmx"                                           -      24576    24576 1.061683e+07   6.448170e+04     7.724 ( 17028      0)     0.218 (  9077      0)
"CPL:a2c_infoexch"                                            -      24576    24576 1.061683e+07   4.563061e+04     5.070 ( 14353      0)     0.012 (     0      0)
"CPL:ATMPOST"                                                 -      24576    24576 1.061683e+07   4.955428e+00     0.000 ( 10170      0)     0.000 ( 20434      0)
"CPL:HISTORY"                                                 -      24576    24576 1.061683e+07   2.775712e+01     0.002 ( 15857      0)     0.001 ( 17403      0)
"CPL:cime_run_write_history"                                  -      24576    24576 1.061683e+07   2.160240e+01     0.002 ( 15857      0)     0.001 (  4598      0)
"CPL:TSTAMP_WRITE"                                            -      24576    24576 1.061683e+07   7.418874e+00     0.001 (  5856      0)     0.000 ( 12386      0)
"CPL:TPROF_WRITE"                                             -      24576    24576 1.061683e+07   3.377780e+00     0.000 ( 13125      0)     0.000 ( 21341      0)
"CPL:C2O_INITWAIT"                                            -      24576    24576 1.059226e+07   1.329584e+05     7.077 (     0      0)     3.329 ( 20098      0)
"l:interpMonthlyVeg"                                          -      24576    24576 1.059226e+07   1.065494e+05     4.362 ( 18120      0)     4.306 (  4633      0)
"l:readMonthlyVeg"                                            -      24576    24576 2.457600e+04   1.065413e+05     4.362 ( 18120      0)     4.306 (  4634      0)
"l:PIO:openfile"                                              -      24576    24576 2.457600e+04   8.613362e+03     0.433 (  8237      0)     0.274 ( 19982      0)
"l:PIO:pio_inq_varid_file_vdesc"                              -      24576    24576 1.966080e+05   5.300046e+01     0.013 (  4633      0)     0.000 ( 12454      0)
"l:PIO:pio_inq_varid_file_vid"                                -      24576    24576 1.966080e+05   5.292017e+01     0.013 (  4633      0)     0.000 ( 12454      0)
"l:PIO:pio_inq_varndims_file_vdesc"                           -      24576    24576 1.966080e+05   1.708302e+01     0.276 (  8186      0)     0.000 ( 15587      0)
"l:PIO:pio_inq_varndims_file_vid"                             -      24576    24576 1.966080e+05   1.702057e+01     0.276 (  8186      0)     0.000 ( 15587      0)
"l:PIO:pio_inq_vardimid_file_vdesc"                           -      24576    24576 1.966080e+05   2.927355e+01     0.002 (  7495      0)     0.001 ( 13347      0)
"l:PIO:pio_inq_vardimid_file_vid"                             -      24576    24576 1.966080e+05   2.922111e+01     0.002 (  7495      0)     0.001 ( 16334      0)
"l:PIO:pio_inq_dimname_file_dimid"                            -      24576    24576 1.671168e+06   7.664609e+01     0.004 (  2620      0)     0.002 ( 14964      0)
"l:PIO:pio_inq_dimlen_file_dimid"                             -      24576    24576 3.932160e+05   1.219229e+01     0.001 (  6320      0)     0.000 ( 14160      0)
"l:PIO:pio_inq_dimlen_file_dimid_offlen"                      -      24576    24576 3.932160e+05   1.210265e+01     0.001 (  6315      0)     0.000 ( 13536      0)
"l:PIO:pio_inquire_file"                                      -      24576    24576 7.372800e+05   2.297262e+01     0.001 (  7041      0)     0.001 ( 14933      0)
"l:PIO:pio_inq_ndims_file"                                    -      24576    24576 7.372800e+05   2.281447e+01     0.001 (  7038      0)     0.000 ( 16080      0)
"l:PIO:initdecomp"                                            -      24576    24576 2.457600e+04   2.979128e+04     1.214 ( 18131      0)     1.198 ( 16479      0)
"l:PIO:PIOc_initdecomp"                                       -      24576    24576 2.457600e+04   2.979072e+04     1.214 ( 18131      0)     1.198 ( 16479      0)
"l:PIO:box_rearrange_create"                                  -      24576    24576 2.457600e+04   2.944301e+04     1.200 ( 18131      0)     1.198 ( 24553      0)
"l:PIO:pio_swapm"                                             -      24576    24576 2.703360e+05   8.896662e+04     3.760 ( 15595      0)     2.103 (  2832      0)
"l:PIO:read_darray_3d_double"                                 -      24576    24576 1.966080e+05   6.609643e+04     2.708 ( 13591      0)     2.379 (  8188      0)
"l:PIO:PIOc_read_darray"                                      -      24576    24576 1.966080e+05   6.609594e+04     2.708 ( 13591      0)     2.379 (  8188      0)
"l:PIO:read_darray_nc"                                        -      24576    24576 1.966080e+05   2.230626e+03     1.517 (  2832      0)     0.000 ( 18421      0)
"l:PIO:rearrange_io2comp"                                     -      24576    24576 1.966080e+05   6.381555e+04     2.707 ( 14155      0)     1.143 (  2832      0)
"l:PIO:closefile"                                             -      24576    24576 2.457600e+04   3.217395e+01     0.044 (  4632      0)     0.000 ( 15503      0)
"l:PIO:PIOc_closefile"                                        -      24576    24576 2.457600e+04   3.214492e+01     0.044 (  4632      0)     0.000 ( 15503      0)
"l:surfalb"                                                   -      24576    24576 1.059226e+07   2.066061e+04     1.070 (  8706      0)     0.671 (   198      0)
"l:urbsurfalb"                                                -      24576    24576 1.059226e+07   4.217562e+03     0.230 ( 22622      0)     0.134 (  5852      0)
"CPL:OCNT_RUN"                                                -      24576    24576 1.059226e+07   4.649800e+03     0.224 (     0      0)     0.107 (  8098      0)
"o:DOCN_RUN"                                                  -      24576    24576 1.059226e+07   4.372900e+03     0.203 ( 24203      0)     0.096 (  8098      0)
"o:docn_run1"                                                 -      24576    24576 1.059226e+07   1.008352e+01     0.001 (  8209      0)     0.000 ( 19424      0)
"o:docn"                                                      -      24576    24576 1.059226e+07   4.345951e+03     0.202 ( 24203      0)     0.095 (  8098      0)
"o:docn_strdata_advance"                                      -      24576    24576 1.059226e+07   2.522144e+03     0.122 ( 24208      0)     0.022 (  8098      0)
"o:docn_strd_adv_total"                                       -      24576    24576 1.059226e+07   2.509085e+03     0.122 ( 24208      0)     0.022 (  8098      0)
"o:docn_strd_adv_readLBUB"                                    -      24576    24576 1.059226e+07   1.046817e+03     0.105 (  3192      0)     0.008 (     7      0)
"o:docn_readLBUB_setup"                                       -      24576    24576 1.059226e+07   3.431557e+00     0.001 ( 15527      0)     0.000 ( 23330      0)
"o:docn_readLBUB_filemgt"                                     -      24576    24576 1.059226e+07   2.240068e+00     0.000 ( 18485      0)     0.000 (  2965      0)
"o:docn_strd_adv_tint"                                        -      24576    24576 1.059226e+07   9.375429e+01     0.006 (  3437      0)     0.003 (   535      0)
"o:docn_scatter"                                              -      24576    24576 1.059226e+07   1.531073e+03     0.068 ( 12802      0)     0.059 ( 14602      0)
"o:docn_datamode"                                             -      24576    24576 1.059226e+07   5.430358e+01     0.003 ( 21283      0)     0.002 ( 20767      0)
"o:docn_run2"                                                 -      24576    24576 1.059226e+07   7.807596e-01     0.004 (     0      0)     0.000 (  9752      0)
"CPL:O2CT"                                                    -      24576    24576 1.059226e+07   4.502164e+04     4.879 ( 24208      0)     0.049 (     0      0)
"CPL:o2c_ocno2ocnx"                                           -      24576    24576 1.059226e+07   2.703681e+02     0.014 (  7548      0)     0.010 (  2194      0)
"CPL:o2c_infoexch"                                            -      24576    24576 1.059226e+07   4.473483e+04     4.867 ( 24208      0)     0.037 (     0      0)
"CPL:OCNPOSTT"                                                -      24576    24576 1.059226e+07   5.721279e+00     0.000 ( 10284      0)     0.000 (  7635      0)
"i:cice_pice_readLBUB_LB_copy"                                -      24576    24576 2.457600e+04   2.509329e-02     0.000 ( 24183      0)     0.000 (  4972      0)
"o:docn_readLBUB_fbound"                                      -      24576    24576 2.457600e+04   3.793136e-03     0.000 ( 13474      0)     0.000 ( 16880      0)
"o:docn_readLBUB_bcast"                                       -      24576    24576 2.457600e+04   1.196435e+02     0.014 ( 16079      0)     0.000 ( 24105      0)
"o:docn_readLBUB_LB_copy"                                     -      24576    24576 2.457600e+04   2.453248e-02     0.000 ( 18193      0)     0.000 ( 15892      0)
"o:docn_readLBUB_UB_setup"                                    -      24576    24576 2.457600e+04   1.003990e-02     0.000 (     0      0)     0.000 ( 11377      0)
"o:docn_readLBUB_UB_readpio"                                  -      24576    24576 2.457600e+04   8.983168e+02     0.099 (  3192      0)     0.007 (     7      0)
"o:PIO:pio_inq_varid_file_vdesc"                              -      24576    24576 4.915200e+04   3.673898e+01     0.006 ( 12625      0)     0.000 ( 20504      0)
"o:PIO:pio_inq_varid_file_vid"                                -      24576    24576 4.915200e+04   3.670720e+01     0.006 ( 12635      0)     0.000 ( 20504      0)
"o:PIO:pio_inq_varndims_file_vdesc"                           -      24576    24576 2.457600e+04   1.921135e+00     0.000 ( 19720      0)     0.000 ( 23170      0)
"o:PIO:pio_inq_varndims_file_vid"                             -      24576    24576 2.457600e+04   1.901144e+00     0.000 ( 19720      0)     0.000 ( 22498      0)
"o:PIO:pio_inq_vardimid_file_vdesc"                           -      24576    24576 2.457600e+04   4.561985e+00     0.000 ( 18487      0)     0.000 ( 20558      0)
"o:PIO:pio_inq_vardimid_file_vid"                             -      24576    24576 2.457600e+04   4.544539e+00     0.000 ( 18486      0)     0.000 ( 20558      0)
"o:PIO:pio_inq_dimlen_file_dimid"                             -      24576    24576 7.372800e+04   2.812484e+00     0.000 (  1829      0)     0.000 ( 17943      0)
"o:PIO:pio_inq_dimlen_file_dimid_offlen"                      -      24576    24576 7.372800e+04   2.776125e+00     0.000 (  1825      0)     0.000 ( 17943      0)
"o:PIO:pio_inq_vartype_file_vdesc"                            -      24576    24576 2.457600e+04   2.240090e+00     0.000 (  6045      0)     0.000 ( 22600      0)
"o:PIO:pio_inq_vartype_file_vid"                              -      24576    24576 2.457600e+04   2.223571e+00     0.000 (  6045      0)     0.000 ( 22600      0)
"o:PIO:read_darray_1d_real"                                   -      24576    24576 2.457600e+04   8.479242e+02     0.096 (  3192      0)     0.007 (    13      0)
"o:PIO:PIOc_read_darray"                                      -      24576    24576 2.457600e+04   8.478197e+02     0.096 (  3192      0)     0.007 (    13      0)
"o:PIO:read_darray_nc"                                        -      24576    24576 2.457600e+04   5.079703e+01     0.095 (  3192      0)     0.000 (  6178      0)
"o:PIO:rearrange_io2comp"                                     -      24576    24576 2.457600e+04   7.948153e+02     0.095 (  4455      0)     0.000 (     0      0)
"o:PIO:pio_swapm"                                             -      24576    24576 2.457600e+04   7.938343e+02     0.095 (  4455      0)     0.000 (     0      0)
"o:docn_strd_adv_fill"                                        -      24576    24576 2.457600e+04   6.044608e+00     0.000 ( 14940      0)     0.000 (  1603      0)
"o:docn_strd_adv_map"                                         -      24576    24576 2.457600e+04   1.302458e+03     0.092 (     7      0)     0.000 ( 21571      0)
"CPL:RUN_LOOP_BSTOP"                                          -      24576    24576 2.457600e+04   3.343575e+02     0.015 (     7      0)     0.000 ( 22536      0)
"CPL:FINAL"                                                   -      24576    24576 2.457600e+04   3.852690e+04     1.569 (     0      0)     1.557 ( 16488      0)
"CPL:cime_final"                                              -      24576    24576 2.457600e+04   3.852687e+04     1.569 (     0      0)     1.557 ( 16488      0)
"o_f:DOCN_FINAL"                                              -      24576    24576 2.457600e+04   5.324543e-03     0.000 (     0      0)     0.000 (  6935      0)
"a_f:EAMxx::finalize"                                         y      24576    24576 2.457600e+04   8.770924e+03     1.451 ( 17725      0)     0.078 (  6822      0)
"a_f:PIO:PIOc_sync"                                           -      24576    24576 2.457600e+04   4.756149e-01     0.000 ( 13740      0)     0.000 ( 19501      0)
"a_f:PIO:write_total"                                         -      24576    24576 4.915200e+04   9.623130e+02     0.474 ( 12336      0)     0.000 ( 19501      0)
"a_f:PIO:flush_output_buffer"                                 -       2048     2048 4.096000e+03   2.391688e-01     0.000 ( 10344      0)     0.000 ( 23448      0)
"a_f:PIO:PIOc_closefile"                                      -      24576    24576 4.915200e+04   2.737278e+03     1.343 ( 17892      0)     0.000 (  6028      0)
"a_f:PIO:PIOc_closefile_write_mode"                           -      24576    24576 2.457600e+04   9.618668e+02     0.474 ( 12336      0)     0.000 (   609      0)
"a_f:PIO:PIOc_freedecomp"                                     -      24576    24576 3.194880e+05   3.621974e+00     0.001 (  5952      0)     0.000 (  8215      0)
"PIO:finalize"                                                -      24576    24576 2.457600e+05   2.565665e+04     1.357 ( 17671      0)     0.001 ( 10428      0)
"PIO:PIOc_finalize"                                           -      24576    24576 2.457600e+05   2.565376e+04     1.357 ( 17671      0)     0.000 ( 15492      0)
"CPL:FINAL_sync1_tprf"                                        -      24576    24576 2.457600e+04   3.658035e+01     0.002 ( 21412      0)     0.000 (     0      0)
"CPL:FINAL_t_prf"                                             y          0        0 0.000000e+00   0.000000e+00     0.000 (     0      0)     0.000 (     0      0)

