
***** GLOBAL STATISTICS (  8192 MPI TASKS) *****

$Id: gptl.c,v 1.157 2011-03-28 20:55:18 rosinski Exp $
'count' is cumulative. All other stats are max/min
'on' indicates whether the timer was active during output, and so stats are lower or upper bounds.

name                                                         on  processes  threads        count      walltotal   wallmax (proc   thrd  )   wallmin (proc   thrd  )
"CPL:INIT"                                                    -       8192     8192 8.192000e+03   1.926297e+06   236.001 (  3184      0)   233.918 (  3545      0)
"CPL:cime_pre_init1"                                          -       8192     8192 8.192000e+03   4.311462e+04     6.119 (  3189      0)     4.036 (  3549      0)
"CPL:mpi_init"                                                -       8192     8192 8.192000e+03   3.612817e+04     5.268 (  3184      0)     3.185 (  3544      0)
"CPL:ESMF_Initialize"                                         -       8192     8192 8.192000e+03   4.894874e-01     0.001 (   866      0)     0.000 (   401      0)
"CPL:cime_pre_init2"                                          -       8192     8192 8.192000e+03   1.003678e+04     1.228 (  3071      0)     1.191 (     1      0)
"CPL:seq_infodata_init"                                       -       8192     8192 8.192000e+03   2.240096e+03     0.918 (   652      0)     0.001 (    50      0)
"CPL:seq_timemgr_clockInit"                                   -       8192     8192 8.192000e+03   2.529413e+02     0.037 (  3067      0)     0.000 (  3080      0)
"CPL:cime_init"                                               -       8192     8192 8.192000e+03   1.873145e+06   228.689 (  6144      0)   228.652 (  3070      0)
"CPL:init_comps"                                              -       8192     8192 8.192000e+03   1.872624e+06   228.626 (  6144      0)   228.588 (  3071      0)
"CPL:comp_init_pre_all"                                       -       8192     8192 8.192000e+03   2.826585e-01     0.001 (  6233      0)     0.000 (  6536      0)
"CPL:comp_init_cc_atm"                                        -       8192     8192 8.192000e+03   7.222992e+05    88.206 (     8      0)    88.167 (  3070      0)
"a_i:comp_init"                                               -       8192     8192 1.638400e+04   7.222305e+05    88.205 (     8      0)    88.158 (  3071      0)
"a_i:EAMxx::init"                                             -       8192     8192 5.734400e+04   7.064934e+05    86.485 (  6728      0)    85.506 (  1863      0)
"a_i:EAMxx::create_output_managers"                           -       8192     8192 8.192000e+03   4.099502e+00     0.002 (  2042      0)     0.000 (     2      0)
"a_i:EAMxx::create_atm_processes"                             -       8192     8192 8.192000e+03   6.714244e+03     1.032 (     3      0)     0.059 (  1862      0)
"a_i:EAMxx::create_grids"                                     -       8192     8192 8.192000e+03   8.963201e+04    11.041 (     0      0)    10.855 (  1545      0)
"a_i:PartitioningTime"                                        -       8192     8192 8.192000e+03   2.316302e-03     0.000 (  5277      0)     0.000 (   469      0)
"a_i:repro_sum_int"                                           -       8192     8192 8.192000e+03   1.719979e+03     0.235 (  6446      0)     0.001 (  5833      0)
"a_i:PIO:spio_get_att_tc"                                     -       8192     8192 8.929280e+05   4.963308e+01     0.007 (  4079      0)     0.005 (  1406      0)
"a_i:PIO:spio_get_vars_tc"                                    -       8192     8192 1.638400e+05   9.722066e+03     1.362 (  4663      0)     1.021 (     5      0)
"a_i:PIO:PIOc_closefile"                                      -       8192     8192 1.064960e+05   1.586854e+03     4.249 (   440      0)     0.000 (  5034      0)
"a_i:EAMxx::create_fields"                                    -       8192     8192 8.192000e+03   1.605082e+03     0.229 (  4249      0)     0.186 (  1152      0)
"a_i:EAMxx::initialize_fields"                                -       8192     8192 8.192000e+03   2.682396e+05    32.918 (  6664      0)    32.342 (   986      0)
"a_i:PIO:PIOc_initdecomp"                                     -       8192     8192 1.064960e+05   5.487672e+04     6.700 (  7878      0)     6.697 (  6920      0)
"a_i:PIO:box_rearrange_create"                                -       8192     8192 1.064960e+05   5.474998e+04     6.684 (  6659      0)     6.683 (  6027      0)
"a_i:PIO:pio_swapm"                                           -       8192     8192 4.997120e+05   1.350216e+05    28.807 (   461      0)     1.803 (  6472      0)
"a_i:PIO:PIOc_read_darray"                                    -       8192     8192 1.802240e+05   1.786465e+05    23.560 (  7278      0)    19.061 (   885      0)
"a_i:PIO:read_darray_nc"                                      -       8192     8192 1.802240e+05   1.356455e+04    23.298 (     0      0)     0.000 (  1018      0)
"a_i:PIO:rearrange_io2comp"                                   -       8192     8192 1.802240e+05   1.096656e+05    23.289 (  7292      0)     0.095 (  5288      0)
"a_i:EAMxx::initialize_atm_procs"                             -       8192     8192 8.192000e+03   3.352874e+05    41.371 (   986      0)    40.696 (  5416      0)
"a_i:EAMxx::SurfaceCouplingImporter::init"                    -       8192     8192 8.192000e+03   1.501085e+00     0.003 (  5335      0)     0.000 (  2824      0)
"a_i:EAMxx::homme::init"                                      -       8192     8192 8.192000e+03   2.150810e+05    26.704 (   986      0)    25.987 (  4120      0)
"a_i:compose_init"                                            -       8192     8192 8.192000e+03   1.985334e+03     0.723 (   350      0)     0.021 (  5952      0)
"a_i:sl_init1"                                                -       8192     8192 8.192000e+03   3.219273e+03     0.893 (  1644      0)     0.319 (  6155      0)
"a_i:EAMxx::tms::init"                                        -       8192     8192 8.192000e+03   2.975608e-02     0.000 (  3335      0)     0.000 (  4569      0)
"a_i:EAMxx::shoc::init"                                       -       8192     8192 8.192000e+03   5.658225e+01     0.017 (  3570      0)     0.005 (  8163      0)
"a_i:EAMxx::cld_fraction::init"                               -       8192     8192 8.192000e+03   2.378880e-01     0.000 (  3957      0)     0.000 (  6499      0)
"a_i:EAMxx::spa::init"                                        -       8192     8192 8.192000e+03   1.140837e+05    14.028 (  5492      0)    13.874 (   156      0)
"a_i:EAMxx::p3::init"                                         -       8192     8192 8.192000e+03   1.210546e+03     0.191 (  6268      0)     0.076 (  3813      0)
"a_i:EAMxx::rrtmgp::init"                                     -       8192     8192 8.192000e+03   4.670562e+03     0.669 (  7142      0)     0.472 (  1437      0)
"a_i:EAMxx::SurfaceCouplingExporter::init"                    -       8192     8192 8.192000e+03   5.708545e+00     0.001 (  1870      0)     0.001 (     0      0)
"a_i:EAMxx::initialize_output_managers"                       -       8192     8192 8.192000e+03   5.010906e+03     0.620 (  3288      0)     0.610 (   130      0)
"a_i:EAMxx::IO::standard"                                     -       8192     8192 8.192000e+03   3.040112e+03     0.493 (  4843      0)     0.232 (  7831      0)
"a_i:EAMxx::IO::nooutput.yaml"                                -       8192     8192 8.192000e+03   3.040102e+03     0.493 (  4843      0)     0.232 (  7831      0)
"a_i:EAMxx::IO::standard::get_new_file"                       -       8192     8192 8.192000e+03   3.030775e+03     0.493 (  4843      0)     0.225 (  4408      0)
"a_i:PIO:PIOc_createfile"                                     -       8192     8192 8.192000e+03   3.008478e+03     0.490 (  4843      0)     0.222 (  4408      0)
"a_i:PIO:write_total"                                         -       8192     8192 2.703360e+05   3.020684e+03     0.491 (  4843      0)     0.230 (  7831      0)
"a_i:PIO:spio_put_att_tc"                                     -       8192     8192 2.457600e+05   7.351531e-01     0.000 (  6200      0)     0.000 (  7279      0)
"a_i:PIO:spio_put_vars_tc"                                    -       8192     8192 8.192000e+03   2.500766e+00     0.001 (  7760      0)     0.000 (  5687      0)
"a_i:PIO:flush_output_buffer"                                 -       1024     1024 2.048000e+03   9.271613e+00     0.009 (  3288      0)     0.009 (  3424      0)
"a_i:EAMxx::IO::standard::run_output_streams"                 -       8192     8192 8.192000e+03   1.439044e-03     0.000 (  1031      0)     0.000 (   434      0)
"a_i:EAMxx::IO::standard::update_snapshot_tally"              -       8192     8192 8.192000e+03   9.296211e+00     0.009 (  3288      0)     0.000 (  6574      0)
"a_i:PIO:PIOc_sync"                                           -       8192     8192 8.192000e+03   8.969958e+00     0.009 (  3288      0)     0.000 (  7250      0)
"CPL:comp_init_cc_lnd"                                        -       8192     8192 8.192000e+03   5.616334e+05    68.561 (  1832      0)    68.553 (     7      0)
"l_i:comp_init"                                               -       8192     8192 8.192000e+03   5.615642e+05    68.560 (  7480      0)    68.547 (  7145      0)
"l_i:elm_init1"                                               -       8192     8192 8.192000e+03   1.309791e+05    16.048 (     6      0)    15.898 (  2881      0)
"l_i:PIO:openfile"                                            -       8192     8192 1.884160e+05   5.415320e+04     7.389 (   808      0)     5.979 (   243      0)
"l_i:PIO:pio_inq_dimid_file_dimid"                            -       8192     8192 5.079040e+05   1.510152e+01     0.003 (  2162      0)     0.001 (  7011      0)
"l_i:PIO:pio_inq_dimlen_file_dimid"                           -       8192     8192 3.047424e+06   6.588085e+01     0.013 (  4096      0)     0.005 (  7415      0)
"l_i:PIO:pio_inq_dimlen_file_dimid_offlen"                    -       8192     8192 3.047424e+06   6.513187e+01     0.013 (  4096      0)     0.004 (  7415      0)
"l_i:PIO:pio_inq_varid_file_vdesc"                            -       8192     8192 3.817472e+06   1.972117e+03     1.106 (  8169      0)     0.011 (    39      0)
"l_i:PIO:pio_inq_varid_file_vid"                              -       8192     8192 3.817472e+06   1.971000e+03     1.106 (  8169      0)     0.010 (    39      0)
"l_i:PIO:get_var_1d_int"                                      -       8192     8192 4.915200e+04   3.694318e+03     0.478 (  8176      0)     0.427 (  4953      0)
"l_i:PIO:spio_get_vars_tc"                                    -       8192     8192 1.630208e+06   7.012067e+04     8.690 (  6651      0)     8.462 (  3078      0)
"l_i:PIO:closefile"                                           -       8192     8192 1.638400e+05   1.493613e+02     0.214 (  1536      0)     0.001 (  1961      0)
"l_i:PIO:PIOc_closefile"                                      -       8192     8192 1.638400e+05   1.492118e+02     0.214 (  1536      0)     0.000 (  1961      0)
"l_i:PIO:pio_inq_varndims_file_vdesc"                         -       8192     8192 1.859584e+06   9.741150e+01     0.018 (     1      0)     0.004 (   271      0)
"l_i:PIO:pio_inq_varndims_file_vid"                           -       8192     8192 1.859584e+06   9.685882e+01     0.018 (     1      0)     0.004 (   271      0)
"l_i:PIO:pio_inq_vardimid_file_vdesc"                         -       8192     8192 1.859584e+06   1.799794e+02     0.033 (     2      0)     0.009 (  7423      0)
"l_i:PIO:pio_inq_vardimid_file_vid"                           -       8192     8192 1.859584e+06   1.794307e+02     0.032 (     2      0)     0.009 (  7423      0)
"l_i:PIO:pio_inq_dimname_file_dimid"                          -       8192     8192 6.758400e+06   2.106936e+02     0.036 (     1      0)     0.013 (   543      0)
"l_i:PIO:initdecomp"                                          -       8192     8192 2.129920e+05   2.346923e+04     2.922 (    28      0)     2.763 (  2964      0)
"l_i:PIO:PIOc_initdecomp"                                     -       8192     8192 2.129920e+05   2.345223e+04     2.920 (    28      0)     2.760 (  2964      0)
"l_i:PIO:box_rearrange_create"                                -       8192     8192 2.129920e+05   2.238492e+04     2.733 (  6156      0)     2.724 (  3073      0)
"l_i:PIO:pio_swapm"                                           -       8192     8192 2.482176e+06   3.254321e+05    42.546 (    66      0)     6.184 (  8104      0)
"l_i:PIO:read_darray_1d_double"                               -       8192     8192 6.717440e+05   6.771866e+04     8.364 (    95      0)     7.866 (  8169      0)
"l_i:PIO:PIOc_read_darray"                                    -       8192     8192 1.843200e+06   3.331016e+05    40.915 (   263      0)    39.764 (  8169      0)
"l_i:PIO:read_darray_nc"                                      -       8192     8192 1.843200e+06   2.046780e+04    35.928 (  7168      0)     0.000 (  3482      0)
"l_i:PIO:rearrange_io2comp"                                   -       8192     8192 1.843200e+06   3.121384e+05    40.859 (   263      0)     4.674 (  8136      0)
"l_i:PIO:pio_inquire_file"                                    -       8192     8192 2.457600e+06   5.170325e+01     0.009 (  6220      0)     0.003 (   543      0)
"l_i:PIO:pio_inq_ndims_file"                                  -       8192     8192 2.457600e+06   5.101496e+01     0.009 (  6220      0)     0.003 (   543      0)
"l_i:PIO:read_darray_1d_int"                                  -       8192     8192 5.734400e+04   4.602757e+03     0.578 (  4856      0)     0.523 (  8169      0)
"l_i:PIO:read_darray_3d_double"                               -       8192     8192 1.474560e+05   1.943557e+04     2.377 (   232      0)     2.368 (  3234      0)
"l_i:PIO:read_darray_3d_int"                                  -       8192     8192 8.192000e+03   2.596594e+03     0.317 (  3066      0)     0.316 (  3187      0)
"l_i:PIO:read_darray_4d_double"                               -       8192     8192 1.146880e+05   1.724320e+04     2.109 (  1264      0)     2.102 (  7677      0)
"l_i:PIO:get_var_1d_text"                                     -       8192     8192 1.638400e+04   2.970932e+03     0.410 (   703      0)     0.307 (     0      0)
"l_i:PIO:get_var_1d_double"                                   -       8192     8192 1.179648e+06   4.738170e+02     0.069 (     3      0)     0.023 (  4282      0)
"l_i:PIO:get_var_0d_double"                                   -       8192     8192 8.192000e+04   1.393107e+03     0.211 (  1648      0)     0.142 (   132      0)
"l_i:PIO:read_darray_2d_double"                               -       8192     8192 8.110080e+05   2.189992e+05    26.879 (  3991      0)    26.269 (  8169      0)
"l_i:PIO:read_darray_2d_int"                                  -       8192     8192 3.276800e+04   2.509879e+03     0.351 (   256      0)     0.255 (  8088      0)
"l_i:gather_1darray_int_total"                                -       8192     8192 4.096000e+04   1.667223e+03     0.945 (     0      0)     0.128 (    11      0)
"l_i:scatter_1darray_int_total"                               -       8192     8192 4.096000e+04   1.176706e+04     1.510 (     8      0)     0.616 (     0      0)
"l_i:init_filters"                                            -       8192     8192 8.192000e+03   1.008944e+00     0.002 (  4200      0)     0.000 (   991      0)
"l_i:elm_init2"                                               -       8192     8192 8.192000e+03   4.285009e+05    52.317 (  1408      0)    52.304 (  6209      0)
"l_i:init_orbd"                                               -       8192     8192 8.192000e+03   1.733821e-01     0.000 (  4204      0)     0.000 (     0      0)
"l_i:PIO:get_var_0d_int"                                      -       8192     8192 1.720320e+05   5.873586e+04     7.231 (  1234      0)     7.089 (   263      0)
"l_i:PIO:get_var_2d_double"                                   -       8192     8192 9.830400e+04   1.619741e+03     0.242 (     0      0)     0.186 (  3531      0)
"l_i:PIO:get_var_3d_double"                                   -       8192     8192 3.276800e+04   1.652591e+03     0.225 (  4378      0)     0.185 (  1099      0)
"l_i:init_accflds"                                            -       8192     8192 8.192000e+03   2.679410e+00     0.001 (  4207      0)     0.000 (  3665      0)
"l_i:init_dyn_subgrid"                                        -       8192     8192 8.192000e+03   1.705019e+01     0.003 (  1105      0)     0.002 (  6529      0)
"l_i:subgridRest_write-read"                                  -       8192     8192 8.192000e+03   2.351416e+04     2.873 (  4192      0)     2.865 (  6137      0)
"l_i:init_map2gc"                                             -       8192     8192 8.192000e+03   6.245505e+00     0.003 (  6861      0)     0.001 (  2844      0)
"l_i:init_elm_interface_data & pflotran"                      -       8192     8192 8.192000e+03   3.663110e-04     0.000 (  3070      0)     0.000 (  1016      0)
"l_i:init_wlog"                                               -       8192     8192 8.192000e+03   3.708270e-04     0.000 (     0      0)     0.000 (     4      0)
"l_i:elm_init3"                                               -       8192     8192 8.192000e+03   2.632324e-02     0.000 (  1108      0)     0.000 (  4200      0)
"CPL:comp_init_cc_rof"                                        -       8192     8192 8.192000e+03   2.502361e+00     0.001 (  1147      0)     0.000 (  6399      0)
"r_i:comp_init"                                               -       8192     8192 8.192000e+03   3.390140e-01     0.000 (   169      0)     0.000 (  7565      0)
"CPL:comp_init_cc_ocn"                                        -       8192     8192 8.192000e+03   2.843508e+05    34.716 (  1575      0)    34.708 (   170      0)
"o_i:comp_init"                                               -       8192     8192 8.192000e+03   2.843461e+05    34.716 (  1574      0)    34.708 (  7854      0)
"o_i:docn_readnml"                                            -       8192     8192 8.192000e+03   4.142686e+02     0.056 (     1      0)     0.048 (  1847      0)
"o_i:DOCN_INIT"                                               -       8192     8192 8.192000e+03   2.839314e+05    34.661 (  6562      0)    34.659 (  4723      0)
"o_i:docn_strdata_init"                                       -       8192     8192 8.192000e+03   2.716753e+05    33.164 (  4279      0)    33.163 (  6560      0)
"o_i:PIO:initdecomp"                                          -       8192     8192 2.457600e+04   9.919758e+02     0.122 (  6729      0)     0.118 (     0      0)
"o_i:PIO:PIOc_initdecomp"                                     -       8192     8192 2.457600e+04   9.919223e+02     0.122 (  6729      0)     0.118 (     0      0)
"o_i:PIO:box_rearrange_create"                                -       8192     8192 2.457600e+04   9.273514e+02     0.114 (   564      0)     0.113 (  3294      0)
"o_i:PIO:pio_swapm"                                           -       8192     8192 9.011200e+04   9.615483e+02     0.120 (  4854      0)     0.108 (   136      0)
"o_i:docn_initgsmaps"                                         -       8192     8192 8.192000e+03   7.956741e+00     0.002 (  7850      0)     0.001 (    28      0)
"o_i:docn_initmctdom"                                         -       8192     8192 8.192000e+03   9.673024e-01     0.000 (  7107      0)     0.000 (   559      0)
"o_i:docn_initmctavs"                                         -       8192     8192 8.192000e+03   1.589903e+00     0.001 (  2936      0)     0.000 (   318      0)
"o_i:DOCN_RUN"                                                -       8192     8192 8.192000e+03   1.224551e+04     1.497 (  6561      0)     1.493 (  2480      0)
"o_i:docn_run1"                                               -       8192     8192 8.192000e+03   9.910579e-03     0.000 (  5608      0)     0.000 (  4767      0)
"o_i:docn"                                                    -       8192     8192 8.192000e+03   1.224546e+04     1.497 (  6561      0)     1.493 (  2480      0)
"o_i:docn_strdata_advance"                                    -       8192     8192 8.192000e+03   1.224453e+04     1.496 (  6564      0)     1.493 (  2480      0)
"o_i:docn_strd_adv_total"                                     -       8192     8192 8.192000e+03   1.224450e+04     1.496 (  6564      0)     1.493 (  2480      0)
"o_i:docn_strd_adv_readLBUB"                                  -       8192     8192 8.192000e+03   1.223044e+04     1.494 (  2902      0)     1.492 (  1151      0)
"o_i:docn_readLBUB_setup"                                     -       8192     8192 8.192000e+03   2.168492e-03     0.000 (  3946      0)     0.000 (  2541      0)
"o_i:docn_readLBUB_fbound"                                    -       8192     8192 8.192000e+03   1.236432e+00     1.235 (     0      0)     0.000 (  4266      0)
"o_i:docn_readLBUB_bcast"                                     -       8192     8192 8.192000e+03   1.012191e+04     1.236 (  3329      0)     0.000 (     0      0)
"o_i:docn_readLBUB_LB_setup"                                  -       8192     8192 8.192000e+03   3.631925e-03     0.000 (     0      0)     0.000 (  7202      0)
"o_i:docn_readLBUB_LB_readpio"                                -       8192     8192 8.192000e+03   2.057982e+03     0.252 (  1024      0)     0.250 (  1326      0)
"o_i:PIO:openfile"                                            -       8192     8192 8.192000e+03   2.002521e+03     0.245 (  7430      0)     0.243 (  6563      0)
"o_i:PIO:pio_inq_varid_file_vdesc"                            -       8192     8192 3.276800e+04   1.826623e+00     0.001 (  1319      0)     0.000 (  1026      0)
"o_i:PIO:pio_inq_varid_file_vid"                              -       8192     8192 3.276800e+04   1.811475e+00     0.001 (  1319      0)     0.000 (  1026      0)
"o_i:PIO:pio_inq_varndims_file_vdesc"                         -       8192     8192 1.638400e+04   1.032129e+00     0.000 (  6478      0)     0.000 (  4846      0)
"o_i:PIO:pio_inq_varndims_file_vid"                           -       8192     8192 1.638400e+04   1.024457e+00     0.000 (  6478      0)     0.000 (  4846      0)
"o_i:PIO:pio_inq_vardimid_file_vdesc"                         -       8192     8192 1.638400e+04   2.154908e+00     0.000 (  2424      0)     0.000 (  2895      0)
"o_i:PIO:pio_inq_vardimid_file_vid"                           -       8192     8192 1.638400e+04   2.146812e+00     0.000 (  2424      0)     0.000 (  2895      0)
"o_i:PIO:pio_inq_dimlen_file_dimid"                           -       8192     8192 4.915200e+04   1.244294e+00     0.001 (  4607      0)     0.000 (  5625      0)
"o_i:PIO:pio_inq_dimlen_file_dimid_offlen"                    -       8192     8192 4.915200e+04   1.229880e+00     0.001 (  4607      0)     0.000 (  5625      0)
"o_i:PIO:pio_inq_vartype_file_vdesc"                          -       8192     8192 1.638400e+04   1.038005e+00     0.000 (  4435      0)     0.000 (  4574      0)
"o_i:PIO:pio_inq_vartype_file_vid"                            -       8192     8192 1.638400e+04   1.030612e+00     0.000 (  4435      0)     0.000 (  4574      0)
"o_i:PIO:read_darray_1d_real"                                 -       8192     8192 1.638400e+04   8.890697e+01     0.012 (  4844      0)     0.009 (  1117      0)
"o_i:PIO:PIOc_read_darray"                                    -       8192     8192 1.638400e+04   8.887335e+01     0.012 (  4844      0)     0.009 (  1117      0)
"o_i:PIO:read_darray_nc"                                      -       8192     8192 1.638400e+04   9.822488e+00     0.011 (  1024      0)     0.000 (  6671      0)
"o_i:PIO:rearrange_io2comp"                                   -       8192     8192 1.638400e+04   7.606436e+01     0.012 (  4847      0)     0.000 (   248      0)
"o_i:docn_readLBUB_UB_setup"                                  -       8192     8192 8.192000e+03   2.549453e-03     0.000 (     0      0)     0.000 (  5169      0)
"o_i:docn_readLBUB_UB_readpio"                                -       8192     8192 8.192000e+03   4.886414e+01     0.007 (   927      0)     0.005 (  3416      0)
"o_i:docn_readLBUB_filemgt"                                   -       8192     8192 8.192000e+03   1.341977e-03     0.000 (  6822      0)     0.000 (   216      0)
"o_i:docn_strd_adv_fill"                                      -       8192     8192 8.192000e+03   7.779954e-01     0.000 (  2488      0)     0.000 (  7098      0)
"o_i:docn_strd_adv_map"                                       -       8192     8192 8.192000e+03   1.285543e+01     0.003 (  1623      0)     0.001 (  4563      0)
"o_i:docn_strd_adv_tint"                                      -       8192     8192 8.192000e+03   1.698125e-01     0.001 (  6560      0)     0.000 (  2401      0)
"o_i:docn_scatter"                                            -       8192     8192 8.192000e+03   6.760608e-01     0.000 (  7927      0)     0.000 (   856      0)
"o_i:docn_datamode"                                           -       8192     8192 8.192000e+03   1.335869e-01     0.000 (  6862      0)     0.000 (  3589      0)
"o_i:docn_run2"                                               -       8192     8192 8.192000e+03   1.116054e-03     0.000 (     0      0)     0.000 (   776      0)
"CPL:comp_init_cc_ice"                                        -       8192     8192 8.192000e+03   3.029012e+05    36.976 (  3185      0)    36.974 (  6584      0)
"i_i:comp_init"                                               -       8192     8192 8.192000e+03   3.028963e+05    36.976 (  3065      0)    36.973 (  6562      0)
"i_i:cice_init"                                               -       8192     8192 8.192000e+03   7.886479e+04     9.629 (  1112      0)     9.625 (  6572      0)
"i_i:ice_HaloUpdate2DR8"                                      -       8192     8192 3.276800e+04   5.439253e+00     0.731 (     1      0)     0.000 (  2070      0)
"i_i:ice_HU2DR8_init"                                         -       8192     8192 3.276800e+04   9.051056e-03     0.000 (   392      0)     0.000 (  5574      0)
"i_i:state_bound_h1"                                          -       8192     8192 8.192000e+03   1.398896e+00     0.002 (  4199      0)     0.000 (  4617      0)
"i_i:ice_HaloUpdate3DR8"                                      -       8192     8192 4.096000e+04   1.543530e+00     0.002 (  4199      0)     0.000 (  4617      0)
"i_i:ice_HU3DR8_init"                                         -       8192     8192 4.096000e+04   8.915151e-03     0.000 (  2009      0)     0.000 (  7401      0)
"i_i:ice_HU3DR8_recvall"                                      -       8192     8192 4.096000e+04   1.263777e+00     0.002 (  4199      0)     0.000 (  5580      0)
"i_i:state_bound_hm"                                          -       8192     8192 8.192000e+03   6.184033e-02     0.000 (  3719      0)     0.000 (  4190      0)
"i_i:state_bound_hc"                                          -       8192     8192 8.192000e+03   7.599886e-03     0.000 (  7031      0)     0.000 (  6709      0)
"i_i:state_bound_h2"                                          -       8192     8192 8.192000e+03   3.175422e-01     0.001 (  6230      0)     0.000 (  1097      0)
"i_i:ice_HaloUpdate4DR8"                                      -       8192     8192 8.192000e+03   1.169315e-01     0.001 (  6230      0)     0.000 (  1556      0)
"i_i:ice_HU4DR8_init"                                         -       8192     8192 8.192000e+03   1.151792e-02     0.000 (  4210      0)     0.000 (  6239      0)
"i_i:ice_HU4DR8_recvall"                                      -       8192     8192 8.192000e+03   4.298758e-02     0.001 (  6230      0)     0.000 (  1638      0)
"i_i:state_bound_hd"                                          -       8192     8192 8.192000e+03   2.886951e-03     0.000 (   758      0)     0.000 (  2273      0)
"i_i:cice_mct_init"                                           -       8192     8192 8.192000e+03   2.240307e+05    27.348 (  1890      0)    27.346 (  6856      0)
"i_i:PIO:initdecomp"                                          -       8192     8192 2.457600e+04   1.004354e+03     0.123 (  3685      0)     0.119 (     0      0)
"i_i:PIO:PIOc_initdecomp"                                     -       8192     8192 2.457600e+04   1.004297e+03     0.123 (  3684      0)     0.119 (     0      0)
"i_i:PIO:box_rearrange_create"                                -       8192     8192 2.457600e+04   9.337272e+02     0.114 (  1863      0)     0.114 (  5879      0)
"i_i:PIO:pio_swapm"                                           -       8192     8192 7.372800e+04   8.924277e+02     0.110 (  1488      0)     0.108 (  3703      0)
"CPL:comp_init_cc_glc"                                        -       8192     8192 8.192000e+03   4.155137e+00     0.001 (  5567      0)     0.000 (  6231      0)
"g_i:comp_init"                                               -       8192     8192 8.192000e+03   6.509759e-03     0.000 (   176      0)     0.000 (  2825      0)
"CPL:comp_init_cc_wav"                                        -       8192     8192 8.192000e+03   5.408651e+00     0.001 (  7403      0)     0.000 (  6235      0)
"w_i:comp_init"                                               -       8192     8192 8.192000e+03   3.066757e-03     0.000 (  5001      0)     0.000 (   344      0)
"CPL:comp_init_cc_esp"                                        -       8192     8192 8.192000e+03   3.251980e+00     0.001 (  6105      0)     0.000 (  3110      0)
"e_i:comp_init"                                               -       8192     8192 8.192000e+03   3.066016e-03     0.000 (  6016      0)     0.000 (  7349      0)
"CPL:comp_init_cc_iac"                                        -       8192     8192 8.192000e+03   3.692825e+00     0.001 (  2547      0)     0.000 (  1953      0)
"z_i:comp_init"                                               -       8192     8192 8.192000e+03   2.994256e-03     0.000 (  6608      0)     0.000 (   840      0)
"CPL:comp_init_cx_all"                                        -       8192     8192 8.192000e+03   1.419079e+03     0.174 (   197      0)     0.173 (  3455      0)
"CPL:comp_list_all"                                           -       8192     8192 8.192000e+03   4.661964e-01     0.002 (  6238      0)     0.000 (  5977      0)
"CPL:init_maps"                                               -       8192     8192 8.192000e+03   1.749863e+02     0.026 (  6239      0)     0.020 (  4763      0)
"CPL:init_aream"                                              -       8192     8192 8.192000e+03   5.999047e+00     0.006 (  5399      0)     0.000 (  6496      0)
"CPL:init_domain_check"                                       -       8192     8192 8.192000e+03   1.619985e+02     0.021 (   287      0)     0.015 (  6266      0)
"CPL:init_areacor"                                            -       8192     8192 8.192000e+03   5.925085e+01     0.007 (  7260      0)     0.007 (  1655      0)
"CPL:init_fracs"                                              -       8192     8192 8.192000e+03   1.061099e+01     0.003 (  4127      0)     0.001 (  3915      0)
"CPL:init_aoflux"                                             -       8192     8192 8.192000e+03   2.477271e+00     0.001 (  6234      0)     0.000 (  6982      0)
"CPL:init_atminit"                                            -       8192     8192 4.915200e+04   3.487514e+01     0.008 (  5129      0)     0.002 (     1      0)
"CPL:comp_init_cc_atm2"                                       -       8192     8192 8.192000e+03   4.183850e+01     0.007 (  8127      0)     0.002 (  5128      0)
"CPL:init_readrestart"                                        -       8192     8192 8.192000e+03   5.051715e-01     0.000 (  6859      0)     0.000 (  3708      0)
"CPL:cime_run_init"                                           -       8192     8192 8.192000e+03   9.452115e-01     0.003 (     0      0)     0.000 (  3623      0)
"CPL:INIT_sync1_tprf"                                         -       8192     8192 8.192000e+03   2.139647e+01     0.003 (  7111      0)     0.000 (     0      0)
"CPL:INIT_t_prf"                                              -       8192     8192 8.192000e+03   5.241824e+00     2.329 (     0      0)     0.000 (  8115      0)
"CPL:INIT_sync2_tprf"                                         -       8192     8192 8.192000e+03   1.907704e+04     2.330 (  8123      0)     0.000 (     0      0)
"CPL:RUN_LOOP_BSTART"                                         -       8192     8192 8.192000e+03   6.829246e+00     0.002 (  1698      0)     0.000 (  8122      0)
"CPL:RUN_LOOP"                                                -       8192     8192 3.538944e+06   3.720820e+06   454.204 (  7655      0)   454.201 (  2310      0)
"CPL:CLOCK_ADVANCE"                                           -       8192     8192 3.538944e+06   2.334178e+02     0.033 (  2779      0)     0.027 (  4777      0)
"CPL:RUN"                                                     -       8192     8192 4.245914e+07   7.538071e+04    14.228 (  4276      0)     3.745 (  4506      0)
"CPL:OCNPRE1"                                                 -       8192     8192 3.538944e+06   4.296004e+03     4.458 (  1349      0)     0.222 (  5669      0)
"CPL:ocnpre1_atm2ocn"                                         -       8192     8192 3.538944e+06   4.292217e+03     4.457 (  1349      0)     0.222 (  5669      0)
"CPL:LNDPREP"                                                 -       8192     8192 3.538944e+06   6.649282e+02     0.238 (  7880      0)     0.028 (  3670      0)
"CPL:lndprep_atm2lnd"                                         -       8192     8192 3.538944e+06   4.762970e+02     0.217 (  7884      0)     0.024 (  3670      0)
"CPL:lndprep_mrgx2l"                                          -       8192     8192 3.538944e+06   1.823522e+02     0.080 (  5069      0)     0.002 (  3567      0)
"CPL:COMM"                                                    -       8192     8192 2.476442e+07   1.357891e+05    36.848 (  4131      0)     3.413 (  1933      0)
"CPL:C2L"                                                     -       8192     8192 3.538944e+06   1.229259e+03     0.241 (  3756      0)     0.071 (   970      0)
"CPL:c2l_lndx2lndl"                                           -       8192     8192 3.538944e+06   7.576474e+02     0.218 (  3739      0)     0.048 (  7884      0)
"CPL:c2l_infoexch"                                            -       8192     8192 3.538944e+06   4.665462e+02     0.126 (  7883      0)     0.008 (  3738      0)
"CPL:ICEPREP"                                                 -       8192     8192 3.538944e+06   1.334860e+03     0.343 (  2364      0)     0.150 (  2287      0)
"CPL:iceprep_ocn2ice"                                         -       8192     8192 3.538944e+06   1.457697e+02     0.023 (  6377      0)     0.017 (  5245      0)
"CPL:iceprep_atm2ice"                                         -       8192     8192 3.538944e+06   3.036584e+02     0.046 (   995      0)     0.035 (  4183      0)
"CPL:iceprep_mrgx2i"                                          -       8192     8192 3.538944e+06   8.696302e+02     0.285 (  2364      0)     0.095 (  2287      0)
"CPL:C2I"                                                     -       8192     8192 3.538944e+06   6.294783e+02     0.233 (  2367      0)     0.041 (  5002      0)
"CPL:c2i_icex2icei"                                           -       8192     8192 3.538944e+06   3.239856e+02     0.046 (  1316      0)     0.037 (  1349      0)
"CPL:ice_infoexch"                                            -       8192     8192 3.538944e+06   2.999221e+02     0.192 (  2367      0)     0.002 (  5305      0)
"CPL:ICE_RUN"                                                 -       8192     8192 3.538944e+06   2.547019e+04     4.607 (  6535      0)     2.772 (  2287      0)
"i:cice_run_total"                                            -       8192     8192 3.538944e+06   2.438884e+04     4.470 (  6535      0)     2.640 (  2287      0)
"i:cice_run_import"                                           -       8192     8192 3.538944e+06   1.710355e+03     0.263 (  5599      0)     0.191 (  3754      0)
"i:cice_imp_ocn"                                              -       8192     8192 3.538944e+06   3.206116e+02     0.041 (  2552      0)     0.038 (  4134      0)
"i:cice_imp_atm"                                              -       8192     8192 3.538944e+06   3.863477e+02     0.049 (  1546      0)     0.045 (  4129      0)
"i:cice_run_initmd"                                           -       8192     8192 3.538944e+06   8.666170e+03     1.092 (     0      0)     0.889 (  2366      0)
"i:cice_run_presc"                                            -       8192     8192 3.538944e+06   4.596299e+03     0.586 (  2313      0)     0.532 (  7793      0)
"i:cice_pice_strd_adv_total"                                  -       8192     8192 3.538944e+06   3.375413e+03     0.416 (   675      0)     0.409 (  7860      0)
"i:cice_pice_strd_adv_readLBUB"                               -       8192     8192 3.538944e+06   3.273629e+03     0.402 (  3184      0)     0.398 (   428      0)
"i:cice_pice_readLBUB_setup"                                  -       8192     8192 3.538944e+06   1.033920e+00     0.000 (  1135      0)     0.000 (  6564      0)
"i:cice_pice_readLBUB_fbound"                                 -       8192     8192 1.638400e+04   1.426633e-01     0.140 (     0      0)     0.000 (  3978      0)
"i:cice_pice_readLBUB_bcast"                                  -       8192     8192 1.638400e+04   1.151594e+03     0.141 (  3539      0)     0.000 (     0      0)
"i:cice_pice_readLBUB_LB_setup"                               -       8192     8192 8.192000e+03   3.341186e-03     0.000 (     0      0)     0.000 (  6411      0)
"i:cice_pice_readLBUB_LB_readpio"                             -       8192     8192 8.192000e+03   2.010475e+03     0.246 (  2112      0)     0.245 (  7425      0)
"i:PIO:openfile"                                              -       8192     8192 8.192000e+03   1.962872e+03     0.240 (  5366      0)     0.239 (  2571      0)
"i:PIO:pio_inq_varid_file_vdesc"                              -       8192     8192 4.915200e+04   2.351504e+00     0.001 (  5114      0)     0.000 (  1455      0)
"i:PIO:pio_inq_varid_file_vid"                                -       8192     8192 4.915200e+04   2.329817e+00     0.001 (  5114      0)     0.000 (  1455      0)
"i:PIO:pio_inq_varndims_file_vdesc"                           -       8192     8192 2.457600e+04   1.433858e+00     0.001 (  6954      0)     0.000 (  4017      0)
"i:PIO:pio_inq_varndims_file_vid"                             -       8192     8192 2.457600e+04   1.422457e+00     0.001 (  6955      0)     0.000 (  4017      0)
"i:PIO:pio_inq_vardimid_file_vdesc"                           -       8192     8192 2.457600e+04   3.448595e+00     0.001 (  3103      0)     0.000 (  4019      0)
"i:PIO:pio_inq_vardimid_file_vid"                             -       8192     8192 2.457600e+04   3.433351e+00     0.001 (  3103      0)     0.000 (  4019      0)
"i:PIO:pio_inq_dimlen_file_dimid"                             -       8192     8192 7.372800e+04   2.038628e+00     0.001 (  7454      0)     0.000 (   556      0)
"i:PIO:pio_inq_dimlen_file_dimid_offlen"                      -       8192     8192 7.372800e+04   2.016803e+00     0.001 (  7454      0)     0.000 (   556      0)
"i:PIO:pio_inq_vartype_file_vdesc"                            -       8192     8192 2.457600e+04   1.537055e+00     0.001 (  6999      0)     0.000 (  1503      0)
"i:PIO:pio_inq_vartype_file_vid"                              -       8192     8192 2.457600e+04   1.525692e+00     0.001 (  6999      0)     0.000 (  1503      0)
"i:PIO:read_darray_1d_real"                                   -       8192     8192 2.457600e+04   1.333989e+02     0.019 (  4096      0)     0.015 (   109      0)
"i:PIO:PIOc_read_darray"                                      -       8192     8192 2.457600e+04   1.333366e+02     0.019 (  4096      0)     0.015 (   109      0)
"i:PIO:read_darray_nc"                                        -       8192     8192 2.457600e+04   1.474116e+01     0.018 (  4096      0)     0.000 (  8082      0)
"i:PIO:rearrange_io2comp"                                     -       8192     8192 2.457600e+04   1.149126e+02     0.018 (  5825      0)     0.000 (  6144      0)
"i:PIO:pio_swapm"                                             -       8192     8192 2.457600e+04   1.145926e+02     0.018 (  5825      0)     0.000 (  6144      0)
"i:cice_pice_readLBUB_UB_setup"                               -       8192     8192 1.638400e+04   5.630276e-03     0.000 (  6278      0)     0.000 (  2915      0)
"i:cice_pice_readLBUB_UB_readpio"                             -       8192     8192 1.638400e+04   1.010485e+02     0.015 (  4096      0)     0.011 (   889      0)
"i:cice_pice_readLBUB_filemgt"                                -       8192     8192 3.538944e+06   4.930719e-01     0.000 (  2046      0)     0.000 (  3441      0)
"i:cice_pice_strd_adv_map"                                    -       8192     8192 1.638400e+04   3.539966e+01     0.009 (   675      0)     0.002 (  3180      0)
"i:cice_pice_strd_adv_tint"                                   -       8192     8192 3.538944e+06   5.762318e+01     0.008 (  5417      0)     0.007 (  4399      0)
"i:cice_run_initflux"                                         -       8192     8192 3.538944e+06   1.692734e+02     0.045 (  6507      0)     0.011 (  7355      0)
"i:cice_run_prepradiation"                                    -       8192     8192 3.538944e+06   4.171499e+01     0.013 (  6507      0)     0.004 (  3672      0)
"i:cice_run_therm1"                                           -       8192     8192 3.538944e+06   1.941924e+03     1.108 (  5835      0)     0.147 (  6681      0)
"i:cice_run_dyn"                                              -       8192     8192 3.538944e+06   1.717920e-01     0.000 (  3455      0)     0.000 (  4344      0)
"i:cice_run_radiation"                                        -       8192     8192 3.538944e+06   1.657466e+03     1.052 (  6539      0)     0.106 (  7549      0)
"i:cice_step_radiationib"                                     -       8192     8192 3.538944e+06   1.567511e+03     1.042 (  6539      0)     0.097 (  7549      0)
"i:cice_step_rib_swdedd1"                                     -       8192     8192 3.538944e+06   2.342968e+02     0.041 (  6667      0)     0.005 (  7846      0)
"i:cice_step_rib_swdedd2"                                     -       8192     8192 3.538944e+06   6.037939e+01     0.010 (  5912      0)     0.006 (  2870      0)
"i:cice_step_rib_swdedd7"                                     -       8192     8192 3.538944e+06   1.210533e+03     0.987 (  6539      0)     0.068 (  7549      0)
"i:cice_run_couplingprep"                                     -       8192     8192 3.538944e+06   1.253158e+03     1.108 (  5841      0)     0.071 (  6003      0)
"i:ice_HaloUpdate2DR8"                                        -       8192     8192 3.538944e+06   5.792586e+02     1.027 (  5841      0)     0.004 (  6053      0)
"i:ice_HU2DR8_init"                                           -       8192     8192 3.538944e+06   9.305873e-01     0.000 (  1799      0)     0.000 (  5864      0)
"i:cice_run_diag"                                             -       8192     8192 3.538944e+06   2.805716e+03     0.354 (  2465      0)     0.275 (  6487      0)
"i:cice_run_hist"                                             -       8192     8192 3.538944e+06   9.176038e+02     0.134 (  2014      0)     0.092 (  7846      0)
"i:cice_run_accum"                                            -       8192     8192 3.538944e+06   1.759900e+01     0.003 (  7447      0)     0.002 (  7990      0)
"i:cice_run_export"                                           -       8192     8192 3.538944e+06   5.532992e+02     0.081 (  6527      0)     0.062 (    85      0)
"CPL:LND_RUN"                                                 -       8192     8192 3.538944e+06   3.473290e+05    52.068 (   505      0)    33.771 (  3620      0)
"l:lc_lnd_import"                                             -       8192     8192 3.538944e+06   4.414442e+02     0.062 (  2581      0)     0.048 (  4396      0)
"l:elm_run"                                                   -       8192     8192 3.547136e+06   3.461608e+05    51.928 (   505      0)    33.628 (  3620      0)
"l:shr_orb_decl"                                              -       8192     8192 3.547136e+06   3.610385e+00     0.001 (   791      0)     0.000 (  7331      0)
"l:decomp_vert"                                               -       8192     8192 3.547136e+06   3.304968e+01     0.006 (  4529      0)     0.003 (  4360      0)
"l:beggridwbal"                                               -       8192     8192 3.547136e+06   1.613548e+03     0.255 (  1104      0)     0.156 (  4588      0)
"l:cnpinit"                                                   -       8192     8192 3.547136e+06   1.573736e+00     0.000 (  2732      0)     0.000 (  3180      0)
"l:cnpvegsumm"                                                -       8192     8192 3.547136e+06   1.484142e-01     0.000 (  4177      0)     0.000 (  3766      0)
"l:dyn_subgrid"                                               -       8192     8192 3.547136e+06   1.257181e+04     1.785 (  1090      0)     1.343 (  3981      0)
"l:begwbal"                                                   -       8192     8192 3.547136e+06   2.913774e+02     0.057 (  7126      0)     0.024 (  4588      0)
"l:begcnpbal"                                                 -       8192     8192 3.547136e+06   2.876278e-01     0.000 (  6761      0)     0.000 (   402      0)
"l:drvinit"                                                   -       8192     8192 3.547136e+06   7.507863e+02     0.106 (  1104      0)     0.079 (  6203      0)
"l:canhydro"                                                  -       8192     8192 3.547136e+06   1.816589e+03     0.288 (  2883      0)     0.164 (  4416      0)
"l:surfrad"                                                   -       8192     8192 3.547136e+06   3.470294e+03     0.532 (  1295      0)     0.344 (  5361      0)
"l:bgp1"                                                      -       8192     8192 3.547136e+06   2.111334e+03     0.371 (  1246      0)     0.179 (  4588      0)
"l:bgflux"                                                    -       8192     8192 3.547136e+06   3.278583e+03     0.544 (  1594      0)     0.261 (  5804      0)
"l:canflux"                                                   -       8192     8192 3.547136e+06   1.280318e+05    23.191 (  1303      0)     8.930 (  4134      0)
"l:can_iter"                                                  -       8192     8192 3.547136e+06   1.093176e+05    20.365 (  1303      0)     7.254 (  4134      0)
"l:uflux"                                                     -       8192     8192 3.547136e+06   1.382007e+03     0.446 (  1101      0)     0.018 (  2893      0)
"l:bgplake"                                                   -       8192     8192 3.547136e+06   1.293235e+04     2.090 (  3207      0)     0.827 (  1853      0)
"l:bgc"                                                       -       8192     8192 3.547136e+06   5.389810e+03     0.836 (  1246      0)     0.498 (  4134      0)
"l:soiltemperature"                                           -       8192     8192 3.547136e+06   5.281233e+04     8.141 (  7597      0)     3.401 (  2844      0)
"l:SoilThermProp"                                             -       8192     8192 3.547136e+06   4.177484e+03     0.745 (  1025      0)     0.340 (  2844      0)
"l:SoilTempBandDiag"                                          -       8192     8192 7.094272e+06   7.747250e+03     1.473 (  1025      0)     0.670 (  6561      0)
"l:PhaseChangeH2osfc"                                         -       8192     8192 3.547136e+06   3.034608e+01     0.007 (    14      0)     0.002 (  6561      0)
"l:PhaseChangebeta"                                           -       8192     8192 3.547136e+06   1.614395e+03     0.314 (  1101      0)     0.104 (  6561      0)
"l:bgp2"                                                      -       8192     8192 3.547136e+06   3.654493e+03     0.588 (  1246      0)     0.328 (  4132      0)
"l:bgp2_loop_1"                                               -       8192     8192 3.547136e+06   5.299511e+02     0.088 (  1993      0)     0.043 (  5460      0)
"l:bgp2_loop_2"                                               -       8192     8192 3.547136e+06   9.725087e+02     0.181 (  1295      0)     0.091 (  5361      0)
"l:bgp2_loop_3"                                               -       8192     8192 3.547136e+06   1.741547e+03     0.291 (  1246      0)     0.146 (  4132      0)
"l:bgp2_loop_4"                                               -       8192     8192 3.547136e+06   3.925964e+02     0.062 (  1246      0)     0.036 (  4132      0)
"l:patch2col"                                                 -       8192     8192 3.547136e+06   1.743693e+03     0.284 (  7132      0)     0.161 (  4588      0)
"l:hydro without drainage"                                    -       8192     8192 3.547136e+06   1.725018e+04     2.832 (  8100      0)     1.666 (  5361      0)
"l:hylake"                                                    -       8192     8192 3.547136e+06   1.304689e+03     0.394 (  3413      0)     0.132 (  2844      0)
"l:snow_init"                                                 -       8192     8192 3.547136e+06   1.602173e+02     0.055 (  1580      0)     0.008 (  7315      0)
"l:ecosysdyn"                                                 -       8192     8192 3.547136e+06   4.799630e+02     0.077 (  1246      0)     0.043 (  5361      0)
"l:depvel"                                                    -       8192     8192 7.094272e+06   6.879107e+00     0.001 (  4331      0)     0.001 (  5978      0)
"l:hydro2 drainage"                                           -       8192     8192 3.547136e+06   1.516922e+03     0.290 (   572      0)     0.136 (  6043      0)
"l:balchk"                                                    -       8192     8192 3.547136e+06   1.542571e+03     0.213 (  1246      0)     0.165 (  2844      0)
"l:gridbalchk"                                                -       8192     8192 3.547136e+06   1.357563e+03     0.192 (  1104      0)     0.143 (  2844      0)
"l:lnd2atm"                                                   -       8192     8192 3.547136e+06   1.004637e+04     1.430 (  1246      0)     1.052 (  4588      0)
"l:wrtdiag"                                                   -       8192     8192 3.547136e+06   6.750296e+01     0.018 (     0      0)     0.008 (  2981      0)
"l:hbuf"                                                      -       8192     8192 3.547136e+06   3.535805e+04     4.931 (  1246      0)     3.789 (  4588      0)
"l:elm_drv_io"                                                -       8192     8192 3.547136e+06   1.096259e+01     0.002 (  3288      0)     0.001 (  5029      0)
"l:elm_drv_io_htapes"                                         -       8192     8192 3.547136e+06   8.761277e+00     0.002 (  3288      0)     0.001 (  2569      0)
"l:lc_lnd_export"                                             -       8192     8192 3.547136e+06   1.944835e+02     0.025 (  4471      0)     0.023 (  1948      0)
"l:lc_elm2_adv_timestep"                                      -       8192     8192 3.547136e+06   2.560189e+00     0.001 (  1109      0)     0.000 (  1973      0)
"l:accum"                                                     -       8192     8192 3.538944e+06   4.320301e+03     0.615 (  6127      0)     0.491 (  1951      0)
"CPL:ATMOCNP"                                                 -       8192     8192 3.538944e+06   4.966305e+03     0.850 (  1856      0)     0.118 (  7842      0)
"CPL:atmocnp_fluxo"                                           -       8192     8192 3.538944e+06   4.220472e+03     0.752 (  6781      0)     0.017 (  7830      0)
"CPL:atmocnp_ocnalb"                                          -       8192     8192 3.538944e+06   7.397420e+02     0.133 (  2723      0)     0.068 (  4984      0)
"CPL:L2C"                                                     -       8192     8192 3.538944e+06   2.157722e+04    11.877 (    66      0)     0.053 (  8168      0)
"CPL:l2c_lndl2lndx"                                           -       8192     8192 3.538944e+06   2.156989e+04    11.876 (    66      0)     0.052 (  8168      0)
"lnd2cpl_run"                                                 -       8192     8192 3.538944e+06   2.435377e+00     0.001 (  6480      0)     0.000 (  3567      0)
"CPL:LNDPOST"                                                 -       8192     8192 3.538944e+06   6.006574e-01     0.000 (   937      0)     0.000 (  4441      0)
"CPL:I2C"                                                     -       8192     8192 3.538944e+06   2.960664e+02     0.048 (  3673      0)     0.033 (  1584      0)
"CPL:i2c_icei2icex"                                           -       8192     8192 3.538944e+06   2.881051e+02     0.047 (  3673      0)     0.031 (  1584      0)
"CPL:i2c_infoexch"                                            -       8192     8192 3.538944e+06   2.181184e+00     0.001 (  7862      0)     0.000 (  4975      0)
"CPL:ICEPOST"                                                 -       8192     8192 3.538944e+06   4.016250e-01     0.000 (  1233      0)     0.000 (   613      0)
"CPL:FRACSET"                                                 -       8192     8192 3.538944e+06   1.552502e+04     7.595 (  5732      0)     0.070 (  5695      0)
"CPL:fracset_fracset"                                         -       8192     8192 3.538944e+06   1.552322e+04     7.595 (  5732      0)     0.069 (  5695      0)
"CPL:ATMPREP"                                                 -       8192     8192 3.538944e+06   4.856751e+04    10.155 (  4309      0)     1.527 (  8168      0)
"CPL:atmprep_xao2atm"                                         -       8192     8192 3.538944e+06   1.695986e+04     6.637 (  4309      0)     0.147 (  5670      0)
"CPL:atmprep_ocn2atm"                                         -       8192     8192 3.538944e+06   9.421226e+03     4.515 (   561      0)     0.120 (  5695      0)
"CPL:atmprep_alb2atm"                                         -       8192     8192 3.538944e+06   3.237537e+03     2.866 (   854      0)     0.041 (  5669      0)
"CPL:atmprep_ice2atm"                                         -       8192     8192 3.538944e+06   6.399981e+03     2.945 (   589      0)     0.176 (  5695      0)
"CPL:atmprep_lnd2atm"                                         -       8192     8192 3.538944e+06   1.060473e+04     7.702 (  5669      0)     0.104 (  1934      0)
"CPL:atmprep_mrgx2a"                                          -       8192     8192 3.538944e+06   1.925556e+03     0.356 (  2706      0)     0.153 (  1431      0)
"CPL:C2A"                                                     -       8192     8192 3.538944e+06   5.394472e+03     4.732 (     0      0)     0.200 (  2448      0)
"CPL:c2a_atmx2atmg"                                           -       8192     8192 3.538944e+06   4.157027e+03     4.699 (     0      0)     0.091 (  1741      0)
"CPL:c2a_infoexch"                                            -       8192     8192 3.538944e+06   1.232676e+03     0.338 (  2809      0)     0.032 (     0      0)
"CPL:ATM_RUN"                                                 -       8192     8192 3.538944e+06   3.122581e+06   391.669 (  2162      0)   370.393 (  4459      0)
"a:EAMxx::run"                                                -       8192     8192 3.538944e+06   3.121549e+06   391.546 (  2162      0)   370.270 (  4459      0)
"a:EAMxx::EAMxx::run"                                         -       8192     8192 3.538944e+06   3.121256e+06   391.510 (  2162      0)   370.235 (  4459      0)
"a:EAMxx::EAMxx::run-precondition-checks"                     -       8192     8192 3.538944e+06   1.383784e+00     0.000 (  1980      0)     0.000 (  1737      0)
"a:EAMxx::SurfaceCouplingImporter::run"                       -       8192     8192 3.538944e+06   4.212646e+03     0.599 (  1690      0)     0.472 (   161      0)
"a:EAMxx::SurfaceCouplingImporter::run-precondition-checks"   -       8192     8192 3.538944e+06   8.174090e-01     0.000 (    45      0)     0.000 (  1701      0)
"a:EAMxx::SurfaceCouplingImporter::run-postcondition-checks"  -       8192     8192 3.538944e+06   3.547751e+03     0.509 (  4842      0)     0.394 (   161      0)
"a:EAMxx::homme::run"                                         -       8192     8192 3.538944e+06   2.784557e+06   340.143 (    73      0)   339.655 (  1379      0)
"a:EAMxx::homme::run-precondition-checks"                     -       8192     8192 3.538944e+06   8.470561e-01     0.000 (  4795      0)     0.000 (  2001      0)
"a:tl-sc prim_run_subcycle_c"                                 -       8192     8192 7.077888e+06   2.734512e+06   334.020 (  5364      0)   333.540 (  7303      0)
"a:tl-s prim_step_flexible"                                   -       8192     8192 7.077888e+06   2.734487e+06   334.017 (  5364      0)   333.537 (  7303      0)
"a:ApplyCAMForcing_tracers"                                   -       8192     8192 3.538944e+06   3.852543e+03     0.536 (  2048      0)     0.414 (  7851      0)
"a:tl-s deep_copy+derived_dp"                                 -       8192     8192 7.077888e+06   1.155896e+03     0.151 (   673      0)     0.131 (  7961      0)
"a:ApplyCAMForcing_dynamics"                                  -       8192     8192 2.123366e+07   6.087951e+03     0.777 (  2408      0)     0.690 (  7982      0)
"a:tl-ae prim_advance_exp"                                    -       8192     8192 4.246733e+07   2.267401e+06   282.371 (  2700      0)   273.790 (  5384      0)
"a:ttype9_imex_timestep"                                      -       8192     8192 4.246733e+07   1.956054e+06   245.892 (  2419      0)   233.938 (  7814      0)
"a:caar compute"                                              -       8192     8192 4.246733e+08   7.080678e+05    87.906 (  4845      0)    83.856 (  7976      0)
"a:caar_bexchV"                                               -       8192     8192 2.123366e+08   3.175365e+05    45.596 (  2560      0)    34.160 (  5039      0)
"a:caar limiter"                                              -       8192     8192 2.548040e+08   2.009124e+04     2.645 (  3482      0)     2.393 (  7737      0)
"a:compute_stage_value_dirk"                                  -       8192     8192 2.123366e+08   8.953308e+05   117.641 (  2419      0)   104.021 (  8012      0)
"a:tl-ae advance_hypervis_dp"                                 -       8192     8192 4.246733e+07   3.094935e+05    44.362 (  7245      0)    34.815 (  3789      0)
"a:hvf-bhwk"                                                  -       8192     8192 4.246733e+07   1.725427e+05    23.547 (  7247      0)    19.873 (   270      0)
"a:hvf-bexch"                                                 -       8192     8192 1.274020e+08   1.298374e+05    22.272 (  7245      0)    12.610 (  3789      0)
"a:tl-sc vertical_remap"                                      -       8192     8192 2.123366e+07   1.791299e+05    22.851 (  1336      0)    20.080 (  4126      0)
"a:Remap Thickness Functor"                                   -       8192     8192 2.123366e+07   5.847614e+03     0.812 (  5400      0)     0.632 (  7959      0)
"a:Remap Scale States Functor"                                -       8192     8192 2.123366e+07   1.755897e+03     0.228 (  3802      0)     0.208 (  7795      0)
"a:Remap Compute Grids Functor"                               -       8192     8192 2.123366e+07   1.401221e+04     1.739 (  6249      0)     1.587 (  7827      0)
"a:Remap Compute Remap Functor"                               -       8192     8192 2.123366e+07   1.373114e+05    17.641 (  4414      0)    15.089 (  4126      0)
"a:Remap Rescale States Functor"                              -       8192     8192 2.123366e+07   1.746421e+03     0.225 (  4024      0)     0.207 (  7809      0)
"a:tl-at prim_advec_tracers_compose"                          -       8192     8192 7.077888e+06   2.498230e+05    33.578 (  7809      0)    25.253 (  2418      0)
"a:compose_transport"                                         -       8192     8192 7.077888e+06   2.497627e+05    33.571 (  7809      0)    25.245 (  2418      0)
"a:compose_calc_trajectory"                                   -       8192     8192 7.077888e+06   3.325855e+04     4.776 (  7235      0)     3.551 (  4028      0)
"a:compose_3d_levels"                                         -       8192     8192 7.077888e+06   1.945336e+04     2.494 (  2008      0)     2.237 (  8013      0)
"a:compose_v_bexchv"                                          -       8192     8192 7.077888e+06   1.245055e+04     2.311 (  7235      0)     1.049 (  2518      0)
"a:compose_v2x"                                               -       8192     8192 7.077888e+06   1.331781e+03     0.171 (  6751      0)     0.155 (  7819      0)
"a:compose_isl"                                               -       8192     8192 7.077888e+06   4.052078e+04     5.875 (  7961      0)     3.921 (  5479      0)
"a:compose_hypervis_scalar"                                   -       8192     8192 7.077888e+06   6.929919e+04    10.965 (  2222      0)     6.138 (  4410      0)
"a:compose_cedr_global"                                       -       8192     8192 7.077888e+06   7.108595e+04    11.851 (  8189      0)     5.602 (  2553      0)
"a:repro_sum_int"                                             -       8192     8192 7.077888e+06   5.005039e+04     9.274 (  8189      0)     3.035 (  2452      0)
"a:compose_cedr_local"                                        -       8192     8192 7.077888e+06   2.023799e+04     2.588 (    82      0)     2.215 (  1973      0)
"a:compose_dss_q"                                             -       8192     8192 7.077888e+06   1.532396e+04     2.078 (  6836      0)     1.712 (  3870      0)
"a:compose_vertical_remap"                                    -       8192     8192 7.077888e+06   2.681941e+04     3.403 (  4766      0)     3.045 (  4130      0)
"a:EAMxx::homme::run-postcondition-checks"                    -       8192     8192 3.538944e+06   5.482874e+03     0.700 (  6042      0)     0.654 (  1801      0)
"a:EAMxx::physics::run"                                       -       8192     8192 3.538944e+06   3.309491e+05    50.836 (  2162      0)    29.548 (  4459      0)
"a:EAMxx::physics::run-precondition-checks"                   -       8192     8192 3.538944e+06   1.010304e+00     0.000 (   244      0)     0.000 (  4253      0)
"a:EAMxx::mac_aero_mic::run"                                  -       8192     8192 3.538944e+06   7.371464e+04    11.371 (  3808      0)     6.435 (  4129      0)
"a:EAMxx::mac_aero_mic::run-precondition-checks"              -       8192     8192 3.538944e+06   1.024793e+00     0.001 (  2811      0)     0.000 (  4314      0)
"a:EAMxx::tms::run"                                           -       8192     8192 3.538944e+06   9.083486e+02     0.175 (   344      0)     0.061 (  7963      0)
"a:EAMxx::tms::run-precondition-checks"                       -       8192     8192 3.538944e+06   7.524915e-01     0.000 (  4511      0)     0.000 (  5200      0)
"a:EAMxx::tms::run-postcondition-checks"                      -       8192     8192 3.538944e+06   4.611142e+02     0.070 (  2746      0)     0.050 (  7089      0)
"a:EAMxx::shoc::run"                                          -       8192     8192 3.538944e+06   2.576793e+04     3.565 (  6369      0)     2.839 (  7849      0)
"a:EAMxx::shoc::run-precondition-checks"                      -       8192     8192 3.538944e+06   7.643505e-01     0.000 (  3581      0)     0.000 (  4887      0)
"a:EAMxx::shoc::run-postcondition-checks"                     -       8192     8192 3.538944e+06   4.920888e+03     0.636 (  6058      0)     0.583 (  6961      0)
"a:EAMxx::cld_fraction::run"                                  -       8192     8192 3.538944e+06   1.544525e+03     0.218 (   782      0)     0.179 (  3873      0)
"a:EAMxx::cld_fraction::run-precondition-checks"              -       8192     8192 3.538944e+06   1.057871e+00     0.000 (  6417      0)     0.000 (  2257      0)
"a:EAMxx::cld_fraction::run-postcondition-checks"             -       8192     8192 3.538944e+06   1.344229e+03     0.175 (  1526      0)     0.157 (  3873      0)
"a:EAMxx::spa::run"                                           -       8192     8192 3.538944e+06   1.329255e+04     1.838 (  5710      0)     1.539 (   561      0)
"a:EAMxx::spa::run-precondition-checks"                       -       8192     8192 3.538944e+06   7.806173e-01     0.000 (  3113      0)     0.000 (  6982      0)
"a:EAMxx::spa::run-postcondition-checks"                      -       8192     8192 3.538944e+06   6.389255e+03     0.800 (  4942      0)     0.756 (  1973      0)
"a:EAMxx::p3::run"                                            -       8192     8192 3.538944e+06   3.209210e+04     6.218 (  3808      0)     1.742 (  4129      0)
"a:EAMxx::p3::run-precondition-checks"                        -       8192     8192 3.538944e+06   3.769758e+02     0.051 (   270      0)     0.043 (  2281      0)
"a:EAMxx::p3::run-postcondition-checks"                       -       8192     8192 3.538944e+06   6.372305e+03     0.826 (  1714      0)     0.755 (  1465      0)
"a:EAMxx::mac_aero_mic::run-postcondition-checks"             -       8192     8192 3.538944e+06   8.694237e-01     0.000 (   234      0)     0.000 (  6977      0)
"a:EAMxx::rrtmgp::run"                                        -       8192     8192 3.538944e+06   2.570968e+05    40.053 (  6484      0)    22.710 (  3439      0)
"a:EAMxx::rrtmgp::run-precondition-checks"                    -       8192     8192 3.538944e+06   1.946856e+02     0.026 (  5167      0)     0.022 (  1337      0)
"a:EAMxx::rrtmgp::run-postcondition-checks"                   -       8192     8192 3.538944e+06   7.673184e+03     0.994 (  6058      0)     0.910 (  7505      0)
"a:EAMxx::physics::run-postcondition-checks"                  -       8192     8192 3.538944e+06   7.229379e-01     0.000 (  6012      0)     0.000 (  4507      0)
"a:EAMxx::SurfaceCouplingExporter::run"                       -       8192     8192 3.538944e+06   1.359106e+03     0.177 (  6156      0)     0.157 (  1417      0)
"a:EAMxx::SurfaceCouplingExporter::run-precondition-checks"   -       8192     8192 3.538944e+06   1.096024e+00     0.000 (  4413      0)     0.000 (  1786      0)
"a:EAMxx::SurfaceCouplingExporter::run-postcondition-checks"  -       8192     8192 3.538944e+06   7.469013e-01     0.001 (   659      0)     0.000 (  8092      0)
"a:EAMxx::EAMxx::run-postcondition-checks"                    -       8192     8192 3.538944e+06   4.403004e-01     0.000 (  5887      0)     0.000 (  3059      0)
"a:EAMxx::IO::restart"                                        -       8192     8192 3.538944e+06   1.489418e+01     0.003 (  4235      0)     0.001 (   174      0)
"a:EAMxx::IO::model_restart"                                  -       8192     8192 3.538944e+06   1.246539e+01     0.002 (  4235      0)     0.001 (   174      0)
"a:EAMxx::IO::restart::get_new_file"                          -       8192     8192 3.538944e+06   3.978208e-01     0.000 (  1140      0)     0.000 (   616      0)
"a:EAMxx::IO::restart::run_output_streams"                    -       8192     8192 3.538944e+06   4.778060e+00     0.001 (  6502      0)     0.000 (  1456      0)
"a:EAMxx::IO::standard"                                       -       8192     8192 3.538944e+06   7.286757e+00     0.001 (  1791      0)     0.001 (  2024      0)
"a:EAMxx::IO::nooutput.yaml"                                  -       8192     8192 3.538944e+06   5.155875e+00     0.001 (  3052      0)     0.000 (   185      0)
"a:EAMxx::IO::standard::get_new_file"                         -       8192     8192 3.538944e+06   3.255662e-01     0.000 (   531      0)     0.000 (  2001      0)
"a:EAMxx::IO::standard::run_output_streams"                   -       8192     8192 3.538944e+06   3.888180e-01     0.000 (  3253      0)     0.000 (  1441      0)
"CPL:A2C"                                                     -       8192     8192 3.538944e+06   8.464678e+04    21.418 (  3835      0)     0.531 (  2162      0)
"CPL:a2c_atma2atmx"                                           -       8192     8192 3.538944e+06   6.004242e+04    18.739 (  5796      0)     0.180 (  2162      0)
"CPL:a2c_infoexch"                                            -       8192     8192 3.538944e+06   2.459740e+04    13.506 (  4789      0)     0.008 (     0      0)
"CPL:ATMPOST"                                                 -       8192     8192 3.538944e+06   8.393918e-01     0.000 (   351      0)     0.000 (    51      0)
"CPL:HISTORY"                                                 -       8192     8192 3.538944e+06   2.026979e+00     0.001 (  7431      0)     0.000 (  7730      0)
"CPL:cime_run_write_history"                                  -       8192     8192 3.538944e+06   6.821414e-01     0.000 (   153      0)     0.000 (  4207      0)
"CPL:TSTAMP_WRITE"                                            -       8192     8192 3.538944e+06   1.481290e+00     0.000 (  4849      0)     0.000 (  7826      0)
"CPL:TPROF_WRITE"                                             -       8192     8192 3.538944e+06   1.828651e-01     0.000 (  7341      0)     0.000 (  6232      0)
"CPL:C2O_INITWAIT"                                            -       8192     8192 3.530752e+06   1.300117e+04     5.074 (     0      0)     0.567 (  8031      0)
"l:interpMonthlyVeg"                                          -       8192     8192 3.530752e+06   2.245137e+04     2.742 (  6960      0)     2.736 (  5836      0)
"l:readMonthlyVeg"                                            -       8192     8192 8.192000e+03   2.244774e+04     2.741 (  1672      0)     2.735 (  5835      0)
"l:PIO:openfile"                                              -       8192     8192 8.192000e+03   2.092309e+03     0.316 (  2484      0)     0.206 (  4728      0)
"l:PIO:pio_inq_varid_file_vdesc"                              -       8192     8192 6.553600e+04   1.197632e+01     0.003 (  7498      0)     0.000 (   152      0)
"l:PIO:pio_inq_varid_file_vid"                                -       8192     8192 6.553600e+04   1.194973e+01     0.003 (  7498      0)     0.000 (   152      0)
"l:PIO:pio_inq_varndims_file_vdesc"                           -       8192     8192 6.553600e+04   3.624504e+00     0.001 (  1279      0)     0.000 (   627      0)
"l:PIO:pio_inq_varndims_file_vid"                             -       8192     8192 6.553600e+04   3.602583e+00     0.001 (  1279      0)     0.000 (   627      0)
"l:PIO:pio_inq_vardimid_file_vdesc"                           -       8192     8192 6.553600e+04   8.359943e+00     0.002 (  3132      0)     0.000 (   151      0)
"l:PIO:pio_inq_vardimid_file_vid"                             -       8192     8192 6.553600e+04   8.337597e+00     0.002 (  3132      0)     0.000 (   456      0)
"l:PIO:pio_inq_dimname_file_dimid"                            -       8192     8192 5.570560e+05   2.285387e+01     0.003 (  5231      0)     0.002 (  1831      0)
"l:PIO:pio_inq_dimlen_file_dimid"                             -       8192     8192 1.310720e+05   3.582287e+00     0.001 (   947      0)     0.000 (  6387      0)
"l:PIO:pio_inq_dimlen_file_dimid_offlen"                      -       8192     8192 1.310720e+05   3.548410e+00     0.001 (   947      0)     0.000 (  6387      0)
"l:PIO:pio_inquire_file"                                      -       8192     8192 2.457600e+05   6.797759e+00     0.001 (  2364      0)     0.001 (  7282      0)
"l:PIO:pio_inq_ndims_file"                                    -       8192     8192 2.457600e+05   6.731940e+00     0.001 (  2364      0)     0.001 (  7282      0)
"l:PIO:initdecomp"                                            -       8192     8192 8.192000e+03   7.397961e+02     0.091 (    96      0)     0.090 (  6998      0)
"l:PIO:PIOc_initdecomp"                                       -       8192     8192 8.192000e+03   7.395430e+02     0.091 (  4196      0)     0.090 (  6998      0)
"l:PIO:box_rearrange_create"                                  -       8192     8192 8.192000e+03   7.320341e+02     0.090 (  5269      0)     0.089 (  7958      0)
"l:PIO:pio_swapm"                                             -       8192     8192 9.011200e+04   1.837569e+04     2.395 (  1831      0)     0.164 (  8152      0)
"l:PIO:read_darray_3d_double"                                 -       8192     8192 6.553600e+04   1.902395e+04     2.325 (  1896      0)     2.321 (  7498      0)
"l:PIO:PIOc_read_darray"                                      -       8192     8192 6.553600e+04   1.902377e+04     2.325 (  1896      0)     2.321 (  7498      0)
"l:PIO:read_darray_nc"                                        -       8192     8192 6.553600e+04   1.221284e+03     2.228 (  8152      0)     0.000 (  6918      0)
"l:PIO:rearrange_io2comp"                                     -       8192     8192 6.553600e+04   1.778672e+04     2.322 (  1807      0)     0.092 (  8152      0)
"l:PIO:closefile"                                             -       8192     8192 8.192000e+03   9.990664e-01     0.001 (     0      0)     0.000 (  4761      0)
"l:PIO:PIOc_closefile"                                        -       8192     8192 8.192000e+03   9.882991e-01     0.001 (     0      0)     0.000 (  4771      0)
"l:surfalb"                                                   -       8192     8192 3.530752e+06   1.678309e+04     2.504 (  4103      0)     1.651 (    65      0)
"l:urbsurfalb"                                                -       8192     8192 3.530752e+06   6.387652e+03     1.532 (  7968      0)     0.614 (  1950      0)
"CPL:OCNT_RUN"                                                -       8192     8192 3.530752e+06   9.492722e+02     0.180 (     0      0)     0.084 (  7383      0)
"o:DOCN_RUN"                                                  -       8192     8192 3.530752e+06   8.046859e+02     0.124 (  4416      0)     0.066 (  7383      0)
"o:docn_run1"                                                 -       8192     8192 3.530752e+06   2.626858e+00     0.001 (  4653      0)     0.000 (  5224      0)
"o:docn"                                                      -       8192     8192 3.530752e+06   7.973120e+02     0.123 (  4590      0)     0.065 (  7383      0)
"o:docn_strdata_advance"                                      -       8192     8192 3.530752e+06   3.864686e+02     0.072 (  5361      0)     0.015 (  7383      0)
"o:docn_strd_adv_total"                                       -       8192     8192 3.530752e+06   3.810176e+02     0.071 (  5361      0)     0.014 (  7383      0)
"o:docn_strd_adv_readLBUB"                                    -       8192     8192 3.530752e+06   2.888408e+02     0.060 (  4589      0)     0.004 (  7383      0)
"o:docn_readLBUB_setup"                                       -       8192     8192 3.530752e+06   1.103719e+00     0.000 (  3983      0)     0.000 (  7751      0)
"o:docn_readLBUB_filemgt"                                     -       8192     8192 3.530752e+06   5.281464e-01     0.000 (   107      0)     0.000 (  5496      0)
"o:docn_strd_adv_tint"                                        -       8192     8192 3.530752e+06   5.831774e+01     0.008 (  5419      0)     0.007 (  1547      0)
"o:docn_scatter"                                              -       8192     8192 3.530752e+06   2.961914e+02     0.039 (  5175      0)     0.035 (   146      0)
"o:docn_datamode"                                             -       8192     8192 3.530752e+06   3.109917e+01     0.006 (  6053      0)     0.003 (   374      0)
"o:docn_run2"                                                 -       8192     8192 3.530752e+06   1.847055e-01     0.006 (     0      0)     0.000 (  3670      0)
"CPL:O2CT"                                                    -       8192     8192 3.530752e+06   2.200343e+04    13.030 (  1264      0)     0.029 (   505      0)
"CPL:o2c_ocno2ocnx"                                           -       8192     8192 3.530752e+06   1.345455e+02     0.024 (  6976      0)     0.016 (  2155      0)
"CPL:o2c_infoexch"                                            -       8192     8192 3.530752e+06   2.186391e+04    13.013 (  1264      0)     0.012 (   505      0)
"CPL:OCNPOSTT"                                                -       8192     8192 3.530752e+06   1.265293e+00     0.000 (  1943      0)     0.000 (  2242      0)
"i:cice_pice_readLBUB_LB_copy"                                -       8192     8192 8.192000e+03   9.009579e-03     0.000 (  3159      0)     0.000 (  1837      0)
"o:docn_readLBUB_fbound"                                      -       8192     8192 8.192000e+03   2.780920e-03     0.000 (     0      0)     0.000 (   672      0)
"o:docn_readLBUB_bcast"                                       -       8192     8192 8.192000e+03   6.163588e+01     0.038 (  6002      0)     0.000 (  2879      0)
"o:docn_readLBUB_LB_copy"                                     -       8192     8192 8.192000e+03   9.998209e-03     0.000 (  1563      0)     0.000 (  5299      0)
"o:docn_readLBUB_UB_setup"                                    -       8192     8192 8.192000e+03   4.966332e-03     0.000 (     0      0)     0.000 (  5646      0)
"o:docn_readLBUB_UB_readpio"                                  -       8192     8192 8.192000e+03   2.165595e+02     0.033 (     1      0)     0.002 (  7383      0)
"o:PIO:pio_inq_varid_file_vdesc"                              -       8192     8192 1.638400e+04   5.117256e-01     0.000 (  6330      0)     0.000 (  3263      0)
"o:PIO:pio_inq_varid_file_vid"                                -       8192     8192 1.638400e+04   5.020608e-01     0.000 (  6330      0)     0.000 (  3263      0)
"o:PIO:pio_inq_varndims_file_vdesc"                           -       8192     8192 8.192000e+03   2.780882e-01     0.000 (  6591      0)     0.000 (  7571      0)
"o:PIO:pio_inq_varndims_file_vid"                             -       8192     8192 8.192000e+03   2.726092e-01     0.000 (  6591      0)     0.000 (  7571      0)
"o:PIO:pio_inq_vardimid_file_vdesc"                           -       8192     8192 8.192000e+03   7.172939e-01     0.000 (  4263      0)     0.000 (  3275      0)
"o:PIO:pio_inq_vardimid_file_vid"                             -       8192     8192 8.192000e+03   7.120270e-01     0.000 (  4263      0)     0.000 (  3275      0)
"o:PIO:pio_inq_dimlen_file_dimid"                             -       8192     8192 2.457600e+04   5.464885e-01     0.007 (  1576      0)     0.000 (  8177      0)
"o:PIO:pio_inq_dimlen_file_dimid_offlen"                      -       8192     8192 2.457600e+04   5.357238e-01     0.007 (  1576      0)     0.000 (  8177      0)
"o:PIO:pio_inq_vartype_file_vdesc"                            -       8192     8192 8.192000e+03   6.529800e+00     0.011 (   324      0)     0.000 (  2695      0)
"o:PIO:pio_inq_vartype_file_vid"                              -       8192     8192 8.192000e+03   6.525276e+00     0.011 (   324      0)     0.000 (  2695      0)
"o:PIO:read_darray_1d_real"                                   -       8192     8192 8.192000e+03   2.073894e+02     0.030 (     0      0)     0.002 (  7383      0)
"o:PIO:PIOc_read_darray"                                      -       8192     8192 8.192000e+03   2.073665e+02     0.030 (     0      0)     0.002 (  7383      0)
"o:PIO:read_darray_nc"                                        -       8192     8192 8.192000e+03   2.581803e+01     0.030 (     0      0)     0.000 (  6868      0)
"o:PIO:rearrange_io2comp"                                     -       8192     8192 8.192000e+03   1.811841e+02     0.030 (     1      0)     0.000 (    48      0)
"o:PIO:pio_swapm"                                             -       8192     8192 8.192000e+03   1.810556e+02     0.030 (     1      0)     0.000 (    48      0)
"o:docn_strd_adv_fill"                                        -       8192     8192 8.192000e+03   6.590862e-01     0.000 (  5352      0)     0.000 (  4027      0)
"o:docn_strd_adv_map"                                         -       8192     8192 8.192000e+03   1.473571e+01     0.003 (  1585      0)     0.001 (  3276      0)
"CPL:RUN_LOOP_BSTOP"                                          -       8192     8192 8.192000e+03   1.541529e+01     0.003 (  4796      0)     0.000 (  3823      0)
"CPL:FINAL"                                                   -       8192     8192 8.192000e+03   7.829049e+03     0.958 (  4064      0)     0.955 (   735      0)
"CPL:cime_final"                                              -       8192     8192 8.192000e+03   7.829038e+03     0.958 (  4064      0)     0.955 (   735      0)
"o_f:DOCN_FINAL"                                              -       8192     8192 8.192000e+03   1.350685e-03     0.000 (     0      0)     0.000 (  1091      0)
"a_f:EAMxx::finalize"                                         y       8192     8192 8.192000e+03   1.326920e+03     0.191 (  6104      0)     0.131 (  3619      0)
"a_f:PIO:PIOc_sync"                                           -       8192     8192 8.192000e+03   1.601336e-01     0.000 (  2176      0)     0.000 (  2434      0)
"a_f:PIO:write_total"                                         -       8192     8192 1.638400e+04   2.690769e+00     0.004 (  5888      0)     0.000 (  3189      0)
"a_f:PIO:flush_output_buffer"                                 -       1024     1024 2.048000e+03   1.327016e-01     0.000 (  3184      0)     0.000 (  7840      0)
"a_f:PIO:PIOc_closefile"                                      -       8192     8192 1.638400e+04   1.913042e+01     0.042 (    56      0)     0.000 (  2091      0)
"a_f:PIO:PIOc_closefile_write_mode"                           -       8192     8192 8.192000e+03   2.543648e+00     0.004 (  5888      0)     0.000 (  4380      0)
"a_f:PIO:PIOc_freedecomp"                                     -       8192     8192 1.064960e+05   2.252019e+00     0.002 (  1192      0)     0.000 (  4980      0)
"PIO:finalize"                                                -       8192     8192 8.192000e+04   6.136560e+02     0.672 (   768      0)     0.000 (  2517      0)
"PIO:PIOc_finalize"                                           -       8192     8192 8.192000e+04   6.135135e+02     0.672 (   768      0)     0.000 (  3877      0)
"CPL:FINAL_sync1_tprf"                                        -       8192     8192 8.192000e+03   1.810560e+01     0.003 (   926      0)     0.000 (  2017      0)
"CPL:FINAL_t_prf"                                             y          0        0 0.000000e+00   0.000000e+00     0.000 (     0      0)     0.000 (     0      0)

