
***** GLOBAL STATISTICS (  2048 MPI TASKS) *****

$Id: gptl.c,v 1.157 2011-03-28 20:55:18 rosinski Exp $
'count' is cumulative. All other stats are max/min
'on' indicates whether the timer was active during output, and so stats are lower or upper bounds.

name                                                         on  processes  threads        count      walltotal   wallmax (proc   thrd  )   wallmin (proc   thrd  )
"CPL:INIT"                                                    -       2048     2048 2.048000e+03   6.554544e+05   320.585 (     7      0)   318.532 (  1700      0)
"CPL:cime_pre_init1"                                          -       2048     2048 2.048000e+03   9.122350e+03     4.994 (     0      0)     2.940 (  1696      0)
"CPL:mpi_init"                                                -       2048     2048 2.048000e+03   8.571542e+03     4.725 (     0      0)     2.671 (  1698      0)
"CPL:ESMF_Initialize"                                         -       2048     2048 2.048000e+03   1.051081e-01     0.001 (    88      0)     0.000 (    17      0)
"CPL:cime_pre_init2"                                          -       2048     2048 2.048000e+03   6.911784e+02     0.339 (  2023      0)     0.303 (     1      0)
"CPL:seq_infodata_init"                                       -       2048     2048 2.048000e+03   1.745029e+02     0.241 (   756      0)     0.001 (   404      0)
"CPL:seq_timemgr_clockInit"                                   -       2048     2048 2.048000e+03   6.163970e+01     0.036 (   709      0)     0.000 (    50      0)
"CPL:cime_init"                                               -       2048     2048 2.048000e+03   6.456408e+05   315.288 (     7      0)   315.253 (  1724      0)
"CPL:init_comps"                                              -       2048     2048 2.048000e+03   6.454974e+05   315.218 (     1      0)   315.184 (   654      0)
"CPL:comp_init_pre_all"                                       -       2048     2048 2.048000e+03   6.140761e-02     0.000 (  1725      0)     0.000 (   792      0)
"CPL:comp_init_cc_atm"                                        -       2048     2048 2.048000e+03   3.117306e+05   152.246 (     1      0)   152.211 (  1723      0)
"a_i:comp_init"                                               -       2048     2048 4.096000e+03   3.117180e+05   152.245 (     0      0)   152.204 (  1724      0)
"a_i:EAMxx::init"                                             -       2048     2048 1.433600e+04   3.082569e+05   150.708 (   256      0)   150.053 (  1795      0)
"a_i:EAMxx::create_output_managers"                           -       2048     2048 2.048000e+03   1.053446e+00     0.002 (   297      0)     0.000 (     4      0)
"a_i:EAMxx::create_atm_processes"                             -       2048     2048 2.048000e+03   1.023548e+03     0.648 (     2      0)     0.018 (  1792      0)
"a_i:EAMxx::create_grids"                                     -       2048     2048 2.048000e+03   1.954978e+04     9.576 (  1609      0)     9.536 (  1049      0)
"a_i:EAMxx::build_grids"                                      -       2048     2048 2.048000e+03   1.626791e+04     7.948 (   987      0)     7.942 (     0      0)
"a_i:PartitioningTime"                                        -       2048     2048 2.048000e+03   5.514580e-04     0.000 (  1589      0)     0.000 (  1719      0)
"a_i:repro_sum_int"                                           -       2048     2048 2.048000e+03   4.026115e+02     0.215 (   531      0)     0.000 (  1953      0)
"a_i:PIO:spio_get_att_tc"                                     -       2048     2048 2.232320e+05   1.027014e+01     0.006 (  1105      0)     0.005 (   318      0)
"a_i:PIO:spio_get_vars_tc"                                    -       2048     2048 4.096000e+04   9.433128e+02     0.482 (   887      0)     0.444 (     0      0)
"a_i:PIO:PIOc_closefile"                                      -       2048     2048 2.662400e+04   3.491929e+02     4.622 (   112      0)     0.000 (  1702      0)
"a_i:EAMxx::SurfaceCouplingImporter::set_grids"               -       2048     2048 2.048000e+03   3.919703e-01     0.000 (  1934      0)     0.000 (  1347      0)
"a_i:EAMxx::homme::set_grids"                                 -       2048     2048 2.048000e+03   1.918216e+03     0.971 (   125      0)     0.908 (  1777      0)
"a_i:EAMxx::physics::set_grids"                               -       2048     2048 2.048000e+03   1.343339e+03     0.695 (   472      0)     0.619 (   125      0)
"a_i:EAMxx::mac_aero_mic::set_grids"                          -       2048     2048 2.048000e+03   5.252248e+02     0.284 (   226      0)     0.223 (   125      0)
"a_i:EAMxx::tms::set_grids"                                   -       2048     2048 2.048000e+03   2.975000e+01     0.019 (  1346      0)     0.014 (  1022      0)
"a_i:EAMxx::shoc::set_grids"                                  -       2048     2048 2.048000e+03   7.955717e-01     0.001 (   760      0)     0.000 (  1723      0)
"a_i:EAMxx::cld_fraction::set_grids"                          -       2048     2048 2.048000e+03   2.125807e-01     0.001 (   766      0)     0.000 (  1723      0)
"a_i:EAMxx::spa::set_grids"                                   -       2048     2048 2.048000e+03   4.931382e+02     0.269 (   226      0)     0.207 (   125      0)
"a_i:EAMxx::p3::set_grids"                                    -       2048     2048 2.048000e+03   1.200456e+00     0.002 (  1412      0)     0.000 (   653      0)
"a_i:EAMxx::rrtmgp::set_grids"                                -       2048     2048 2.048000e+03   8.179739e+02     0.417 (   880      0)     0.393 (  1762      0)
"a_i:EAMxx::SurfaceCouplingExporter::set_grids"               -       2048     2048 2.048000e+03   4.170254e+00     0.017 (  2019      0)     0.002 (  1393      0)
"a_i:EAMxx::create_fields"                                    -       2048     2048 2.048000e+03   1.376943e+03     0.806 (  1722      0)     0.657 (  1148      0)
"a_i:EAMxx::initialize_fields"                                -       2048     2048 2.048000e+03   7.275499e+04    35.540 (  1440      0)    35.493 (   145      0)
"a_i:PIO:PIOc_initdecomp"                                     -       2048     2048 2.662400e+04   1.583199e+04     7.734 (  1992      0)     7.728 (   258      0)
"a_i:PIO:box_rearrange_create"                                -       2048     2048 2.662400e+04   1.575694e+04     7.694 (    32      0)     7.692 (    14      0)
"a_i:PIO:pio_swapm"                                           -       2048     2048 1.249280e+05   3.583165e+04    32.211 (   204      0)     1.156 (   768      0)
"a_i:PIO:PIOc_read_darray"                                    -       2048     2048 4.505600e+04   4.969386e+04    26.266 (  2040      0)    21.381 (   121      0)
"a_i:PIO:read_darray_nc"                                      -       2048     2048 4.505600e+04   3.558501e+03    25.784 (     0      0)     0.000 (  1319      0)
"a_i:PIO:rearrange_io2comp"                                   -       2048     2048 4.505600e+04   2.938253e+04    26.207 (   684      0)     0.403 (   512      0)
"a_i:EAMxx::initialize_atm_procs"                             -       2048     2048 2.048000e+03   2.127496e+05   104.112 (   262      0)   103.836 (   240      0)
"a_i:EAMxx::SurfaceCouplingImporter::init"                    -       2048     2048 2.048000e+03   5.310766e-01     0.000 (  1449      0)     0.000 (   671      0)
"a_i:EAMxx::homme::init"                                      -       2048     2048 2.048000e+03   1.994378e+05    97.422 (   134      0)    97.353 (  1968      0)
"a_i:compose_init"                                            -       2048     2048 2.048000e+03   2.257242e+02     0.144 (   118      0)     0.079 (   224      0)
"a_i:sl_init1"                                                -       2048     2048 2.048000e+03   2.947665e+03     2.515 (  1140      0)     1.300 (  1501      0)
"a_i:EAMxx::tms::init"                                        -       2048     2048 2.048000e+03   7.502324e-03     0.000 (   153      0)     0.000 (   336      0)
"a_i:EAMxx::shoc::init"                                       -       2048     2048 2.048000e+03   1.116956e+01     0.009 (  1606      0)     0.005 (   704      0)
"a_i:EAMxx::cld_fraction::init"                               -       2048     2048 2.048000e+03   6.086943e-02     0.000 (   422      0)     0.000 (  1650      0)
"a_i:EAMxx::spa::init"                                        -       2048     2048 2.048000e+03   1.282948e+04     6.287 (  1262      0)     6.246 (  1864      0)
"a_i:EAMxx::p3::init"                                         -       2048     2048 2.048000e+03   1.303118e+02     0.085 (   768      0)     0.050 (  1147      0)
"a_i:EAMxx::rrtmgp::init"                                     -       2048     2048 2.048000e+03   2.885380e+02     0.344 (   258      0)     0.103 (   768      0)
"a_i:EAMxx::SurfaceCouplingExporter::init"                    -       2048     2048 2.048000e+03   2.603291e+00     0.002 (   171      0)     0.001 (  1760      0)
"a_i:EAMxx::initialize_output_managers"                       -       2048     2048 2.048000e+03   8.010138e+02     0.397 (   616      0)     0.390 (  1377      0)
"a_i:EAMxx::IO::standard"                                     -       2048     2048 2.048000e+03   2.983791e+02     0.177 (   248      0)     0.110 (   455      0)
"a_i:EAMxx::IO::nooutput.yaml"                                -       2048     2048 2.048000e+03   2.983763e+02     0.177 (   248      0)     0.110 (   455      0)
"a_i:EAMxx::IO::standard::get_new_file"                       -       2048     2048 2.048000e+03   2.967155e+02     0.177 (  1490      0)     0.110 (   455      0)
"a_i:PIO:PIOc_createfile"                                     -       2048     2048 2.048000e+03   2.928253e+02     0.175 (  1490      0)     0.108 (   455      0)
"a_i:PIO:write_total"                                         -       2048     2048 6.758400e+04   2.949827e+02     0.176 (   248      0)     0.108 (   455      0)
"a_i:PIO:spio_put_att_tc"                                     -       2048     2048 6.144000e+04   1.906870e-01     0.000 (  1928      0)     0.000 (  1302      0)
"a_i:PIO:spio_put_vars_tc"                                    -       2048     2048 2.048000e+03   4.065909e-01     0.001 (   888      0)     0.000 (  1633      0)
"a_i:PIO:flush_output_buffer"                                 -        256      256 5.120000e+02   1.642139e+00     0.007 (   856      0)     0.006 (   968      0)
"a_i:EAMxx::IO::standard::run_output_streams"                 -       2048     2048 2.048000e+03   3.284260e-04     0.000 (  2029      0)     0.000 (    55      0)
"a_i:EAMxx::IO::standard::update_snapshot_tally"              -       2048     2048 2.048000e+03   1.655197e+00     0.006 (   856      0)     0.000 (  1292      0)
"a_i:PIO:PIOc_sync"                                           -       2048     2048 2.048000e+03   1.560149e+00     0.006 (   856      0)     0.000 (   807      0)
"CPL:comp_init_cc_lnd"                                        -       2048     2048 2.048000e+03   2.085594e+05   101.837 (   276      0)   101.834 (     6      0)
"l_i:comp_init"                                               -       2048     2048 2.048000e+03   2.085413e+05   101.836 (   272      0)   101.818 (   409      0)
"l_i:elm_init1"                                               -       2048     2048 2.048000e+03   2.633941e+04    12.871 (     1      0)    12.850 (  1638      0)
"l_i:PIO:openfile"                                            -       2048     2048 4.710400e+04   5.720335e+04    28.097 (   386      0)    27.798 (   715      0)
"l_i:PIO:pio_inq_dimid_file_dimid"                            -       2048     2048 1.269760e+05   2.787100e+00     0.003 (  1563      0)     0.001 (  1776      0)
"l_i:PIO:pio_inq_dimlen_file_dimid"                           -       2048     2048 7.618560e+05   1.305840e+01     0.015 (   640      0)     0.004 (   197      0)
"l_i:PIO:pio_inq_dimlen_file_dimid_offlen"                    -       2048     2048 7.618560e+05   1.286683e+01     0.015 (   640      0)     0.004 (   197      0)
"l_i:PIO:pio_inq_varid_file_vdesc"                            -       2048     2048 9.543680e+05   8.533329e+02     1.773 (  2032      0)     0.020 (     5      0)
"l_i:PIO:pio_inq_varid_file_vid"                              -       2048     2048 9.543680e+05   8.529683e+02     1.773 (  2032      0)     0.020 (     5      0)
"l_i:PIO:get_var_1d_int"                                      -       2048     2048 1.228800e+04   7.050280e+02     0.364 (  2041      0)     0.329 (   164      0)
"l_i:PIO:spio_get_vars_tc"                                    -       2048     2048 4.075520e+05   2.907091e+03     1.444 (   489      0)     1.386 (   206      0)
"l_i:PIO:closefile"                                           -       2048     2048 4.096000e+04   1.868841e+01     0.100 (     8      0)     0.001 (  1644      0)
"l_i:PIO:PIOc_closefile"                                      -       2048     2048 4.096000e+04   1.864792e+01     0.100 (     8      0)     0.001 (  1644      0)
"l_i:PIO:pio_inq_varndims_file_vdesc"                         -       2048     2048 4.648960e+05   1.922492e+01     0.015 (   513      0)     0.004 (    71      0)
"l_i:PIO:pio_inq_varndims_file_vid"                           -       2048     2048 4.648960e+05   1.907311e+01     0.014 (   513      0)     0.004 (    71      0)
"l_i:PIO:pio_inq_vardimid_file_vdesc"                         -       2048     2048 4.648960e+05   3.468037e+01     0.025 (   513      0)     0.008 (    71      0)
"l_i:PIO:pio_inq_vardimid_file_vid"                           -       2048     2048 4.648960e+05   3.453801e+01     0.025 (   513      0)     0.008 (    71      0)
"l_i:PIO:pio_inq_dimname_file_dimid"                          -       2048     2048 1.689600e+06   3.930818e+01     0.028 (     1      0)     0.011 (    15      0)
"l_i:PIO:initdecomp"                                          -       2048     2048 5.324800e+04   4.575838e+03     2.366 (    11      0)     2.166 (   905      0)
"l_i:PIO:PIOc_initdecomp"                                     -       2048     2048 5.324800e+04   4.559646e+03     2.358 (    10      0)     2.158 (   904      0)
"l_i:PIO:box_rearrange_create"                                -       2048     2048 5.324800e+04   4.293785e+03     2.098 (    69      0)     2.094 (   905      0)
"l_i:PIO:pio_swapm"                                           -       2048     2048 6.205440e+05   1.219144e+05    63.707 (   195      0)    10.421 (     0      0)
"l_i:PIO:read_darray_1d_double"                               -       2048     2048 1.679360e+05   2.438789e+04    12.102 (   391      0)    11.324 (  2032      0)
"l_i:PIO:PIOc_read_darray"                                    -       2048     2048 4.608000e+05   1.278396e+05    62.880 (   199      0)    61.060 (  2032      0)
"l_i:PIO:read_darray_nc"                                      -       2048     2048 4.608000e+05   7.395976e+03    52.753 (     0      0)     0.000 (  2021      0)
"l_i:PIO:rearrange_io2comp"                                   -       2048     2048 4.608000e+05   1.203494e+05    62.853 (   199      0)     9.800 (     0      0)
"l_i:PIO:pio_inquire_file"                                    -       2048     2048 6.144000e+05   9.972350e+00     0.007 (   518      0)     0.003 (    71      0)
"l_i:PIO:pio_inq_ndims_file"                                  -       2048     2048 6.144000e+05   9.795204e+00     0.007 (   518      0)     0.003 (    71      0)
"l_i:PIO:read_darray_1d_int"                                  -       2048     2048 1.433600e+04   1.711266e+03     0.869 (  1444      0)     0.791 (  2032      0)
"l_i:PIO:read_darray_3d_double"                               -       2048     2048 3.686400e+04   5.477199e+03     2.680 (  1464      0)     2.668 (   922      0)
"l_i:PIO:read_darray_3d_int"                                  -       2048     2048 2.048000e+03   6.694294e+02     0.327 (   577      0)     0.327 (  1791      0)
"l_i:PIO:read_darray_4d_double"                               -       2048     2048 2.867200e+04   5.250894e+03     2.576 (   104      0)     2.555 (  1433      0)
"l_i:PIO:get_var_1d_text"                                     -       2048     2048 4.096000e+03   3.747086e+02     0.190 (   871      0)     0.167 (     2      0)
"l_i:PIO:get_var_1d_double"                                   -       2048     2048 2.949120e+05   9.757881e+01     0.057 (     1      0)     0.039 (    49      0)
"l_i:PIO:get_var_0d_double"                                   -       2048     2048 2.048000e+04   9.929190e+02     0.489 (   880      0)     0.482 (   107      0)
"l_i:PIO:read_darray_2d_double"                               -       2048     2048 2.027520e+05   8.979192e+04    44.149 (  1343      0)    43.112 (  2032      0)
"l_i:PIO:read_darray_2d_int"                                  -       2048     2048 8.192000e+03   5.522818e+02     0.274 (     0      0)     0.266 (  1001      0)
"l_i:gather_1darray_int_total"                                -       2048     2048 1.024000e+04   2.582343e+02     0.801 (     0      0)     0.092 (   120      0)
"l_i:scatter_1darray_int_total"                               -       2048     2048 1.024000e+04   2.814850e+03     1.408 (   127      0)     0.621 (     0      0)
"l_i:init_filters"                                            -       2048     2048 2.048000e+03   3.204743e-01     0.002 (  1720      0)     0.000 (  1671      0)
"l_i:elm_init2"                                               -       2048     2048 2.048000e+03   1.820650e+05    88.908 (   112      0)    88.890 (   305      0)
"l_i:init_orbd"                                               -       2048     2048 2.048000e+03   4.496793e-02     0.000 (  1724      0)     0.000 (   578      0)
"l_i:PIO:get_var_0d_int"                                      -       2048     2048 4.300800e+04   4.239096e+02     0.224 (   520      0)     0.193 (  1031      0)
"l_i:PIO:get_var_2d_double"                                   -       2048     2048 2.457600e+04   2.091477e+02     0.109 (     0      0)     0.095 (   217      0)
"l_i:PIO:get_var_3d_double"                                   -       2048     2048 8.192000e+03   1.899717e+02     0.101 (    16      0)     0.089 (   169      0)
"l_i:init_accflds"                                            -       2048     2048 2.048000e+03   5.781500e+00     0.003 (   253      0)     0.003 (  1286      0)
"l_i:init_dyn_subgrid"                                        -       2048     2048 2.048000e+03   2.134316e+01     0.012 (   820      0)     0.010 (  1147      0)
"l_i:subgridRest_write-read"                                  -       2048     2048 2.048000e+03   7.532170e+03     3.686 (  1343      0)     3.668 (   321      0)
"l_i:init_map2gc"                                             -       2048     2048 2.048000e+03   5.908107e+00     0.004 (   311      0)     0.002 (  1491      0)
"l_i:init_elm_interface_data & pflotran"                      -       2048     2048 2.048000e+03   8.466300e-05     0.000 (    10      0)     0.000 (    66      0)
"l_i:init_wlog"                                               -       2048     2048 2.048000e+03   1.507720e-04     0.000 (     0      0)     0.000 (  1489      0)
"l_i:elm_init3"                                               -       2048     2048 2.048000e+03   5.435248e-03     0.001 (   465      0)     0.000 (  1269      0)
"CPL:comp_init_cc_rof"                                        -       2048     2048 2.048000e+03   6.615924e-01     0.001 (   911      0)     0.000 (   511      0)
"r_i:comp_init"                                               -       2048     2048 2.048000e+03   1.189493e-01     0.000 (   908      0)     0.000 (     0      0)
"CPL:comp_init_cc_ocn"                                        -       2048     2048 2.048000e+03   6.340246e+04    30.960 (     5      0)    30.957 (   278      0)
"o_i:comp_init"                                               -       2048     2048 2.048000e+03   6.339942e+04    30.959 (     0      0)    30.956 (  1965      0)
"o_i:docn_readnml"                                            -       2048     2048 2.048000e+03   1.445964e+01     0.008 (     2      0)     0.006 (  1725      0)
"o_i:DOCN_INIT"                                               -       2048     2048 2.048000e+03   6.338482e+04    30.950 (  1723      0)    30.949 (    48      0)
"o_i:docn_strdata_init"                                       -       2048     2048 2.048000e+03   6.100405e+04    29.788 (   111      0)    29.787 (  1512      0)
"o_i:PIO:initdecomp"                                          -       2048     2048 6.144000e+03   1.179437e+02     0.069 (   128      0)     0.043 (     0      0)
"o_i:PIO:PIOc_initdecomp"                                     -       2048     2048 6.144000e+03   1.179260e+02     0.069 (   128      0)     0.043 (     0      0)
"o_i:PIO:box_rearrange_create"                                -       2048     2048 6.144000e+03   6.088944e+01     0.030 (  1690      0)     0.029 (  1197      0)
"o_i:PIO:pio_swapm"                                           -       2048     2048 2.252800e+04   6.479813e+01     0.034 (   181      0)     0.026 (  1704      0)
"o_i:docn_initgsmaps"                                         -       2048     2048 2.048000e+03   6.109175e-01     0.001 (   990      0)     0.000 (     0      0)
"o_i:docn_initmctdom"                                         -       2048     2048 2.048000e+03   5.196228e-01     0.001 (   568      0)     0.000 (  1339      0)
"o_i:docn_initmctavs"                                         -       2048     2048 2.048000e+03   1.239362e+00     0.001 (   188      0)     0.000 (  1706      0)
"o_i:DOCN_RUN"                                                -       2048     2048 2.048000e+03   2.378373e+03     1.162 (  1727      0)     1.160 (  1958      0)
"o_i:docn_run1"                                               -       2048     2048 2.048000e+03   2.523360e-03     0.000 (  1952      0)     0.000 (  1219      0)
"o_i:docn"                                                    -       2048     2048 2.048000e+03   2.378351e+03     1.162 (  2023      0)     1.160 (  1958      0)
"o_i:docn_strdata_advance"                                    -       2048     2048 2.048000e+03   2.377863e+03     1.162 (   499      0)     1.160 (  1958      0)
"o_i:docn_strd_adv_total"                                     -       2048     2048 2.048000e+03   2.377852e+03     1.162 (   499      0)     1.160 (  1958      0)
"o_i:docn_strd_adv_readLBUB"                                  -       2048     2048 2.048000e+03   2.373829e+03     1.160 (   941      0)     1.158 (   469      0)
"o_i:docn_readLBUB_setup"                                     -       2048     2048 2.048000e+03   5.547190e-04     0.000 (   865      0)     0.000 (   128      0)
"o_i:docn_readLBUB_fbound"                                    -       2048     2048 2.048000e+03   1.019376e+00     1.019 (     0      0)     0.000 (   165      0)
"o_i:docn_readLBUB_bcast"                                     -       2048     2048 2.048000e+03   2.087166e+03     1.020 (   723      0)     0.000 (     0      0)
"o_i:docn_readLBUB_LB_setup"                                  -       2048     2048 2.048000e+03   8.552730e-04     0.000 (     0      0)     0.000 (   305      0)
"o_i:docn_readLBUB_LB_readpio"                                -       2048     2048 2.048000e+03   2.767019e+02     0.136 (   288      0)     0.134 (   723      0)
"o_i:PIO:openfile"                                            -       2048     2048 2.048000e+03   2.683727e+02     0.132 (  1904      0)     0.130 (   723      0)
"o_i:PIO:pio_inq_varid_file_vdesc"                            -       2048     2048 8.192000e+03   7.748969e-01     0.001 (   683      0)     0.000 (  1904      0)
"o_i:PIO:pio_inq_varid_file_vid"                              -       2048     2048 8.192000e+03   7.712833e-01     0.001 (   683      0)     0.000 (  1904      0)
"o_i:PIO:pio_inq_varndims_file_vdesc"                         -       2048     2048 4.096000e+03   2.019461e-01     0.000 (  1959      0)     0.000 (   127      0)
"o_i:PIO:pio_inq_varndims_file_vid"                           -       2048     2048 4.096000e+03   2.000026e-01     0.000 (  1959      0)     0.000 (   127      0)
"o_i:PIO:pio_inq_vardimid_file_vdesc"                         -       2048     2048 4.096000e+03   3.966125e-01     0.000 (   985      0)     0.000 (  1774      0)
"o_i:PIO:pio_inq_vardimid_file_vid"                           -       2048     2048 4.096000e+03   3.945551e-01     0.000 (   985      0)     0.000 (  1774      0)
"o_i:PIO:pio_inq_dimlen_file_dimid"                           -       2048     2048 1.228800e+04   2.401704e-01     0.000 (  1305      0)     0.000 (  1775      0)
"o_i:PIO:pio_inq_dimlen_file_dimid_offlen"                    -       2048     2048 1.228800e+04   2.364340e-01     0.000 (  1311      0)     0.000 (  1775      0)
"o_i:PIO:pio_inq_vartype_file_vdesc"                          -       2048     2048 4.096000e+03   2.017979e-01     0.000 (   170      0)     0.000 (  1009      0)
"o_i:PIO:pio_inq_vartype_file_vid"                            -       2048     2048 4.096000e+03   2.001856e-01     0.000 (   170      0)     0.000 (  1014      0)
"o_i:PIO:read_darray_1d_real"                                 -       2048     2048 4.096000e+03   1.367818e+01     0.008 (   185      0)     0.005 (   514      0)
"o_i:PIO:PIOc_read_darray"                                    -       2048     2048 4.096000e+03   1.366987e+01     0.008 (   185      0)     0.005 (   514      0)
"o_i:PIO:read_darray_nc"                                      -       2048     2048 4.096000e+03   1.607601e+00     0.008 (   256      0)     0.000 (   620      0)
"o_i:PIO:rearrange_io2comp"                                   -       2048     2048 4.096000e+03   1.142675e+01     0.008 (   185      0)     0.000 (   280      0)
"o_i:docn_readLBUB_UB_setup"                                  -       2048     2048 2.048000e+03   6.852990e-04     0.000 (     0      0)     0.000 (   428      0)
"o_i:docn_readLBUB_UB_readpio"                                -       2048     2048 2.048000e+03   8.779172e+00     0.005 (   227      0)     0.003 (   757      0)
"o_i:docn_readLBUB_filemgt"                                   -       2048     2048 2.048000e+03   3.474450e-04     0.000 (  1264      0)     0.000 (   248      0)
"o_i:docn_strd_adv_fill"                                      -       2048     2048 2.048000e+03   1.133331e-01     0.000 (  1644      0)     0.000 (   661      0)
"o_i:docn_strd_adv_map"                                       -       2048     2048 2.048000e+03   3.758375e+00     0.003 (   357      0)     0.001 (   182      0)
"o_i:docn_strd_adv_tint"                                      -       2048     2048 2.048000e+03   1.202710e-01     0.000 (    13      0)     0.000 (  1214      0)
"o_i:docn_scatter"                                            -       2048     2048 2.048000e+03   3.035753e-01     0.000 (   282      0)     0.000 (   448      0)
"o_i:docn_datamode"                                           -       2048     2048 2.048000e+03   1.139839e-01     0.001 (  1723      0)     0.000 (  1005      0)
"o_i:docn_run2"                                               -       2048     2048 2.048000e+03   1.180910e-04     0.000 (     0      0)     0.000 (    33      0)
"CPL:comp_init_cc_ice"                                        -       2048     2048 2.048000e+03   6.163056e+04    30.094 (  1455      0)    30.093 (  1205      0)
"i_i:comp_init"                                               -       2048     2048 2.048000e+03   6.162925e+04    30.094 (  1455      0)    30.092 (   550      0)
"i_i:cice_init"                                               -       2048     2048 2.048000e+03   9.126016e+03     4.458 (   900      0)     4.454 (   278      0)
"i_i:ice_HaloUpdate2DR8"                                      -       2048     2048 8.192000e+03   1.228627e+00     0.136 (     2      0)     0.000 (  1874      0)
"i_i:ice_HU2DR8_init"                                         -       2048     2048 8.192000e+03   2.481740e-03     0.000 (  1653      0)     0.000 (  1878      0)
"i_i:state_bound_h1"                                          -       2048     2048 2.048000e+03   7.305412e-01     0.003 (   854      0)     0.000 (  2043      0)
"i_i:ice_HaloUpdate3DR8"                                      -       2048     2048 1.024000e+04   8.917679e-01     0.003 (   854      0)     0.000 (  1649      0)
"i_i:ice_HU3DR8_init"                                         -       2048     2048 1.024000e+04   2.557091e-03     0.000 (  1096      0)     0.000 (  1809      0)
"i_i:ice_HU3DR8_recvall"                                      -       2048     2048 1.024000e+04   6.789278e-01     0.003 (   854      0)     0.000 (   620      0)
"i_i:state_bound_hm"                                          -       2048     2048 2.048000e+03   1.206578e-01     0.000 (  1905      0)     0.000 (  1695      0)
"i_i:state_bound_hc"                                          -       2048     2048 2.048000e+03   1.872665e-03     0.000 (  1269      0)     0.000 (  1666      0)
"i_i:state_bound_h2"                                          -       2048     2048 2.048000e+03   2.279309e-01     0.000 (   171      0)     0.000 (   242      0)
"i_i:ice_HaloUpdate4DR8"                                      -       2048     2048 2.048000e+03   5.149754e-02     0.000 (   713      0)     0.000 (  1632      0)
"i_i:ice_HU4DR8_init"                                         -       2048     2048 2.048000e+03   2.815131e-03     0.000 (  1332      0)     0.000 (   891      0)
"i_i:ice_HU4DR8_recvall"                                      -       2048     2048 2.048000e+03   3.833600e-04     0.000 (  1342      0)     0.000 (   302      0)
"i_i:state_bound_hd"                                          -       2048     2048 2.048000e+03   7.120160e-04     0.000 (  1015      0)     0.000 (  1457      0)
"i_i:cice_mct_init"                                           -       2048     2048 2.048000e+03   5.250304e+04    25.638 (  1569      0)    25.634 (   912      0)
"i_i:PIO:initdecomp"                                          -       2048     2048 6.144000e+03   1.226209e+02     0.071 (   128      0)     0.044 (     0      0)
"i_i:PIO:PIOc_initdecomp"                                     -       2048     2048 6.144000e+03   1.226042e+02     0.071 (   128      0)     0.043 (     0      0)
"i_i:PIO:box_rearrange_create"                                -       2048     2048 6.144000e+03   6.151226e+01     0.030 (     4      0)     0.030 (  2019      0)
"i_i:PIO:pio_swapm"                                           -       2048     2048 1.843200e+04   5.423515e+01     0.027 (   408      0)     0.026 (  1938      0)
"CPL:comp_init_cc_glc"                                        -       2048     2048 2.048000e+03   9.103365e-01     0.001 (   807      0)     0.000 (  1567      0)
"g_i:comp_init"                                               -       2048     2048 2.048000e+03   1.734838e-03     0.000 (  1507      0)     0.000 (  1060      0)
"CPL:comp_init_cc_wav"                                        -       2048     2048 2.048000e+03   8.468004e-01     0.001 (   201      0)     0.000 (  1897      0)
"w_i:comp_init"                                               -       2048     2048 2.048000e+03   7.592600e-04     0.000 (   527      0)     0.000 (   219      0)
"CPL:comp_init_cc_esp"                                        -       2048     2048 2.048000e+03   6.387081e-01     0.001 (   625      0)     0.000 (  1620      0)
"e_i:comp_init"                                               -       2048     2048 2.048000e+03   7.874240e-04     0.000 (   360      0)     0.000 (    49      0)
"CPL:comp_init_cc_iac"                                        -       2048     2048 2.048000e+03   6.993907e-01     0.000 (   646      0)     0.000 (  1496      0)
"z_i:comp_init"                                               -       2048     2048 2.048000e+03   7.079170e-04     0.000 (  1848      0)     0.000 (  1752      0)
"CPL:comp_init_cx_all"                                        -       2048     2048 2.048000e+03   1.705430e+02     0.084 (   429      0)     0.082 (     0      0)
"CPL:comp_list_all"                                           -       2048     2048 2.048000e+03   4.775350e-02     0.001 (   466      0)     0.000 (   144      0)
"CPL:init_maps"                                               -       2048     2048 2.048000e+03   3.714962e+01     0.021 (  1720      0)     0.014 (     0      0)
"CPL:init_aream"                                              -       2048     2048 2.048000e+03   2.325984e+00     0.005 (     0      0)     0.000 (   897      0)
"CPL:init_domain_check"                                       -       2048     2048 2.048000e+03   2.700771e+01     0.014 (   451      0)     0.010 (  1399      0)
"CPL:init_areacor"                                            -       2048     2048 2.048000e+03   2.462685e+01     0.012 (     1      0)     0.012 (   507      0)
"CPL:init_fracs"                                              -       2048     2048 2.048000e+03   3.946858e+00     0.003 (  1024      0)     0.001 (   535      0)
"CPL:init_aoflux"                                             -       2048     2048 2.048000e+03   3.473965e+00     0.003 (  1723      0)     0.001 (  1906      0)
"CPL:init_atminit"                                            -       2048     2048 1.228800e+04   2.310734e+01     0.014 (  1969      0)     0.008 (     0      0)
"CPL:comp_init_cc_atm2"                                       -       2048     2048 2.048000e+03   1.373269e+01     0.010 (    55      0)     0.004 (  1972      0)
"CPL:init_readrestart"                                        -       2048     2048 2.048000e+03   1.773457e-01     0.000 (  1547      0)     0.000 (  1945      0)
"CPL:cime_run_init"                                           -       2048     2048 2.048000e+03   2.431074e-01     0.003 (     0      0)     0.000 (  1123      0)
"CPL:INIT_sync1_tprf"                                         -       2048     2048 2.048000e+03   4.591750e+00     0.003 (    15      0)     0.000 (     0      0)
"CPL:INIT_t_prf"                                              -       2048     2048 2.048000e+03   8.659247e-01     0.010 (     0      0)     0.000 (    69      0)
"CPL:INIT_sync2_tprf"                                         -       2048     2048 2.048000e+03   1.995601e+01     0.010 (   791      0)     0.000 (     0      0)
"CPL:RUN_LOOP_BSTART"                                         -       2048     2048 2.048000e+03   4.688933e-01     0.001 (  1319      0)     0.000 (   791      0)
"CPL:RUN_LOOP"                                                -       2048     2048 8.847360e+05   3.296223e+06  1609.490 (  1465      0)  1609.481 (  1319      0)
"CPL:CLOCK_ADVANCE"                                           -       2048     2048 8.847360e+05   5.966842e+01     0.034 (     0      0)     0.027 (  1117      0)
"CPL:RUN"                                                     -       2048     2048 1.061478e+07   4.710062e+04    41.583 (   321      0)    10.804 (   265      0)
"CPL:OCNPRE1"                                                 -       2048     2048 8.847360e+05   3.185210e+03    19.936 (   325      0)     0.582 (   752      0)
"CPL:ocnpre1_atm2ocn"                                         -       2048     2048 8.847360e+05   3.184094e+03    19.936 (   325      0)     0.582 (   752      0)
"CPL:LNDPREP"                                                 -       2048     2048 8.847360e+05   4.953759e+02     0.597 (  1911      0)     0.024 (  1395      0)
"CPL:lndprep_atm2lnd"                                         -       2048     2048 8.847360e+05   3.115272e+02     0.441 (  1911      0)     0.017 (  1395      0)
"CPL:lndprep_mrgx2l"                                          -       2048     2048 8.847360e+05   1.820631e+02     0.192 (  1030      0)     0.003 (   926      0)
"CPL:COMM"                                                    -       2048     2048 6.191104e+06   1.453194e+05   135.656 (  1033      0)    16.232 (   238      0)
"CPL:C2L"                                                     -       2048     2048 8.847360e+05   7.967941e+02     0.640 (   328      0)     0.095 (  1893      0)
"CPL:c2l_lndx2lndl"                                           -       2048     2048 8.847360e+05   6.506687e+02     0.571 (   485      0)     0.071 (  1967      0)
"CPL:c2l_infoexch"                                            -       2048     2048 8.847360e+05   1.447701e+02     0.225 (   353      0)     0.005 (  1911      0)
"CPL:ICEPREP"                                                 -       2048     2048 8.847360e+05   1.429707e+03     0.859 (    83      0)     0.602 (  1036      0)
"CPL:iceprep_ocn2ice"                                         -       2048     2048 8.847360e+05   2.047939e+02     0.133 (    66      0)     0.067 (  1582      0)
"CPL:iceprep_atm2ice"                                         -       2048     2048 8.847360e+05   3.245257e+02     0.251 (    71      0)     0.118 (  1184      0)
"CPL:iceprep_mrgx2i"                                          -       2048     2048 8.847360e+05   8.948090e+02     0.572 (    83      0)     0.386 (  1776      0)
"CPL:C2I"                                                     -       2048     2048 8.847360e+05   4.045746e+02     0.323 (  1750      0)     0.117 (    66      0)
"CPL:c2i_icex2icei"                                           -       2048     2048 8.847360e+05   2.608356e+02     0.197 (  1946      0)     0.102 (  1456      0)
"CPL:ice_infoexch"                                            -       2048     2048 8.847360e+05   1.422715e+02     0.210 (  1750      0)     0.006 (    66      0)
"CPL:ICE_RUN"                                                 -       2048     2048 8.847360e+05   1.513390e+04    11.931 (  1621      0)     6.698 (   661      0)
"i:cice_run_total"                                            -       2048     2048 8.847360e+05   1.416483e+04    11.397 (  1615      0)     6.230 (   661      0)
"i:cice_run_import"                                           -       2048     2048 8.847360e+05   1.763914e+03     0.956 (  2007      0)     0.789 (   704      0)
"i:cice_imp_ocn"                                              -       2048     2048 8.847360e+05   3.039110e+02     0.152 (   623      0)     0.145 (   302      0)
"i:cice_imp_atm"                                              -       2048     2048 8.847360e+05   3.662151e+02     0.183 (   283      0)     0.175 (  1519      0)
"i:cice_run_initmd"                                           -       2048     2048 8.847360e+05   2.568483e+03     1.406 (     0      0)     1.051 (  1618      0)
"i:cice_run_presc"                                            -       2048     2048 8.847360e+05   1.973907e+03     1.018 (   355      0)     0.879 (  1959      0)
"i:cice_pice_strd_adv_total"                                  -       2048     2048 8.847360e+05   5.992289e+02     0.295 (   952      0)     0.291 (    44      0)
"i:cice_pice_strd_adv_readLBUB"                               -       2048     2048 8.847360e+05   5.371339e+02     0.263 (   952      0)     0.261 (  1895      0)
"i:cice_pice_readLBUB_setup"                                  -       2048     2048 8.847360e+05   3.254421e-01     0.000 (   965      0)     0.000 (   471      0)
"i:cice_pice_readLBUB_fbound"                                 -       2048     2048 4.096000e+03   1.397417e-01     0.139 (     0      0)     0.000 (     4      0)
"i:cice_pice_readLBUB_bcast"                                  -       2048     2048 4.096000e+03   2.852158e+02     0.140 (   955      0)     0.000 (     0      0)
"i:cice_pice_readLBUB_LB_setup"                               -       2048     2048 2.048000e+03   1.013438e-03     0.000 (     0      0)     0.000 (   537      0)
"i:cice_pice_readLBUB_LB_readpio"                             -       2048     2048 2.048000e+03   2.218714e+02     0.109 (  1762      0)     0.108 (   195      0)
"i:PIO:openfile"                                              -       2048     2048 2.048000e+03   2.140820e+02     0.105 (  1944      0)     0.104 (   395      0)
"i:PIO:pio_inq_varid_file_vdesc"                              -       2048     2048 1.228800e+04   6.427945e-01     0.003 (  1512      0)     0.000 (     0      0)
"i:PIO:pio_inq_varid_file_vid"                                -       2048     2048 1.228800e+04   6.373738e-01     0.003 (  1512      0)     0.000 (     0      0)
"i:PIO:pio_inq_varndims_file_vdesc"                           -       2048     2048 6.144000e+03   2.925964e-01     0.000 (   594      0)     0.000 (  1357      0)
"i:PIO:pio_inq_varndims_file_vid"                             -       2048     2048 6.144000e+03   2.894420e-01     0.000 (   594      0)     0.000 (  1357      0)
"i:PIO:pio_inq_vardimid_file_vdesc"                           -       2048     2048 6.144000e+03   6.857415e-01     0.001 (   587      0)     0.000 (  1359      0)
"i:PIO:pio_inq_vardimid_file_vid"                             -       2048     2048 6.144000e+03   6.820050e-01     0.001 (   587      0)     0.000 (  1359      0)
"i:PIO:pio_inq_dimlen_file_dimid"                             -       2048     2048 1.843200e+04   4.206242e-01     0.001 (  1435      0)     0.000 (   661      0)
"i:PIO:pio_inq_dimlen_file_dimid_offlen"                      -       2048     2048 1.843200e+04   4.145775e-01     0.001 (  1435      0)     0.000 (   661      0)
"i:PIO:pio_inq_vartype_file_vdesc"                            -       2048     2048 6.144000e+03   3.051567e-01     0.000 (   503      0)     0.000 (   251      0)
"i:PIO:pio_inq_vartype_file_vid"                              -       2048     2048 6.144000e+03   3.026693e-01     0.000 (   503      0)     0.000 (   251      0)
"i:PIO:read_darray_1d_real"                                   -       2048     2048 6.144000e+03   3.070652e+01     0.016 (  1763      0)     0.011 (   952      0)
"i:PIO:PIOc_read_darray"                                      -       2048     2048 6.144000e+03   3.068705e+01     0.016 (  1763      0)     0.010 (   952      0)
"i:PIO:read_darray_nc"                                        -       2048     2048 6.144000e+03   3.699791e+00     0.015 (  1536      0)     0.000 (   278      0)
"i:PIO:rearrange_io2comp"                                     -       2048     2048 6.144000e+03   2.618669e+01     0.015 (  1763      0)     0.000 (    24      0)
"i:PIO:pio_swapm"                                             -       2048     2048 6.144000e+03   2.614055e+01     0.015 (  1763      0)     0.000 (    24      0)
"i:cice_pice_readLBUB_UB_setup"                               -       2048     2048 4.096000e+03   2.773634e-03     0.000 (     0      0)     0.000 (  1657      0)
"i:cice_pice_readLBUB_UB_readpio"                             -       2048     2048 4.096000e+03   2.640162e+01     0.014 (  1829      0)     0.011 (   955      0)
"i:cice_pice_readLBUB_filemgt"                                -       2048     2048 8.847360e+05   1.189476e-01     0.000 (    15      0)     0.000 (  1569      0)
"i:cice_pice_strd_adv_map"                                    -       2048     2048 4.096000e+03   7.221452e+00     0.005 (  2018      0)     0.002 (   746      0)
"i:cice_pice_strd_adv_tint"                                   -       2048     2048 8.847360e+05   5.170607e+01     0.027 (   874      0)     0.024 (  1514      0)
"i:cice_run_initflux"                                         -       2048     2048 8.847360e+05   1.150574e+02     0.074 (   578      0)     0.050 (    42      0)
"i:cice_run_prepradiation"                                    -       2048     2048 8.847360e+05   3.588783e+01     0.041 (  1616      0)     0.013 (   938      0)
"i:cice_run_therm1"                                           -       2048     2048 8.847360e+05   2.109305e+03     3.226 (  1616      0)     0.766 (  1426      0)
"i:cice_run_dyn"                                              -       2048     2048 8.847360e+05   4.029517e-02     0.000 (  1535      0)     0.000 (   350      0)
"i:cice_run_radiation"                                        -       2048     2048 8.847360e+05   2.086977e+03     3.429 (  1642      0)     0.688 (  1966      0)
"i:cice_step_radiationib"                                     -       2048     2048 8.847360e+05   1.984182e+03     3.385 (  1642      0)     0.636 (  1966      0)
"i:cice_step_rib_swdedd1"                                     -       2048     2048 8.847360e+05   2.251034e+02     0.157 (  1631      0)     0.028 (  1965      0)
"i:cice_step_rib_swdedd2"                                     -       2048     2048 8.847360e+05   6.560893e+01     0.044 (  1611      0)     0.025 (  1426      0)
"i:cice_step_rib_swdedd7"                                     -       2048     2048 8.847360e+05   1.628642e+03     3.160 (  1642      0)     0.530 (   142      0)
"i:cice_run_couplingprep"                                     -       2048     2048 8.847360e+05   9.506352e+02     0.952 (  1432      0)     0.345 (  1853      0)
"i:ice_HaloUpdate2DR8"                                        -       2048     2048 8.847360e+05   1.405597e+02     0.600 (  1432      0)     0.014 (  1884      0)
"i:ice_HU2DR8_init"                                           -       2048     2048 8.847360e+05   2.808107e-01     0.000 (   191      0)     0.000 (  1207      0)
"i:cice_run_diag"                                             -       2048     2048 8.847360e+05   9.707675e+02     0.501 (   638      0)     0.274 (  1620      0)
"i:cice_run_hist"                                             -       2048     2048 8.847360e+05   9.675691e+02     0.527 (  1270      0)     0.402 (  1966      0)
"i:cice_run_accum"                                            -       2048     2048 8.847360e+05   1.325425e+01     0.008 (  1504      0)     0.005 (   203      0)
"i:cice_run_export"                                           -       2048     2048 8.847360e+05   5.832861e+02     0.327 (  1626      0)     0.261 (  1429      0)
"CPL:LND_RUN"                                                 -       2048     2048 8.847360e+05   3.833791e+05   227.752 (  1869      0)   153.397 (  1033      0)
"l:lc_lnd_import"                                             -       2048     2048 8.847360e+05   5.670291e+02     0.320 (  1851      0)     0.231 (   249      0)
"l:elm_run"                                                   -       2048     2048 8.867840e+05   3.822244e+05   227.202 (  1869      0)   152.842 (  1033      0)
"l:shr_orb_decl"                                              -       2048     2048 8.867840e+05   1.538184e+00     0.001 (  1455      0)     0.001 (  1498      0)
"l:decomp_vert"                                               -       2048     2048 8.867840e+05   2.620998e+01     0.018 (  1568      0)     0.008 (  1969      0)
"l:beggridwbal"                                               -       2048     2048 8.867840e+05   1.603155e+03     0.960 (   218      0)     0.649 (  1147      0)
"l:cnpinit"                                                   -       2048     2048 8.867840e+05   4.219707e-01     0.000 (  1507      0)     0.000 (  1485      0)
"l:cnpvegsumm"                                                -       2048     2048 8.867840e+05   3.545059e-02     0.000 (   559      0)     0.000 (   239      0)
"l:dyn_subgrid"                                               -       2048     2048 8.867840e+05   1.206022e+04     6.715 (   107      0)     5.183 (  1147      0)
"l:begwbal"                                                   -       2048     2048 8.867840e+05   2.713275e+02     0.196 (   218      0)     0.096 (  1140      0)
"l:begcnpbal"                                                 -       2048     2048 8.867840e+05   7.233674e-02     0.000 (  1841      0)     0.000 (  1602      0)
"l:drvinit"                                                   -       2048     2048 8.867840e+05   7.347423e+02     0.399 (  1488      0)     0.311 (  1147      0)
"l:canhydro"                                                  -       2048     2048 8.867840e+05   1.790797e+03     1.099 (  1899      0)     0.686 (  1228      0)
"l:surfrad"                                                   -       2048     2048 8.867840e+05   3.449889e+03     1.967 (  1449      0)     1.410 (  1147      0)
"l:bgp1"                                                      -       2048     2048 8.867840e+05   2.141249e+03     1.484 (   218      0)     0.709 (  1147      0)
"l:bgflux"                                                    -       2048     2048 8.867840e+05   3.263187e+03     2.062 (  1906      0)     1.088 (   460      0)
"l:canflux"                                                   -       2048     2048 8.867840e+05   1.395445e+05    93.291 (   310      0)    44.132 (  1033      0)
"l:can_iter"                                                  -       2048     2048 8.867840e+05   1.166841e+05    79.269 (   310      0)    35.161 (  1033      0)
"l:uflux"                                                     -       2048     2048 8.867840e+05   1.879959e+03     1.792 (   275      0)     0.201 (  1640      0)
"l:bgplake"                                                   -       2048     2048 8.867840e+05   9.802254e+03     6.577 (    62      0)     3.424 (  1243      0)
"l:bgc"                                                       -       2048     2048 8.867840e+05   5.726384e+03     3.401 (  1845      0)     2.225 (  1147      0)
"l:soiltemperature"                                           -       2048     2048 8.867840e+05   7.338740e+04    43.858 (  1968      0)    29.484 (   231      0)
"l:SoilThermProp"                                             -       2048     2048 8.867840e+05   4.038496e+03     2.647 (  2023      0)     1.440 (  1147      0)
"l:SoilTempBandDiag"                                          -       2048     2048 1.773568e+06   8.004149e+03     5.871 (   256      0)     2.897 (  1140      0)
"l:PhaseChangeH2osfc"                                         -       2048     2048 8.867840e+05   5.828636e+01     0.051 (  2023      0)     0.007 (  1640      0)
"l:PhaseChangebeta"                                           -       2048     2048 8.867840e+05   4.026578e+03     3.087 (   218      0)     0.828 (  1640      0)
"l:bgp2"                                                      -       2048     2048 8.867840e+05   3.715029e+03     2.356 (  1869      0)     1.382 (  1147      0)
"l:bgp2_loop_1"                                               -       2048     2048 8.867840e+05   5.679350e+02     0.391 (   127      0)     0.212 (  1147      0)
"l:bgp2_loop_2"                                               -       2048     2048 8.867840e+05   9.875985e+02     0.600 (  2001      0)     0.390 (  1147      0)
"l:bgp2_loop_3"                                               -       2048     2048 8.867840e+05   1.766475e+03     1.151 (  1869      0)     0.628 (  1147      0)
"l:bgp2_loop_4"                                               -       2048     2048 8.867840e+05   3.862620e+02     0.232 (  1845      0)     0.149 (  1147      0)
"l:patch2col"                                                 -       2048     2048 8.867840e+05   1.727738e+03     1.041 (   256      0)     0.659 (  1147      0)
"l:hydro without drainage"                                    -       2048     2048 8.867840e+05   2.487452e+04    16.524 (  1968      0)     9.291 (  1147      0)
"l:hylake"                                                    -       2048     2048 8.867840e+05   1.346291e+03     1.598 (   341      0)     0.548 (   542      0)
"l:snow_init"                                                 -       2048     2048 8.867840e+05   1.585458e+02     0.171 (   395      0)     0.033 (   341      0)
"l:ecosysdyn"                                                 -       2048     2048 8.867840e+05   4.884831e+02     0.286 (  1783      0)     0.195 (  1436      0)
"l:depvel"                                                    -       2048     2048 1.773568e+06   1.891700e+00     0.001 (  1703      0)     0.001 (  1536      0)
"l:hydro2 drainage"                                           -       2048     2048 8.867840e+05   1.856386e+03     1.355 (   256      0)     0.659 (  1147      0)
"l:balchk"                                                    -       2048     2048 8.867840e+05   1.515511e+03     0.832 (  2001      0)     0.669 (  1147      0)
"l:gridbalchk"                                                -       2048     2048 8.867840e+05   1.353526e+03     0.767 (  1968      0)     0.579 (  1147      0)
"l:lnd2atm"                                                   -       2048     2048 8.867840e+05   9.944825e+03     5.492 (   218      0)     4.254 (  1147      0)
"l:wrtdiag"                                                   -       2048     2048 8.867840e+05   1.851853e+01     0.019 (     0      0)     0.008 (  1708      0)
"l:hbuf"                                                      -       2048     2048 8.867840e+05   3.466573e+04    18.752 (   311      0)    14.963 (  1147      0)
"l:elm_drv_io"                                                -       2048     2048 8.867840e+05   3.473668e+00     0.002 (   303      0)     0.001 (  2020      0)
"l:elm_drv_io_htapes"                                         -       2048     2048 8.867840e+05   2.704801e+00     0.002 (   303      0)     0.001 (  1083      0)
"l:lc_lnd_export"                                             -       2048     2048 8.867840e+05   1.933723e+02     0.101 (  1844      0)     0.092 (    70      0)
"l:lc_elm2_adv_timestep"                                      -       2048     2048 8.867840e+05   7.100591e-01     0.001 (  1720      0)     0.000 (   682      0)
"l:accum"                                                     -       2048     2048 8.847360e+05   4.274679e+03     2.446 (  1827      0)     1.980 (  1082      0)
"CPL:ATMOCNP"                                                 -       2048     2048 8.847360e+05   4.844213e+03     3.329 (  1696      0)     0.520 (  1966      0)
"CPL:atmocnp_fluxo"                                           -       2048     2048 8.847360e+05   4.104665e+03     2.984 (  1696      0)     0.131 (  1966      0)
"CPL:atmocnp_ocnalb"                                          -       2048     2048 8.847360e+05   7.378572e+02     0.493 (   629      0)     0.279 (  1221      0)
"CPL:L2C"                                                     -       2048     2048 8.847360e+05   3.235402e+04    31.339 (   866      0)     0.335 (   311      0)
"CPL:l2c_lndl2lndx"                                           -       2048     2048 8.847360e+05   3.235187e+04    31.338 (   866      0)     0.334 (   311      0)
"lnd2cpl_run"                                                 -       2048     2048 8.847360e+05   8.560641e-01     0.001 (   838      0)     0.000 (  1965      0)
"CPL:LNDPOST"                                                 -       2048     2048 8.847360e+05   1.626797e-01     0.000 (   237      0)     0.000 (    78      0)
"CPL:I2C"                                                     -       2048     2048 8.847360e+05   3.086214e+02     0.206 (  1959      0)     0.106 (    83      0)
"CPL:i2c_icei2icex"                                           -       2048     2048 8.847360e+05   3.064688e+02     0.205 (  1959      0)     0.106 (    83      0)
"CPL:i2c_infoexch"                                            -       2048     2048 8.847360e+05   5.900601e-01     0.001 (   620      0)     0.000 (  1172      0)
"CPL:ICEPOST"                                                 -       2048     2048 8.847360e+05   1.106023e-01     0.000 (   146      0)     0.000 (   291      0)
"CPL:FRACSET"                                                 -       2048     2048 8.847360e+05   6.320911e+03    17.859 (  1858      0)     0.209 (   565      0)
"CPL:fracset_fracset"                                         -       2048     2048 8.847360e+05   6.320391e+03    17.859 (  1858      0)     0.209 (   565      0)
"CPL:ATMPREP"                                                 -       2048     2048 8.847360e+05   3.081763e+04    27.106 (    49      0)     3.671 (  1298      0)
"CPL:atmprep_xao2atm"                                         -       2048     2048 8.847360e+05   1.063556e+04    16.943 (  1873      0)     0.436 (   753      0)
"CPL:atmprep_ocn2atm"                                         -       2048     2048 8.847360e+05   7.055174e+03    14.428 (  1539      0)     0.321 (   752      0)
"CPL:atmprep_alb2atm"                                         -       2048     2048 8.847360e+05   2.177904e+03    10.669 (  1458      0)     0.106 (     6      0)
"CPL:atmprep_ice2atm"                                         -       2048     2048 8.847360e+05   3.790819e+03    11.785 (  1420      0)     0.530 (     2      0)
"CPL:atmprep_lnd2atm"                                         -       2048     2048 8.847360e+05   5.155217e+03    17.521 (    43      0)     0.210 (  1394      0)
"CPL:atmprep_mrgx2a"                                          -       2048     2048 8.847360e+05   1.997517e+03     1.511 (  1883      0)     0.669 (   998      0)
"CPL:C2A"                                                     -       2048     2048 8.847360e+05   3.128621e+03    15.219 (  2047      0)     0.370 (  1929      0)
"CPL:c2a_atmx2atmg"                                           -       2048     2048 8.847360e+05   2.016392e+03    14.398 (  2047      0)     0.190 (  1893      0)
"CPL:c2a_infoexch"                                            -       2048     2048 8.847360e+05   1.110871e+03     1.209 (   436      0)     0.019 (   165      0)
"CPL:ATM_RUN"                                                 -       2048     2048 8.847360e+05   2.694511e+06  1354.144 (   482      0)  1274.903 (  1109      0)
"a:EAMxx::run"                                                -       2048     2048 8.847360e+05   2.693556e+06  1353.685 (   482      0)  1274.449 (  1109      0)
"a:EAMxx::EAMxx::run"                                         -       2048     2048 8.847360e+05   2.693400e+06  1353.642 (   482      0)  1274.410 (  1109      0)
"a:EAMxx::EAMxx::run-precondition-checks"                     -       2048     2048 8.847360e+05   3.601622e-01     0.000 (   119      0)     0.000 (   889      0)
"a:EAMxx::SurfaceCouplingImporter::run"                       -       2048     2048 8.847360e+05   1.049357e+03     0.557 (  1389      0)     0.492 (  1977      0)
"a:EAMxx::SurfaceCouplingImporter::run-precondition-checks"   -       2048     2048 8.847360e+05   2.041830e-01     0.000 (   246      0)     0.000 (  1644      0)
"a:EAMxx::SurfaceCouplingImporter::run-postcondition-checks"  -       2048     2048 8.847360e+05   8.377227e+02     0.439 (  1278      0)     0.390 (   225      0)
"a:EAMxx::homme::run"                                         -       2048     2048 8.847360e+05   2.386173e+06  1165.600 (   613      0)  1164.559 (   186      0)
"a:EAMxx::homme::run-precondition-checks"                     -       2048     2048 8.847360e+05   2.053623e-01     0.000 (  1560      0)     0.000 (   481      0)
"a:tl-sc prim_run_subcycle_c"                                 -       2048     2048 1.769472e+06   2.344111e+06  1145.414 (   488      0)  1144.056 (   248      0)
"a:tl-s prim_step_flexible"                                   -       2048     2048 1.769472e+06   2.344104e+06  1145.411 (   488      0)  1144.053 (   248      0)
"a:ApplyCAMForcing_tracers"                                   -       2048     2048 8.847360e+05   3.014416e+03     1.514 (  1630      0)     1.425 (  1097      0)
"a:tl-s deep_copy+derived_dp"                                 -       2048     2048 1.769472e+06   1.004593e+03     0.517 (   664      0)     0.465 (  1700      0)
"a:ApplyCAMForcing_dynamics"                                  -       2048     2048 5.308416e+06   5.189900e+03     2.656 (   168      0)     2.373 (  1669      0)
"a:tl-ae prim_advance_exp"                                    -       2048     2048 1.061683e+07   1.977961e+06   971.882 (   472      0)   960.485 (  1396      0)
"a:ttype9_imex_timestep"                                      -       2048     2048 1.061683e+07   1.720712e+06   851.461 (   479      0)   825.100 (  1689      0)
"a:caar compute"                                              -       2048     2048 1.061683e+08   6.515808e+05   323.922 (   533      0)   309.342 (   648      0)
"a:caar_bexchV"                                               -       2048     2048 5.308416e+07   2.265750e+05   132.067 (  1728      0)    94.841 (  1822      0)
"a:caar limiter"                                              -       2048     2048 6.370099e+07   1.623520e+04     8.152 (  1208      0)     7.796 (  1398      0)
"a:compute_stage_value_dirk"                                  -       2048     2048 5.308416e+07   8.132784e+05   415.459 (   947      0)   383.165 (    94      0)
"a:tl-ae advance_hypervis_dp"                                 -       2048     2048 1.061683e+07   2.566765e+05   137.697 (  1689      0)   117.067 (    75      0)
"a:hvf-bhwk"                                                  -       2048     2048 1.061683e+07   1.485528e+05    78.204 (  1647      0)    68.686 (  1822      0)
"a:hvf-bexch"                                                 -       2048     2048 3.185050e+07   9.144363e+04    57.224 (  1686      0)    36.072 (    75      0)
"a:tl-sc vertical_remap"                                      -       2048     2048 5.308416e+06   1.682251e+05    86.790 (   483      0)    76.483 (  1747      0)
"a:Remap Thickness Functor"                                   -       2048     2048 5.308416e+06   4.038951e+03     2.006 (  1792      0)     1.945 (   134      0)
"a:Remap Scale States Functor"                                -       2048     2048 5.308416e+06   1.414200e+03     0.718 (  1610      0)     0.670 (  1659      0)
"a:Remap Compute Grids Functor"                               -       2048     2048 5.308416e+06   1.335476e+04     6.707 (  1610      0)     5.979 (  1671      0)
"a:Remap Compute Remap Functor"                               -       2048     2048 5.308416e+06   1.319993e+05    68.974 (  1251      0)    59.342 (  1745      0)
"a:Remap Rescale States Functor"                              -       2048     2048 5.308416e+06   1.489625e+03     0.824 (  2000      0)     0.688 (  1722      0)
"a:tl-at prim_advec_tracers_compose"                          -       2048     2048 1.769472e+06   1.638945e+05    84.602 (  1671      0)    74.694 (   473      0)
"a:compose_transport"                                         -       2048     2048 1.769472e+06   1.638784e+05    84.594 (  1671      0)    74.686 (   473      0)
"a:compose_calc_trajectory"                                   -       2048     2048 1.769472e+06   2.873459e+04    16.305 (   533      0)    12.435 (   732      0)
"a:compose_3d_levels"                                         -       2048     2048 1.769472e+06   1.711382e+04     8.629 (   910      0)     8.056 (  1640      0)
"a:compose_v_bexchv"                                          -       2048     2048 1.769472e+06   1.036077e+04     7.453 (   456      0)     3.379 (   766      0)
"a:compose_v2x"                                               -       2048     2048 1.769472e+06   1.254224e+03     0.625 (  1766      0)     0.585 (  1663      0)
"a:compose_isl"                                               -       2048     2048 1.769472e+06   2.950232e+04    17.518 (   502      0)    12.018 (  1538      0)
"a:compose_hypervis_scalar"                                   -       2048     2048 1.769472e+06   4.603633e+04    27.198 (  1636      0)    18.614 (  1942      0)
"a:compose_cedr_global"                                       -       2048     2048 1.769472e+06   3.044663e+04    16.888 (  1919      0)    12.872 (   259      0)
"a:repro_sum_int"                                             -       2048     2048 1.769472e+06   1.552231e+04     9.616 (  2029      0)     5.567 (   261      0)
"a:compose_cedr_local"                                        -       2048     2048 1.769472e+06   1.719485e+04     8.673 (   697      0)     7.959 (  1746      0)
"a:compose_dss_q"                                             -       2048     2048 1.769472e+06   1.195412e+04     6.260 (   753      0)     5.574 (  1725      0)
"a:compose_vertical_remap"                                    -       2048     2048 1.769472e+06   2.476016e+04    12.670 (   246      0)    11.385 (  1746      0)
"a:EAMxx::homme::run-postcondition-checks"                    -       2048     2048 8.847360e+05   2.055048e+03     1.033 (   260      0)     0.986 (   657      0)
"a:EAMxx::physics::run"                                       -       2048     2048 8.847360e+05   3.055786e+05   187.617 (  1620      0)   108.583 (  1109      0)
"a:EAMxx::physics::run-precondition-checks"                   -       2048     2048 8.847360e+05   2.515522e-01     0.000 (   237      0)     0.000 (   102      0)
"a:EAMxx::mac_aero_mic::run"                                  -       2048     2048 8.847360e+05   5.144669e+04    30.891 (  1628      0)    16.619 (  1240      0)
"a:EAMxx::mac_aero_mic::run-precondition-checks"              -       2048     2048 8.847360e+05   2.509289e-01     0.000 (   581      0)     0.000 (   102      0)
"a:EAMxx::tms::run"                                           -       2048     2048 8.847360e+05   2.300769e+02     0.130 (   342      0)     0.100 (    93      0)
"a:EAMxx::tms::run-precondition-checks"                       -       2048     2048 8.847360e+05   1.862519e-01     0.000 (  1239      0)     0.000 (  1478      0)
"a:EAMxx::tms::run-postcondition-checks"                      -       2048     2048 8.847360e+05   1.982102e+02     0.110 (   344      0)     0.089 (  1397      0)
"a:EAMxx::shoc::run"                                          -       2048     2048 8.847360e+05   1.659024e+04     8.329 (   623      0)     7.858 (  1651      0)
"a:EAMxx::shoc::run-precondition-checks"                      -       2048     2048 8.847360e+05   1.972143e-01     0.000 (   813      0)     0.000 (  1497      0)
"a:EAMxx::shoc::preprocess"                                   -       2048     2048 8.847360e+05   1.708213e+01     0.010 (  1288      0)     0.008 (  1395      0)
"a:EAMxx::shoc::shoc_main"                                    -       2048     2048 8.847360e+05   1.398059e+04     7.048 (   623      0)     6.601 (  1728      0)
"a:EAMxx::shoc::postprocess"                                  -       2048     2048 8.847360e+05   2.127127e+02     0.109 (  1341      0)     0.091 (  1646      0)
"a:EAMxx::shoc::run-postcondition-checks"                     -       2048     2048 8.847360e+05   1.737697e+03     0.885 (  1766      0)     0.830 (    49      0)
"a:EAMxx::cld_fraction::run"                                  -       2048     2048 8.847360e+05   6.248451e+02     0.317 (  1282      0)     0.299 (    61      0)
"a:EAMxx::cld_fraction::run-precondition-checks"              -       2048     2048 8.847360e+05   2.554651e-01     0.000 (   251      0)     0.000 (  1020      0)
"a:EAMxx::cld_fraction::run-postcondition-checks"             -       2048     2048 8.847360e+05   5.390013e+02     0.273 (   534      0)     0.257 (   947      0)
"a:EAMxx::spa::run"                                           -       2048     2048 8.847360e+05   9.030255e+03     4.556 (  1222      0)     4.220 (  1697      0)
"a:EAMxx::spa::run-precondition-checks"                       -       2048     2048 8.847360e+05   2.089815e-01     0.000 (  1117      0)     0.000 (   102      0)
"a:EAMxx::spa::run-postcondition-checks"                      -       2048     2048 8.847360e+05   3.679920e+03     1.859 (   646      0)     1.727 (    17      0)
"a:EAMxx::p3::run"                                            -       2048     2048 8.847360e+05   2.494431e+04    17.884 (  1628      0)     3.682 (  1240      0)
"a:EAMxx::p3::run-precondition-checks"                        -       2048     2048 8.847360e+05   1.717439e+02     0.090 (   604      0)     0.082 (    13      0)
"a:EAMxx::p3::run-postcondition-checks"                       -       2048     2048 8.847360e+05   2.394367e+03     1.214 (    70      0)     1.137 (  1273      0)
"a:EAMxx::mac_aero_mic::run-postcondition-checks"             -       2048     2048 8.847360e+05   2.156498e-01     0.000 (  1347      0)     0.000 (  1137      0)
"a:EAMxx::rrtmgp::run"                                        -       2048     2048 8.847360e+05   2.540966e+05   158.447 (  1620      0)    89.678 (  1109      0)
"a:EAMxx::rrtmgp::run-precondition-checks"                    -       2048     2048 8.847360e+05   8.607040e+01     0.044 (  1356      0)     0.040 (  1137      0)
"a:EAMxx::rrtmgp::run-postcondition-checks"                   -       2048     2048 8.847360e+05   2.495558e+03     1.276 (     2      0)     1.189 (    75      0)
"a:EAMxx::physics::run-postcondition-checks"                  -       2048     2048 8.847360e+05   1.618623e-01     0.000 (   419      0)     0.000 (  1933      0)
"a:EAMxx::SurfaceCouplingExporter::run"                       -       2048     2048 8.847360e+05   5.542658e+02     0.287 (   286      0)     0.258 (  2009      0)
"a:EAMxx::SurfaceCouplingExporter::run-precondition-checks"   -       2048     2048 8.847360e+05   2.725435e-01     0.000 (  1338      0)     0.000 (    64      0)
"a:EAMxx::SurfaceCouplingExporter::run-postcondition-checks"  -       2048     2048 8.847360e+05   2.150695e-01     0.000 (   413      0)     0.000 (  1283      0)
"a:EAMxx::EAMxx::run-postcondition-checks"                    -       2048     2048 8.847360e+05   1.251557e-01     0.000 (   921      0)     0.000 (  1717      0)
"a:EAMxx::IO::restart"                                        -       2048     2048 8.847360e+05   3.812468e+00     0.003 (   959      0)     0.002 (  1105      0)
"a:EAMxx::IO::model_restart"                                  -       2048     2048 8.847360e+05   3.186148e+00     0.002 (   959      0)     0.001 (   454      0)
"a:EAMxx::IO::restart::get_new_file"                          -       2048     2048 8.847360e+05   1.007250e-01     0.000 (   137      0)     0.000 (   378      0)
"a:EAMxx::IO::restart::run_output_streams"                    -       2048     2048 8.847360e+05   1.254630e+00     0.001 (  1362      0)     0.000 (   365      0)
"a:EAMxx::IO::standard"                                       -       2048     2048 8.847360e+05   1.871910e+00     0.002 (  1901      0)     0.001 (   243      0)
"a:EAMxx::IO::nooutput.yaml"                                  -       2048     2048 8.847360e+05   1.341319e+00     0.001 (  1901      0)     0.000 (   437      0)
"a:EAMxx::IO::standard::get_new_file"                         -       2048     2048 8.847360e+05   7.932790e-02     0.000 (  1217      0)     0.000 (  1706      0)
"a:EAMxx::IO::standard::run_output_streams"                   -       2048     2048 8.847360e+05   1.002232e-01     0.000 (  1705      0)     0.000 (   301      0)
"CPL:A2C"                                                     -       2048     2048 8.847360e+05   7.674558e+04    79.507 (  1109      0)     1.990 (   482      0)
"CPL:a2c_atma2atmx"                                           -       2048     2048 8.847360e+05   5.713931e+04    67.596 (  1429      0)     0.598 (   695      0)
"CPL:a2c_infoexch"                                            -       2048     2048 8.847360e+05   1.960395e+04    39.469 (  1320      0)     0.009 (     0      0)
"CPL:ATMPOST"                                                 -       2048     2048 8.847360e+05   2.666379e-01     0.000 (   552      0)     0.000 (  1801      0)
"CPL:HISTORY"                                                 -       2048     2048 8.847360e+05   5.433118e-01     0.001 (   316      0)     0.000 (  1430      0)
"CPL:cime_run_write_history"                                  -       2048     2048 8.847360e+05   1.851290e-01     0.000 (  1875      0)     0.000 (  1725      0)
"CPL:TSTAMP_WRITE"                                            -       2048     2048 8.847360e+05   4.091033e-01     0.000 (   373      0)     0.000 (   256      0)
"CPL:TPROF_WRITE"                                             -       2048     2048 8.847360e+05   4.519193e-02     0.000 (   840      0)     0.000 (  1557      0)
"CPL:C2O_INITWAIT"                                            -       2048     2048 8.826880e+05   1.007974e+04    21.196 (     0      0)     0.667 (  1456      0)
"l:interpMonthlyVeg"                                          -       2048     2048 8.826880e+05   5.818762e+03     2.844 (  1344      0)     2.826 (  1460      0)
"l:readMonthlyVeg"                                            -       2048     2048 2.048000e+03   5.817769e+03     2.844 (  1344      0)     2.825 (  1460      0)
"l:PIO:openfile"                                              -       2048     2048 2.048000e+03   3.309190e+02     0.177 (  1966      0)     0.150 (  1447      0)
"l:PIO:pio_inq_varid_file_vdesc"                              -       2048     2048 1.638400e+04   9.425290e+00     0.011 (   536      0)     0.000 (  1535      0)
"l:PIO:pio_inq_varid_file_vid"                                -       2048     2048 1.638400e+04   9.417890e+00     0.011 (   536      0)     0.000 (  1535      0)
"l:PIO:pio_inq_varndims_file_vdesc"                           -       2048     2048 1.638400e+04   7.899697e-01     0.001 (  1614      0)     0.000 (    23      0)
"l:PIO:pio_inq_varndims_file_vid"                             -       2048     2048 1.638400e+04   7.843090e-01     0.001 (  1614      0)     0.000 (    23      0)
"l:PIO:pio_inq_vardimid_file_vdesc"                           -       2048     2048 1.638400e+04   1.814722e+00     0.001 (  1356      0)     0.000 (  1527      0)
"l:PIO:pio_inq_vardimid_file_vid"                             -       2048     2048 1.638400e+04   1.808979e+00     0.001 (  1357      0)     0.000 (  1527      0)
"l:PIO:pio_inq_dimname_file_dimid"                            -       2048     2048 1.392640e+05   4.261306e+00     0.003 (   439      0)     0.001 (  1528      0)
"l:PIO:pio_inq_dimlen_file_dimid"                             -       2048     2048 3.276800e+04   7.229426e-01     0.001 (    99      0)     0.000 (  1451      0)
"l:PIO:pio_inq_dimlen_file_dimid_offlen"                      -       2048     2048 3.276800e+04   7.141320e-01     0.001 (    99      0)     0.000 (  1451      0)
"l:PIO:pio_inquire_file"                                      -       2048     2048 6.144000e+04   1.298196e+00     0.001 (   880      0)     0.000 (   116      0)
"l:PIO:pio_inq_ndims_file"                                    -       2048     2048 6.144000e+04   1.281187e+00     0.001 (   881      0)     0.000 (   116      0)
"l:PIO:initdecomp"                                            -       2048     2048 2.048000e+03   1.194147e+02     0.058 (   242      0)     0.058 (    75      0)
"l:PIO:PIOc_initdecomp"                                       -       2048     2048 2.048000e+03   1.190056e+02     0.058 (  1923      0)     0.058 (    75      0)
"l:PIO:box_rearrange_create"                                  -       2048     2048 2.048000e+03   1.173769e+02     0.058 (  1532      0)     0.057 (   971      0)
"l:PIO:pio_swapm"                                             -       2048     2048 2.252800e+04   5.019285e+03     2.636 (  1535      0)     0.241 (  1792      0)
"l:PIO:read_darray_3d_double"                                 -       2048     2048 1.638400e+04   5.311560e+03     2.600 (  1535      0)     2.586 (   536      0)
"l:PIO:PIOc_read_darray"                                      -       2048     2048 1.638400e+04   5.311512e+03     2.600 (  1535      0)     2.586 (   536      0)
"l:PIO:read_darray_nc"                                        -       2048     2048 1.638400e+04   3.630701e+02     2.383 (  1536      0)     0.000 (   143      0)
"l:PIO:rearrange_io2comp"                                     -       2048     2048 1.638400e+04   4.945727e+03     2.599 (  1535      0)     0.208 (  1536      0)
"l:PIO:closefile"                                             -       2048     2048 2.048000e+03   4.049888e-01     0.002 (  1392      0)     0.000 (   321      0)
"l:PIO:PIOc_closefile"                                        -       2048     2048 2.048000e+03   4.018213e-01     0.002 (  1392      0)     0.000 (   321      0)
"l:surfalb"                                                   -       2048     2048 8.826880e+05   3.355103e+04    18.417 (  1449      0)    12.684 (   178      0)
"l:urbsurfalb"                                                -       2048     2048 8.826880e+05   6.474457e+03     6.391 (    81      0)     2.635 (   460      0)
"CPL:OCNT_RUN"                                                -       2048     2048 8.826880e+05   6.117386e+02     0.661 (     0      0)     0.192 (  1845      0)
"o:DOCN_RUN"                                                  -       2048     2048 8.826880e+05   5.115295e+02     0.352 (  1500      0)     0.143 (  1845      0)
"o:docn_run1"                                                 -       2048     2048 8.826880e+05   6.893156e-01     0.001 (   785      0)     0.000 (   203      0)
"o:docn"                                                      -       2048     2048 8.826880e+05   5.090707e+02     0.351 (  1500      0)     0.142 (  1845      0)
"o:docn_strdata_advance"                                      -       2048     2048 8.826880e+05   2.777500e+02     0.219 (  1365      0)     0.031 (  1845      0)
"o:docn_strd_adv_total"                                       -       2048     2048 8.826880e+05   2.762369e+02     0.218 (  1365      0)     0.030 (  1845      0)
"o:docn_strd_adv_readLBUB"                                    -       2048     2048 8.826880e+05   1.878889e+02     0.174 (  1147      0)     0.002 (  1845      0)
"o:docn_readLBUB_setup"                                       -       2048     2048 8.826880e+05   3.293147e-01     0.000 (  1065      0)     0.000 (  1803      0)
"o:docn_readLBUB_filemgt"                                     -       2048     2048 8.826880e+05   1.430469e-01     0.000 (  1295      0)     0.000 (  1760      0)
"o:docn_strd_adv_tint"                                        -       2048     2048 8.826880e+05   5.052931e+01     0.026 (  1679      0)     0.024 (  1214      0)
"o:docn_scatter"                                              -       2048     2048 8.826880e+05   1.240089e+02     0.072 (  1821      0)     0.058 (  1695      0)
"o:docn_datamode"                                             -       2048     2048 8.826880e+05   3.176825e+01     0.028 (  1821      0)     0.014 (  1467      0)
"o:docn_run2"                                                 -       2048     2048 8.826880e+05   5.310806e-02     0.011 (     0      0)     0.000 (   750      0)
"CPL:O2CT"                                                    -       2048     2048 8.826880e+05   3.157773e+04    58.775 (   316      0)     0.056 (  1869      0)
"CPL:o2c_ocno2ocnx"                                           -       2048     2048 8.826880e+05   9.358424e+01     0.081 (   833      0)     0.040 (  1146      0)
"CPL:o2c_infoexch"                                            -       2048     2048 8.826880e+05   3.148272e+04    58.732 (   316      0)     0.013 (  1869      0)
"CPL:OCNPOSTT"                                                -       2048     2048 8.826880e+05   3.281226e-01     0.000 (  1312      0)     0.000 (   498      0)
"i:cice_pice_readLBUB_LB_copy"                                -       2048     2048 2.048000e+03   4.615760e-03     0.000 (  1033      0)     0.000 (  1136      0)
"o:docn_readLBUB_fbound"                                      -       2048     2048 2.048000e+03   8.435640e-04     0.000 (     0      0)     0.000 (   827      0)
"o:docn_readLBUB_bcast"                                       -       2048     2048 2.048000e+03   1.297267e+02     0.145 (  1147      0)     0.000 (   141      0)
"o:docn_readLBUB_LB_copy"                                     -       2048     2048 2.048000e+03   4.730293e-03     0.000 (   435      0)     0.000 (   962      0)
"o:docn_readLBUB_UB_setup"                                    -       2048     2048 2.048000e+03   1.616055e-03     0.000 (     0      0)     0.000 (   569      0)
"o:docn_readLBUB_UB_readpio"                                  -       2048     2048 2.048000e+03   5.514372e+01     0.028 (  1194      0)     0.000 (  1845      0)
"o:PIO:pio_inq_varid_file_vdesc"                              -       2048     2048 4.096000e+03   2.182339e-01     0.000 (  1442      0)     0.000 (  1869      0)
"o:PIO:pio_inq_varid_file_vid"                                -       2048     2048 4.096000e+03   2.155509e-01     0.000 (  1442      0)     0.000 (  1869      0)
"o:PIO:pio_inq_varndims_file_vdesc"                           -       2048     2048 2.048000e+03   9.950871e-02     0.000 (   136      0)     0.000 (  1885      0)
"o:PIO:pio_inq_varndims_file_vid"                             -       2048     2048 2.048000e+03   9.796200e-02     0.000 (   136      0)     0.000 (  1887      0)
"o:PIO:pio_inq_vardimid_file_vdesc"                           -       2048     2048 2.048000e+03   2.444072e-01     0.000 (   219      0)     0.000 (  1845      0)
"o:PIO:pio_inq_vardimid_file_vid"                             -       2048     2048 2.048000e+03   2.428547e-01     0.000 (   219      0)     0.000 (  1845      0)
"o:PIO:pio_inq_dimlen_file_dimid"                             -       2048     2048 6.144000e+03   1.179084e-01     0.000 (   341      0)     0.000 (  1401      0)
"o:PIO:pio_inq_dimlen_file_dimid_offlen"                      -       2048     2048 6.144000e+03   1.150807e-01     0.000 (   340      0)     0.000 (  1401      0)
"o:PIO:pio_inq_vartype_file_vdesc"                            -       2048     2048 2.048000e+03   1.081039e-01     0.012 (  1844      0)     0.000 (  1811      0)
"o:PIO:pio_inq_vartype_file_vid"                              -       2048     2048 2.048000e+03   1.071002e-01     0.012 (  1844      0)     0.000 (  1811      0)
"o:PIO:read_darray_1d_real"                                   -       2048     2048 2.048000e+03   5.375647e+01     0.028 (  1195      0)     0.000 (  1845      0)
"o:PIO:PIOc_read_darray"                                      -       2048     2048 2.048000e+03   5.375070e+01     0.028 (  1195      0)     0.000 (  1845      0)
"o:PIO:read_darray_nc"                                        -       2048     2048 2.048000e+03   6.728032e+00     0.027 (  1280      0)     0.000 (   393      0)
"o:PIO:rearrange_io2comp"                                     -       2048     2048 2.048000e+03   4.690657e+01     0.027 (  1195      0)     0.000 (    80      0)
"o:PIO:pio_swapm"                                             -       2048     2048 2.048000e+03   4.689571e+01     0.027 (  1195      0)     0.000 (    80      0)
"o:docn_strd_adv_fill"                                        -       2048     2048 2.048000e+03   9.039130e-02     0.000 (   446      0)     0.000 (  1696      0)
"o:docn_strd_adv_map"                                         -       2048     2048 2.048000e+03   3.289025e+01     0.032 (   386      0)     0.001 (  1231      0)
"CPL:RUN_LOOP_BSTOP"                                          -       2048     2048 2.048000e+03   1.259478e+01     0.009 (  1163      0)     0.000 (  1465      0)
"CPL:FINAL"                                                   -       2048     2048 2.048000e+03   1.939139e+03     0.950 (     0      0)     0.945 (  1454      0)
"CPL:cime_final"                                              -       2048     2048 2.048000e+03   1.939136e+03     0.950 (     0      0)     0.945 (  1454      0)
"o_f:DOCN_FINAL"                                              -       2048     2048 2.048000e+03   5.509340e-04     0.000 (     0      0)     0.000 (  1539      0)
"a_f:EAMxx::finalize"                                         y       2048     2048 2.048000e+03   8.249878e+02     0.477 (  1352      0)     0.352 (   177      0)
"a_f:PIO:PIOc_sync"                                           -       2048     2048 2.048000e+03   5.089228e-02     0.000 (  1504      0)     0.000 (  1068      0)
"a_f:PIO:write_total"                                         -       2048     2048 4.096000e+03   2.437769e+00     0.019 (   384      0)     0.000 (   237      0)
"a_f:PIO:flush_output_buffer"                                 -        256      256 5.120000e+02   3.892026e-02     0.000 (  1008      0)     0.000 (  1464      0)
"a_f:PIO:PIOc_closefile"                                      -       2048     2048 4.096000e+03   6.968035e+00     0.063 (   360      0)     0.000 (  1666      0)
"a_f:PIO:PIOc_closefile_write_mode"                           -       2048     2048 2.048000e+03   2.391467e+00     0.019 (   384      0)     0.000 (   292      0)
"a_f:PIO:PIOc_freedecomp"                                     -       2048     2048 2.662400e+04   7.323085e+00     0.014 (  1536      0)     0.002 (    35      0)
"PIO:finalize"                                                -       2048     2048 2.048000e+04   1.053481e+02     0.422 (  1792      0)     0.000 (  1495      0)
"PIO:PIOc_finalize"                                           -       2048     2048 2.048000e+04   1.053143e+02     0.422 (  1792      0)     0.000 (  1495      0)
"CPL:FINAL_sync1_tprf"                                        -       2048     2048 2.048000e+03   5.994007e+00     0.004 (  1739      0)     0.000 (     0      0)
"CPL:FINAL_t_prf"                                             y          0        0 0.000000e+00   0.000000e+00     0.000 (     0      0)     0.000 (     0      0)

