
***** GLOBAL STATISTICS (    48 MPI TASKS) *****

$Id: gptl.c,v 1.157 2011-03-28 20:55:18 rosinski Exp $
'count' is cumulative. All other stats are max/min
'on' indicates whether the timer was active during output, and so stats are lower or upper bounds.

name                                                         on  processes  threads        count      walltotal   wallmax (proc   thrd  )   wallmin (proc   thrd  )
"CPL:INIT"                                                    -         48       48 4.800000e+01   8.432437e+02    17.991 (    18      0)    17.267 (     2      0)
"CPL:cime_pre_init1"                                          -         48       48 4.800000e+01   5.448192e+01     1.559 (    22      0)     0.835 (    10      0)
"CPL:mpi_init"                                                -         48       48 4.800000e+01   5.158360e+01     1.498 (    12      0)     0.775 (     0      0)
"CPL:ESMF_Initialize"                                         -         48       48 4.800000e+01   4.102682e-03     0.000 (    32      0)     0.000 (    15      0)
"CPL:cime_pre_init2"                                          -         48       48 4.800000e+01   5.733377e+00     0.120 (     9      0)     0.119 (     5      0)
"CPL:seq_infodata_init"                                       -         48       48 4.800000e+01   2.979956e-01     0.010 (     8      0)     0.002 (    37      0)
"CPL:seq_timemgr_clockInit"                                   -         48       48 4.800000e+01   1.828584e-01     0.005 (     8      0)     0.003 (    29      0)
"CPL:cime_init"                                               -         48       48 4.800000e+01   7.830240e+02    16.313 (     0      0)    16.313 (     9      0)
"CPL:init_comps"                                              -         48       48 4.800000e+01   7.823544e+02    16.299 (    20      0)    16.299 (    23      0)
"CPL:comp_init_pre_all"                                       -         48       48 4.800000e+01   4.051273e-03     0.000 (    36      0)     0.000 (    23      0)
"CPL:comp_init_cc_atm"                                        -         48       48 4.800000e+01   6.484245e+02    13.509 (    12      0)    13.509 (    30      0)
"a_i:comp_init"                                               -         48       48 9.600000e+01   6.482913e+02    13.508 (     0      0)    13.506 (    32      0)
"a_i:EAMxx::init"                                             -         48       48 3.360000e+02   6.460264e+02    13.481 (     7      0)    13.431 (    20      0)
"a_i:EAMxx::create_output_managers"                           -         48       48 4.800000e+01   1.919963e-01     0.006 (    22      0)     0.000 (     3      0)
"a_i:EAMxx::create_atm_processes"                             -         48       48 4.800000e+01   5.950111e-01     0.019 (     3      0)     0.008 (     0      0)
"a_i:EAMxx::create_grids"                                     -         48       48 4.800000e+01   2.971133e+02     6.193 (     0      0)     6.187 (    23      0)
"a_i:EAMxx::build_grids"                                      -         48       48 4.800000e+01   2.880059e+02     6.000 (    25      0)     6.000 (    46      0)
"a_i:PartitioningTime"                                        -         48       48 4.800000e+01   1.183142e-05     0.000 (    38      0)     0.000 (     4      0)
"a_i:repro_sum_int"                                           -         48       48 4.800000e+01   4.271907e-01     0.011 (    43      0)     0.008 (    31      0)
"a_i:PIO:spio_get_att_tc"                                     -         48       48 4.704000e+03   3.003806e-01     0.006 (    29      0)     0.006 (    12      0)
"a_i:PIO:spio_get_vars_tc"                                    -         48       48 9.600000e+02   8.048251e+00     0.168 (     3      0)     0.166 (    27      0)
"a_i:PIO:PIOc_closefile"                                      -         48       48 5.760000e+02   5.176914e-02     0.012 (    36      0)     0.000 (    14      0)
"a_i:EAMxx::SurfaceCouplingImporter::set_grids"               -         48       48 4.800000e+01   2.492790e-02     0.001 (    33      0)     0.000 (     5      0)
"a_i:EAMxx::homme::set_grids"                                 -         48       48 4.800000e+01   4.131167e+00     0.093 (    12      0)     0.077 (    34      0)
"a_i:EAMxx::physics::set_grids"                               -         48       48 4.800000e+01   4.128763e+00     0.095 (    34      0)     0.080 (    12      0)
"a_i:EAMxx::mac_aero_mic::set_grids"                          -         48       48 4.800000e+01   1.854920e+00     0.048 (    34      0)     0.032 (    20      0)
"a_i:EAMxx::tms::set_grids"                                   -         48       48 4.800000e+01   3.904490e-02     0.001 (    30      0)     0.000 (    22      0)
"a_i:EAMxx::shoc::set_grids"                                  -         48       48 4.800000e+01   5.504478e-02     0.002 (    37      0)     0.000 (    46      0)
"a_i:EAMxx::cld_fraction::set_grids"                          -         48       48 4.800000e+01   1.114275e-02     0.001 (    26      0)     0.000 (    27      0)
"a_i:EAMxx::spa::set_grids"                                   -         48       48 4.800000e+01   1.574663e+00     0.043 (    34      0)     0.027 (    20      0)
"a_i:EAMxx::p3::set_grids"                                    -         48       48 4.800000e+01   1.719154e-01     0.004 (     4      0)     0.003 (    46      0)
"a_i:EAMxx::rrtmgp::set_grids"                                -         48       48 4.800000e+01   2.270323e+00     0.048 (    45      0)     0.047 (    37      0)
"a_i:EAMxx::SurfaceCouplingExporter::set_grids"               -         48       48 4.800000e+01   6.288406e-01     0.015 (    28      0)     0.012 (    23      0)
"a_i:EAMxx::create_fields"                                    -         48       48 4.800000e+01   6.699267e+00     0.146 (    30      0)     0.129 (    46      0)
"a_i:EAMxx::initialize_fields"                                -         48       48 4.800000e+01   2.490394e+01     0.521 (    14      0)     0.513 (     8      0)
"a_i:PIO:PIOc_initdecomp"                                     -         48       48 4.800000e+02   9.388921e+00     0.196 (    43      0)     0.195 (    25      0)
"a_i:PIO:box_rearrange_create"                                -         48       48 4.800000e+02   9.132079e+00     0.191 (    31      0)     0.189 (    41      0)
"a_i:PIO:pio_swapm"                                           -         48       48 2.544000e+03   4.975044e+01     1.237 (    11      0)     0.140 (    36      0)
"a_i:PIO:PIOc_read_darray"                                    -         48       48 1.104000e+03   5.607177e+01     1.173 (    10      0)     1.165 (    36      0)
"a_i:PIO:read_darray_nc"                                      -         48       48 1.104000e+03   3.837146e+00     1.005 (     0      0)     0.000 (     8      0)
"a_i:PIO:rearrange_io2comp"                                   -         48       48 1.104000e+03   4.732585e+01     1.160 (    11      0)     0.123 (    36      0)
"a_i:EAMxx::initialize_atm_procs"                             -         48       48 4.800000e+01   3.051256e+02     6.377 (     8      0)     6.334 (    13      0)
"a_i:EAMxx::SurfaceCouplingImporter::init"                    -         48       48 4.800000e+01   1.235715e-02     0.001 (     8      0)     0.000 (    12      0)
"a_i:EAMxx::homme::init"                                      -         48       48 4.800000e+01   2.145967e+02     4.485 (    35      0)     4.448 (    36      0)
"a_i:compose_init"                                            -         48       48 4.800000e+01   4.273012e-01     0.013 (     8      0)     0.006 (    24      0)
"a_i:sl_init1"                                                -         48       48 4.800000e+01   2.169133e+01     0.467 (     0      0)     0.423 (    46      0)
"a_i:EAMxx::tms::init"                                        -         48       48 4.800000e+01   1.965746e-04     0.000 (     0      0)     0.000 (    29      0)
"a_i:EAMxx::shoc::init"                                       -         48       48 4.800000e+01   1.239804e+00     0.034 (     9      0)     0.017 (    13      0)
"a_i:EAMxx::cld_fraction::init"                               -         48       48 4.800000e+01   1.135156e-03     0.000 (     0      0)     0.000 (    20      0)
"a_i:EAMxx::spa::init"                                        -         48       48 4.800000e+01   5.516104e+01     1.167 (    38      0)     1.136 (     1      0)
"a_i:EAMxx::p3::init"                                         -         48       48 4.800000e+01   7.938600e+00     0.167 (     8      0)     0.165 (    36      0)
"a_i:EAMxx::rrtmgp::init"                                     -         48       48 4.800000e+01   2.502281e+01     0.536 (    36      0)     0.514 (    16      0)
"a_i:EAMxx::SurfaceCouplingExporter::init"                    -         48       48 4.800000e+01   8.991124e-01     0.037 (     5      0)     0.003 (    19      0)
"a_i:EAMxx::initialize_output_managers"                       -         48       48 4.800000e+01   1.139678e+01     0.239 (    36      0)     0.237 (    11      0)
"a_i:EAMxx::IO::standard"                                     -         48       48 4.800000e+01   8.700247e+00     0.215 (     7      0)     0.101 (    36      0)
"a_i:EAMxx::IO::nooutput.yaml"                                -         48       48 4.800000e+01   8.700186e+00     0.215 (     7      0)     0.101 (    36      0)
"a_i:EAMxx::IO::standard::get_new_file"                       -         48       48 4.800000e+01   8.689517e+00     0.215 (     7      0)     0.100 (    36      0)
"a_i:PIO:PIOc_createfile"                                     -         48       48 4.800000e+01   8.553568e+00     0.212 (     7      0)     0.097 (    36      0)
"a_i:PIO:write_total"                                         -         48       48 1.584000e+03   8.568758e+00     0.212 (     7      0)     0.099 (    36      0)
"a_i:PIO:spio_put_att_tc"                                     -         48       48 1.440000e+03   7.886958e-03     0.002 (    24      0)     0.000 (    17      0)
"a_i:PIO:spio_put_vars_tc"                                    -         48       48 4.800000e+01   5.168709e-03     0.000 (     0      0)     0.000 (    13      0)
"a_i:PIO:flush_output_buffer"                                 -          4        4 8.000000e+00   2.237620e-03     0.001 (    36      0)     0.001 (    12      0)
"a_i:EAMxx::IO::standard::run_output_streams"                 -         48       48 4.800000e+01   5.811711e-06     0.000 (    13      0)     0.000 (    30      0)
"a_i:EAMxx::IO::standard::update_snapshot_tally"              -         48       48 4.800000e+01   1.051071e-02     0.002 (     0      0)     0.000 (    46      0)
"a_i:PIO:PIOc_sync"                                           -         48       48 4.800000e+01   2.163403e-03     0.001 (     0      0)     0.000 (     9      0)
"CPL:comp_init_cc_lnd"                                        -         48       48 4.800000e+01   1.037049e+02     2.161 (    37      0)     2.160 (    15      0)
"l_i:comp_init"                                               -         48       48 4.800000e+01   1.035749e+02     2.159 (     0      0)     2.157 (    25      0)
"l_i:elm_init1"                                               -         48       48 4.800000e+01   7.356511e+01     1.542 (    28      0)     1.523 (    40      0)
"l_i:PIO:openfile"                                            -         48       48 1.056000e+03   1.864609e+01     0.463 (    43      0)     0.238 (     4      0)
"l_i:PIO:pio_inq_dimid_file_dimid"                            -         48       48 2.544000e+03   7.783043e-02     0.002 (    34      0)     0.001 (     7      0)
"l_i:PIO:pio_inq_dimlen_file_dimid"                           -         48       48 6.384000e+03   1.902066e-01     0.004 (     4      0)     0.004 (    39      0)
"l_i:PIO:pio_inq_dimlen_file_dimid_offlen"                    -         48       48 6.384000e+03   1.890204e-01     0.004 (     4      0)     0.004 (    39      0)
"l_i:PIO:pio_inq_varid_file_vdesc"                            -         48       48 1.334400e+04   7.358229e-01     0.019 (    15      0)     0.009 (     0      0)
"l_i:PIO:pio_inq_varid_file_vid"                              -         48       48 1.334400e+04   7.275647e-01     0.019 (    15      0)     0.009 (     0      0)
"l_i:PIO:get_var_1d_int"                                      -         48       48 2.880000e+02   1.128499e+00     0.024 (    34      0)     0.023 (    16      0)
"l_i:PIO:spio_get_vars_tc"                                    -         48       48 8.448000e+03   3.270759e+00     0.069 (     4      0)     0.067 (    12      0)
"l_i:PIO:closefile"                                           -         48       48 9.120000e+02   5.245027e-02     0.007 (    12      0)     0.001 (    15      0)
"l_i:PIO:PIOc_closefile"                                      -         48       48 9.120000e+02   5.180899e-02     0.007 (    12      0)     0.001 (    15      0)
"l_i:PIO:pio_inq_varndims_file_vdesc"                         -         48       48 2.880000e+03   1.910372e-01     0.005 (     0      0)     0.003 (    34      0)
"l_i:PIO:pio_inq_varndims_file_vid"                           -         48       48 2.880000e+03   1.903873e-01     0.005 (     0      0)     0.003 (    34      0)
"l_i:PIO:pio_inq_vardimid_file_vdesc"                         -         48       48 2.880000e+03   4.026364e-01     0.010 (     4      0)     0.008 (    43      0)
"l_i:PIO:pio_inq_vardimid_file_vid"                           -         48       48 2.880000e+03   4.020351e-01     0.010 (     4      0)     0.008 (    43      0)
"l_i:PIO:pio_inq_dimname_file_dimid"                          -         48       48 1.171200e+04   5.336744e-01     0.012 (     9      0)     0.011 (    38      0)
"l_i:PIO:initdecomp"                                          -         48       48 4.800000e+02   7.544264e-01     0.017 (    11      0)     0.015 (    31      0)
"l_i:PIO:PIOc_initdecomp"                                     -         48       48 4.800000e+02   7.527033e-01     0.017 (    11      0)     0.015 (    33      0)
"l_i:PIO:box_rearrange_create"                                -         48       48 4.800000e+02   6.789267e-01     0.014 (    47      0)     0.014 (    12      0)
"l_i:PIO:pio_swapm"                                           -         48       48 4.320000e+03   3.980201e+01     0.881 (    39      0)     0.244 (    24      0)
"l_i:PIO:read_darray_1d_double"                               -         48       48 3.840000e+02   7.574190e+00     0.159 (    36      0)     0.158 (     4      0)
"l_i:PIO:PIOc_read_darray"                                    -         48       48 2.880000e+03   4.296335e+01     0.901 (    36      0)     0.893 (    13      0)
"l_i:PIO:read_darray_nc"                                      -         48       48 2.880000e+03   2.325467e+00     0.638 (    24      0)     0.000 (    20      0)
"l_i:PIO:rearrange_io2comp"                                   -         48       48 2.880000e+03   3.951507e+01     0.873 (    43      0)     0.237 (    24      0)
"l_i:PIO:pio_inquire_file"                                    -         48       48 4.416000e+03   1.385388e-01     0.003 (     0      0)     0.003 (    15      0)
"l_i:PIO:pio_inq_ndims_file"                                  -         48       48 4.416000e+03   1.376957e-01     0.003 (     8      0)     0.003 (    21      0)
"l_i:PIO:read_darray_1d_int"                                  -         48       48 9.600000e+01   1.658295e+00     0.035 (    36      0)     0.034 (     1      0)
"l_i:PIO:read_darray_3d_double"                               -         48       48 8.640000e+02   1.177888e+01     0.247 (    24      0)     0.245 (    13      0)
"l_i:PIO:read_darray_3d_int"                                  -         48       48 4.800000e+01   2.152167e+00     0.045 (    24      0)     0.045 (    28      0)
"l_i:PIO:read_darray_4d_double"                               -         48       48 6.720000e+02   9.056683e+00     0.191 (    36      0)     0.188 (     4      0)
"l_i:PIO:get_var_1d_text"                                     -         48       48 9.600000e+01   6.792152e-02     0.002 (     1      0)     0.001 (    26      0)
"l_i:PIO:get_var_1d_double"                                   -         48       48 6.768000e+03   3.697108e+00     0.078 (     0      0)     0.076 (    20      0)
"l_i:PIO:get_var_0d_double"                                   -         48       48 4.800000e+02   1.969342e-01     0.004 (    36      0)     0.004 (    23      0)
"l_i:PIO:read_darray_2d_double"                               -         48       48 6.240000e+02   1.027967e+01     0.215 (    36      0)     0.213 (    13      0)
"l_i:PIO:read_darray_2d_int"                                  -         48       48 1.920000e+02   4.672737e-01     0.011 (    36      0)     0.009 (    28      0)
"l_i:gather_1darray_int_total"                                -         48       48 2.400000e+02   9.216998e-01     0.023 (    46      0)     0.016 (     1      0)
"l_i:scatter_1darray_int_total"                               -         48       48 2.400000e+02   1.296923e-01     0.003 (     6      0)     0.002 (     0      0)
"l_i:init_filters"                                            -         48       48 4.800000e+01   3.262622e-01     0.009 (    28      0)     0.000 (    42      0)
"l_i:elm_init2"                                               -         48       48 4.800000e+01   2.865764e+01     0.599 (     0      0)     0.596 (    25      0)
"l_i:init_orbd"                                               -         48       48 4.800000e+01   2.103502e-03     0.000 (    10      0)     0.000 (    39      0)
"l_i:PIO:get_var_0d_int"                                      -         48       48 4.800000e+01   1.656732e-02     0.000 (     0      0)     0.000 (    30      0)
"l_i:PIO:get_var_2d_double"                                   -         48       48 5.760000e+02   1.281882e+00     0.027 (    39      0)     0.027 (    12      0)
"l_i:PIO:get_var_3d_double"                                   -         48       48 1.920000e+02   1.488875e-01     0.003 (     1      0)     0.003 (    12      0)
"l_i:init_accflds"                                            -         48       48 4.800000e+01   9.704104e-03     0.000 (     3      0)     0.000 (    14      0)
"l_i:init_dyn_subgrid"                                        -         48       48 4.800000e+01   4.804774e-02     0.002 (    27      0)     0.000 (    43      0)
"l_i:init_map2gc"                                             -         48       48 4.800000e+01   9.142811e-03     0.000 (    10      0)     0.000 (    19      0)
"l_i:init_elm_interface_data & pflotran"                      -         48       48 4.800000e+01   5.154747e-06     0.000 (    39      0)     0.000 (    33      0)
"l_i:init_wlog"                                               -         48       48 4.800000e+01   2.510083e-05     0.000 (     0      0)     0.000 (    45      0)
"l_i:elm_init3"                                               -         48       48 4.800000e+01   6.674575e-05     0.000 (    43      0)     0.000 (     3      0)
"CPL:comp_init_cc_rof"                                        -         48       48 4.800000e+01   5.349181e-02     0.001 (     0      0)     0.001 (    37      0)
"r_i:comp_init"                                               -         48       48 4.800000e+01   3.329609e-03     0.000 (    30      0)     0.000 (     2      0)
"CPL:comp_init_cc_ocn"                                        -         48       48 4.800000e+01   1.806647e+01     0.376 (     4      0)     0.376 (    24      0)
"o_i:comp_init"                                               -         48       48 4.800000e+01   1.800899e+01     0.375 (    35      0)     0.375 (    28      0)
"o_i:docn_readnml"                                            -         48       48 4.800000e+01   8.664331e+00     0.181 (    37      0)     0.176 (     0      0)
"o_i:DOCN_INIT"                                               -         48       48 4.800000e+01   9.308651e+00     0.194 (    12      0)     0.194 (    45      0)
"o_i:docn_strdata_init"                                       -         48       48 4.800000e+01   8.114051e+00     0.170 (    13      0)     0.167 (    27      0)
"o_i:PIO:initdecomp"                                          -         48       48 1.440000e+02   1.676603e-01     0.004 (    13      0)     0.003 (     0      0)
"o_i:PIO:PIOc_initdecomp"                                     -         48       48 1.440000e+02   1.673036e-01     0.004 (    13      0)     0.003 (     0      0)
"o_i:PIO:box_rearrange_create"                                -         48       48 1.440000e+02   1.470825e-01     0.003 (    33      0)     0.003 (    13      0)
"o_i:PIO:pio_swapm"                                           -         48       48 5.280000e+02   3.630216e-01     0.010 (    19      0)     0.002 (    36      0)
"o_i:docn_initgsmaps"                                         -         48       48 4.800000e+01   1.379055e-03     0.000 (     5      0)     0.000 (    16      0)
"o_i:docn_initmctdom"                                         -         48       48 4.800000e+01   5.511009e-03     0.000 (    30      0)     0.000 (     0      0)
"o_i:docn_initmctavs"                                         -         48       48 4.800000e+01   3.205705e-03     0.000 (    43      0)     0.000 (    13      0)
"o_i:DOCN_RUN"                                                -         48       48 4.800000e+01   1.183663e+00     0.026 (    35      0)     0.024 (    14      0)
"o_i:docn_run1"                                               -         48       48 4.800000e+01   4.494182e-05     0.000 (    27      0)     0.000 (    31      0)
"o_i:docn"                                                    -         48       48 4.800000e+01   1.183521e+00     0.026 (    35      0)     0.024 (    14      0)
"o_i:docn_strdata_advance"                                    -         48       48 4.800000e+01   1.180067e+00     0.026 (    35      0)     0.023 (    14      0)
"o_i:docn_strd_adv_total"                                     -         48       48 4.800000e+01   1.179979e+00     0.026 (    35      0)     0.023 (    14      0)
"o_i:docn_strd_adv_readLBUB"                                  -         48       48 4.800000e+01   1.086344e+00     0.025 (    24      0)     0.019 (     2      0)
"o_i:docn_readLBUB_setup"                                     -         48       48 4.800000e+01   1.520006e-04     0.000 (    33      0)     0.000 (    21      0)
"o_i:docn_readLBUB_fbound"                                    -         48       48 4.800000e+01   6.084965e-03     0.006 (     0      0)     0.000 (    39      0)
"o_i:docn_readLBUB_bcast"                                     -         48       48 4.800000e+01   3.228322e-01     0.008 (    24      0)     0.000 (     0      0)
"o_i:docn_readLBUB_LB_setup"                                  -         48       48 4.800000e+01   2.802373e-05     0.000 (     0      0)     0.000 (    19      0)
"o_i:docn_readLBUB_LB_readpio"                                -         48       48 4.800000e+01   5.440928e-01     0.012 (    24      0)     0.010 (     7      0)
"o_i:PIO:openfile"                                            -         48       48 4.800000e+01   3.730176e-01     0.008 (     0      0)     0.008 (    14      0)
"o_i:PIO:pio_inq_varid_file_vdesc"                            -         48       48 1.920000e+02   5.836513e-03     0.000 (     5      0)     0.000 (    36      0)
"o_i:PIO:pio_inq_varid_file_vid"                              -         48       48 1.920000e+02   5.757039e-03     0.000 (     5      0)     0.000 (    39      0)
"o_i:PIO:pio_inq_varndims_file_vdesc"                         -         48       48 9.600000e+01   5.705531e-03     0.000 (    11      0)     0.000 (    26      0)
"o_i:PIO:pio_inq_varndims_file_vid"                           -         48       48 9.600000e+01   5.659791e-03     0.000 (    11      0)     0.000 (    26      0)
"o_i:PIO:pio_inq_vardimid_file_vdesc"                         -         48       48 9.600000e+01   1.231421e-02     0.000 (    10      0)     0.000 (    29      0)
"o_i:PIO:pio_inq_vardimid_file_vid"                           -         48       48 9.600000e+01   1.228112e-02     0.000 (    10      0)     0.000 (    29      0)
"o_i:PIO:pio_inq_dimlen_file_dimid"                           -         48       48 2.880000e+02   7.524463e-03     0.000 (     4      0)     0.000 (    14      0)
"o_i:PIO:pio_inq_dimlen_file_dimid_offlen"                    -         48       48 2.880000e+02   7.457300e-03     0.000 (     4      0)     0.000 (    33      0)
"o_i:PIO:pio_inq_vartype_file_vdesc"                          -         48       48 9.600000e+01   5.989583e-03     0.000 (     8      0)     0.000 (    45      0)
"o_i:PIO:pio_inq_vartype_file_vid"                            -         48       48 9.600000e+01   5.946632e-03     0.000 (     5      0)     0.000 (    45      0)
"o_i:PIO:read_darray_1d_real"                                 -         48       48 9.600000e+01   3.297483e-01     0.008 (    16      0)     0.003 (     1      0)
"o_i:PIO:PIOc_read_darray"                                    -         48       48 9.600000e+01   3.295325e-01     0.008 (    16      0)     0.003 (     1      0)
"o_i:PIO:read_darray_nc"                                      -         48       48 9.600000e+01   2.238020e-02     0.007 (    24      0)     0.000 (    17      0)
"o_i:PIO:rearrange_io2comp"                                   -         48       48 9.600000e+01   2.861409e-01     0.008 (    19      0)     0.001 (     0      0)
"o_i:docn_readLBUB_UB_setup"                                  -         48       48 4.800000e+01   5.853727e-05     0.000 (     0      0)     0.000 (    23      0)
"o_i:docn_readLBUB_UB_readpio"                                -         48       48 4.800000e+01   2.087758e-01     0.005 (    21      0)     0.003 (     0      0)
"o_i:docn_readLBUB_filemgt"                                   -         48       48 4.800000e+01   1.023650e-05     0.000 (     0      0)     0.000 (    19      0)
"o_i:docn_strd_adv_fill"                                      -         48       48 4.800000e+01   7.432852e-03     0.000 (    15      0)     0.000 (    41      0)
"o_i:docn_strd_adv_map"                                       -         48       48 4.800000e+01   8.462010e-02     0.005 (     7      0)     0.000 (    20      0)
"o_i:docn_strd_adv_tint"                                      -         48       48 4.800000e+01   7.627619e-04     0.000 (     9      0)     0.000 (    31      0)
"o_i:docn_scatter"                                            -         48       48 4.800000e+01   2.010395e-03     0.000 (    30      0)     0.000 (    18      0)
"o_i:docn_datamode"                                           -         48       48 4.800000e+01   6.871390e-04     0.000 (     5      0)     0.000 (    24      0)
"o_i:docn_run2"                                               -         48       48 4.800000e+01   1.014152e-05     0.000 (     0      0)     0.000 (    12      0)
"CPL:comp_init_cc_ice"                                        -         48       48 4.800000e+01   1.057344e+01     0.221 (    31      0)     0.219 (     0      0)
"i_i:comp_init"                                               -         48       48 4.800000e+01   1.042002e+01     0.220 (    24      0)     0.214 (    37      0)
"i_i:cice_init"                                               -         48       48 4.800000e+01   1.533995e+00     0.032 (    34      0)     0.032 (    10      0)
"i_i:ice_HaloUpdate2DR8"                                      -         48       48 1.920000e+02   2.551182e-02     0.005 (    36      0)     0.000 (     8      0)
"i_i:ice_HU2DR8_init"                                         -         48       48 1.920000e+02   2.219504e-04     0.000 (     2      0)     0.000 (    22      0)
"i_i:state_bound_h1"                                          -         48       48 4.800000e+01   6.346195e-03     0.000 (    16      0)     0.000 (    37      0)
"i_i:ice_HaloUpdate3DR8"                                      -         48       48 2.400000e+02   6.501078e-03     0.000 (    16      0)     0.000 (    10      0)
"i_i:ice_HU3DR8_init"                                         -         48       48 2.400000e+02   3.482232e-04     0.000 (     3      0)     0.000 (    43      0)
"i_i:ice_HU3DR8_recvall"                                      -         48       48 2.400000e+02   3.386532e-03     0.000 (    16      0)     0.000 (    27      0)
"i_i:state_bound_hm"                                          -         48       48 4.800000e+01   7.182451e-05     0.000 (    36      0)     0.000 (    10      0)
"i_i:state_bound_hc"                                          -         48       48 4.800000e+01   9.612535e-05     0.000 (    37      0)     0.000 (    19      0)
"i_i:state_bound_h2"                                          -         48       48 4.800000e+01   5.545557e-03     0.000 (    37      0)     0.000 (    10      0)
"i_i:ice_HaloUpdate4DR8"                                      -         48       48 4.800000e+01   3.379972e-03     0.000 (    37      0)     0.000 (    10      0)
"i_i:ice_HU4DR8_init"                                         -         48       48 4.800000e+01   5.939054e-04     0.000 (    40      0)     0.000 (    38      0)
"i_i:ice_HU4DR8_recvall"                                      -         48       48 4.800000e+01   2.103315e-04     0.000 (    37      0)     0.000 (    30      0)
"i_i:state_bound_hd"                                          -         48       48 4.800000e+01   2.409683e-05     0.000 (    44      0)     0.000 (    12      0)
"i_i:cice_mct_init"                                           -         48       48 4.800000e+01   8.857289e+00     0.187 (    23      0)     0.182 (    37      0)
"i_i:PIO:initdecomp"                                          -         48       48 1.440000e+02   1.696835e-01     0.004 (    12      0)     0.003 (     0      0)
"i_i:PIO:PIOc_initdecomp"                                     -         48       48 1.440000e+02   1.693686e-01     0.004 (    12      0)     0.003 (     0      0)
"i_i:PIO:box_rearrange_create"                                -         48       48 1.440000e+02   1.484760e-01     0.003 (    38      0)     0.003 (     1      0)
"i_i:PIO:pio_swapm"                                           -         48       48 4.320000e+02   9.704256e-02     0.002 (    36      0)     0.002 (     4      0)
"CPL:comp_init_cc_glc"                                        -         48       48 4.800000e+01   3.885340e-02     0.001 (     0      0)     0.001 (    46      0)
"g_i:comp_init"                                               -         48       48 4.800000e+01   5.194847e-05     0.000 (    27      0)     0.000 (    22      0)
"CPL:comp_init_cc_wav"                                        -         48       48 4.800000e+01   3.655883e-02     0.001 (     6      0)     0.001 (    36      0)
"w_i:comp_init"                                               -         48       48 4.800000e+01   1.931208e-05     0.000 (    44      0)     0.000 (    19      0)
"CPL:comp_init_cc_esp"                                        -         48       48 4.800000e+01   2.611554e-02     0.001 (     0      0)     0.000 (    17      0)
"e_i:comp_init"                                               -         48       48 4.800000e+01   3.328238e-05     0.000 (    12      0)     0.000 (    25      0)
"CPL:comp_init_cc_iac"                                        -         48       48 4.800000e+01   3.613224e-02     0.001 (     3      0)     0.001 (    36      0)
"z_i:comp_init"                                               -         48       48 4.800000e+01   3.078550e-05     0.000 (    24      0)     0.000 (    19      0)
"CPL:comp_init_cx_all"                                        -         48       48 4.800000e+01   1.388976e+00     0.029 (     5      0)     0.029 (    28      0)
"CPL:comp_list_all"                                           -         48       48 4.800000e+01   5.333902e-04     0.000 (    15      0)     0.000 (    21      0)
"CPL:init_maps"                                               -         48       48 4.800000e+01   5.448061e-02     0.001 (     4      0)     0.001 (    47      0)
"CPL:init_aream"                                              -         48       48 4.800000e+01   4.951571e-03     0.000 (    36      0)     0.000 (     9      0)
"CPL:init_domain_check"                                       -         48       48 4.800000e+01   6.941612e-02     0.002 (    47      0)     0.001 (    36      0)
"CPL:init_areacor"                                            -         48       48 4.800000e+01   1.369303e-01     0.003 (     9      0)     0.003 (    25      0)
"CPL:init_fracs"                                              -         48       48 4.800000e+01   4.189919e-02     0.001 (    12      0)     0.001 (    47      0)
"CPL:init_aoflux"                                             -         48       48 4.800000e+01   8.427269e-03     0.000 (     2      0)     0.000 (    12      0)
"CPL:init_atminit"                                            -         48       48 2.880000e+02   3.688544e-02     0.001 (    15      0)     0.001 (     9      0)
"CPL:comp_init_cc_atm2"                                       -         48       48 4.800000e+01   8.735913e-02     0.002 (    21      0)     0.002 (     7      0)
"CPL:init_readrestart"                                        -         48       48 4.800000e+01   7.952985e-03     0.000 (    22      0)     0.000 (     2      0)
"CPL:cime_run_init"                                           -         48       48 4.800000e+01   1.064849e-02     0.006 (     0      0)     0.000 (    47      0)
"CPL:INIT_sync1_tprf"                                         -         48       48 4.800000e+01   3.037007e-01     0.007 (     1      0)     0.000 (     0      0)
"CPL:INIT_t_prf"                                              -         48       48 4.800000e+01   1.117964e-01     0.060 (     0      0)     0.000 (    15      0)
"CPL:INIT_sync2_tprf"                                         -         48       48 4.800000e+01   2.749902e+00     0.059 (    15      0)     0.000 (     0      0)
"CPL:RUN_LOOP_BSTART"                                         -         48       48 4.800000e+01   5.912221e-04     0.000 (    33      0)     0.000 (     6      0)
"CPL:RUN_LOOP"                                                -         48       48 6.912000e+03   2.616974e+03    54.526 (     0      0)    54.511 (     2      0)
"CPL:CLOCK_ADVANCE"                                           -         48       48 6.912000e+03   7.421080e-01     0.017 (     0      0)     0.015 (     8      0)
"CPL:RUN"                                                     -         48       48 8.289600e+04   1.397481e+01     0.598 (    13      0)     0.162 (     4      0)
"CPL:OCNPRE1"                                                 -         48       48 6.912000e+03   4.836677e+00     0.383 (    14      0)     0.019 (     0      0)
"CPL:ocnpre1_atm2ocn"                                         -         48       48 6.912000e+03   4.829931e+00     0.383 (    14      0)     0.019 (     0      0)
"CPL:LNDPREP"                                                 -         48       48 6.912000e+03   3.781997e-01     0.013 (    16      0)     0.003 (    47      0)
"CPL:lndprep_atm2lnd"                                         -         48       48 6.912000e+03   2.783324e-01     0.010 (    16      0)     0.001 (    47      0)
"CPL:lndprep_mrgx2l"                                          -         48       48 6.912000e+03   8.662507e-02     0.002 (    17      0)     0.001 (    11      0)
"CPL:COMM"                                                    -         48       48 4.833600e+04   9.015511e+01     3.688 (    46      0)     0.485 (    29      0)
"CPL:C2L"                                                     -         48       48 6.912000e+03   2.763584e+00     0.062 (    12      0)     0.053 (    41      0)
"CPL:c2l_lndx2lndl"                                           -         48       48 6.912000e+03   1.876116e+00     0.054 (     5      0)     0.025 (    47      0)
"CPL:c2l_infoexch"                                            -         48       48 6.912000e+03   8.748125e-01     0.036 (    47      0)     0.003 (     5      0)
"CPL:ICEPREP"                                                 -         48       48 6.912000e+03   6.055790e-01     0.013 (    38      0)     0.012 (     2      0)
"CPL:iceprep_ocn2ice"                                         -         48       48 6.912000e+03   1.333262e-01     0.003 (    38      0)     0.003 (     0      0)
"CPL:iceprep_atm2ice"                                         -         48       48 6.912000e+03   2.003102e-01     0.004 (    36      0)     0.004 (     2      0)
"CPL:iceprep_mrgx2i"                                          -         48       48 6.912000e+03   2.386403e-01     0.005 (    37      0)     0.005 (     2      0)
"CPL:C2I"                                                     -         48       48 6.912000e+03   7.914451e-01     0.017 (     2      0)     0.016 (    27      0)
"CPL:c2i_icex2icei"                                           -         48       48 6.912000e+03   1.970836e-01     0.004 (    25      0)     0.004 (     2      0)
"CPL:ice_infoexch"                                            -         48       48 6.912000e+03   5.861441e-01     0.013 (     2      0)     0.011 (    27      0)
"CPL:ICE_RUN"                                                 -         48       48 6.912000e+03   9.912707e+00     0.278 (    37      0)     0.186 (     4      0)
"i:cice_run_total"                                            -         48       48 6.912000e+03   8.501246e+00     0.261 (    37      0)     0.155 (     4      0)
"i:cice_run_import"                                           -         48       48 6.912000e+03   6.895251e-01     0.016 (    26      0)     0.014 (    10      0)
"i:cice_imp_ocn"                                              -         48       48 6.912000e+03   7.555115e-02     0.002 (    27      0)     0.001 (     7      0)
"i:cice_imp_atm"                                              -         48       48 6.912000e+03   7.653095e-02     0.002 (    33      0)     0.001 (     1      0)
"i:cice_run_initmd"                                           -         48       48 6.912000e+03   2.237365e+00     0.048 (    47      0)     0.045 (    26      0)
"i:cice_run_presc"                                            -         48       48 6.912000e+03   1.280446e+00     0.027 (    38      0)     0.026 (     5      0)
"i:cice_pice_strd_adv_total"                                  -         48       48 6.912000e+03   5.687751e-01     0.012 (    15      0)     0.012 (     2      0)
"i:cice_pice_strd_adv_readLBUB"                               -         48       48 6.912000e+03   4.507642e-01     0.009 (    36      0)     0.009 (     2      0)
"i:cice_pice_readLBUB_setup"                                  -         48       48 6.912000e+03   2.250769e-03     0.000 (    33      0)     0.000 (    13      0)
"i:cice_pice_readLBUB_fbound"                                 -         48       48 4.800000e+01   2.126505e-03     0.002 (     0      0)     0.000 (    24      0)
"i:cice_pice_readLBUB_bcast"                                  -         48       48 4.800000e+01   1.026496e-01     0.002 (    21      0)     0.000 (     0      0)
"i:cice_pice_readLBUB_LB_setup"                               -         48       48 4.800000e+01   2.988661e-05     0.000 (     0      0)     0.000 (    29      0)
"i:cice_pice_readLBUB_LB_readpio"                             -         48       48 4.800000e+01   2.539162e-01     0.006 (    36      0)     0.004 (     0      0)
"i:PIO:openfile"                                              -         48       48 4.800000e+01   1.203971e-01     0.003 (    23      0)     0.002 (     0      0)
"i:PIO:pio_inq_varid_file_vdesc"                              -         48       48 1.920000e+02   6.186671e-03     0.000 (     1      0)     0.000 (    40      0)
"i:PIO:pio_inq_varid_file_vid"                                -         48       48 1.920000e+02   6.128889e-03     0.000 (     1      0)     0.000 (    45      0)
"i:PIO:pio_inq_varndims_file_vdesc"                           -         48       48 9.600000e+01   6.053252e-03     0.000 (     2      0)     0.000 (    17      0)
"i:PIO:pio_inq_varndims_file_vid"                             -         48       48 9.600000e+01   6.021770e-03     0.000 (     2      0)     0.000 (    17      0)
"i:PIO:pio_inq_vardimid_file_vdesc"                           -         48       48 9.600000e+01   1.252295e-02     0.000 (     4      0)     0.000 (    35      0)
"i:PIO:pio_inq_vardimid_file_vid"                             -         48       48 9.600000e+01   1.249218e-02     0.000 (     4      0)     0.000 (    35      0)
"i:PIO:pio_inq_dimlen_file_dimid"                             -         48       48 2.880000e+02   7.766798e-03     0.000 (     8      0)     0.000 (    27      0)
"i:PIO:pio_inq_dimlen_file_dimid_offlen"                      -         48       48 2.880000e+02   7.672326e-03     0.000 (     8      0)     0.000 (    23      0)
"i:PIO:pio_inq_vartype_file_vdesc"                            -         48       48 9.600000e+01   6.031351e-03     0.000 (    10      0)     0.000 (    25      0)
"i:PIO:pio_inq_vartype_file_vid"                              -         48       48 9.600000e+01   5.998160e-03     0.000 (     6      0)     0.000 (    25      0)
"i:PIO:read_darray_1d_real"                                   -         48       48 9.600000e+01   1.546279e-01     0.003 (    24      0)     0.003 (     1      0)
"i:PIO:PIOc_read_darray"                                      -         48       48 9.600000e+01   1.544728e-01     0.003 (    24      0)     0.003 (     1      0)
"i:PIO:read_darray_nc"                                        -         48       48 9.600000e+01   1.070509e-02     0.003 (    24      0)     0.000 (    20      0)
"i:PIO:rearrange_io2comp"                                     -         48       48 9.600000e+01   1.220802e-01     0.003 (    35      0)     0.000 (    24      0)
"i:PIO:pio_swapm"                                             -         48       48 9.600000e+01   1.212154e-01     0.003 (    35      0)     0.000 (     0      0)
"i:cice_pice_readLBUB_UB_setup"                               -         48       48 4.800000e+01   3.895918e-05     0.000 (     0      0)     0.000 (     9      0)
"i:cice_pice_readLBUB_UB_readpio"                             -         48       48 4.800000e+01   6.648384e-02     0.003 (     3      0)     0.001 (    36      0)
"i:cice_pice_readLBUB_filemgt"                                -         48       48 6.912000e+03   1.692647e-03     0.000 (    24      0)     0.000 (     8      0)
"i:cice_pice_strd_adv_map"                                    -         48       48 4.800000e+01   2.172148e-02     0.001 (     7      0)     0.000 (    45      0)
"i:cice_pice_strd_adv_tint"                                   -         48       48 6.912000e+03   6.072446e-02     0.001 (    36      0)     0.001 (    10      0)
"i:cice_run_initflux"                                         -         48       48 6.912000e+03   3.767514e-02     0.001 (    20      0)     0.001 (     2      0)
"i:cice_run_prepradiation"                                    -         48       48 6.912000e+03   3.162136e-02     0.001 (    37      0)     0.001 (    11      0)
"i:cice_run_therm1"                                           -         48       48 6.912000e+03   9.908006e-01     0.049 (    37      0)     0.015 (     1      0)
"i:cice_run_dyn"                                              -         48       48 6.912000e+03   4.859523e-04     0.000 (    28      0)     0.000 (     0      0)
"i:cice_run_radiation"                                        -         48       48 6.912000e+03   8.096792e-01     0.077 (    38      0)     0.010 (     5      0)
"i:cice_step_radiationib"                                     -         48       48 6.912000e+03   7.504938e-01     0.075 (    38      0)     0.008 (     5      0)
"i:cice_step_rib_swdedd1"                                     -         48       48 6.912000e+03   7.306448e-02     0.002 (    20      0)     0.001 (    45      0)
"i:cice_step_rib_swdedd2"                                     -         48       48 6.912000e+03   3.762227e-02     0.001 (    38      0)     0.001 (    17      0)
"i:cice_step_rib_swdedd7"                                     -         48       48 6.912000e+03   5.897175e-01     0.071 (    38      0)     0.005 (     0      0)
"i:cice_run_couplingprep"                                     -         48       48 6.912000e+03   7.757142e-01     0.079 (    39      0)     0.007 (     3      0)
"i:ice_HaloUpdate2DR8"                                        -         48       48 6.912000e+03   4.799490e-01     0.073 (    39      0)     0.001 (     3      0)
"i:ice_HU2DR8_init"                                           -         48       48 6.912000e+03   3.908357e-03     0.000 (    47      0)     0.000 (     4      0)
"i:cice_run_diag"                                             -         48       48 6.912000e+03   7.611119e-01     0.017 (     0      0)     0.013 (    36      0)
"i:cice_run_hist"                                             -         48       48 6.912000e+03   4.870496e-01     0.011 (    21      0)     0.009 (    45      0)
"i:cice_run_accum"                                            -         48       48 6.912000e+03   3.758211e-02     0.001 (    24      0)     0.001 (    10      0)
"i:cice_run_export"                                           -         48       48 6.912000e+03   2.461553e-01     0.006 (    37      0)     0.005 (    10      0)
"CPL:LND_RUN"                                                 -         48       48 6.912000e+03   1.338689e+02     2.998 (    29      0)     2.544 (    19      0)
"l:lc_lnd_import"                                             -         48       48 6.912000e+03   2.812040e-01     0.007 (    36      0)     0.005 (    10      0)
"l:elm_run"                                                   -         48       48 6.960000e+03   1.328762e+02     2.978 (    29      0)     2.523 (    19      0)
"l:shr_orb_decl"                                              -         48       48 6.960000e+03   6.971867e-03     0.000 (    36      0)     0.000 (     6      0)
"l:decomp_vert"                                               -         48       48 6.960000e+03   2.228369e-02     0.001 (    47      0)     0.000 (    23      0)
"l:beggridwbal"                                               -         48       48 6.960000e+03   9.466889e-01     0.021 (    28      0)     0.018 (    33      0)
"l:cnpinit"                                                   -         48       48 6.960000e+03   5.512204e-03     0.000 (    26      0)     0.000 (     0      0)
"l:cnpvegsumm"                                                -         48       48 6.960000e+03   8.700300e-04     0.000 (    31      0)     0.000 (     0      0)
"l:dyn_subgrid"                                               -         48       48 6.960000e+03   6.136349e+00     0.138 (    28      0)     0.119 (    20      0)
"l:begwbal"                                                   -         48       48 6.960000e+03   1.832579e-01     0.005 (    11      0)     0.003 (    19      0)
"l:begcnpbal"                                                 -         48       48 6.960000e+03   6.658814e-04     0.000 (    46      0)     0.000 (     0      0)
"l:drvinit"                                                   -         48       48 6.960000e+03   6.254989e-01     0.014 (    28      0)     0.012 (     6      0)
"l:canhydro"                                                  -         48       48 6.960000e+03   1.126010e+00     0.025 (    45      0)     0.021 (    33      0)
"l:surfrad"                                                   -         48       48 6.960000e+03   1.778169e+00     0.040 (    41      0)     0.034 (    33      0)
"l:bgp1"                                                      -         48       48 6.960000e+03   1.585880e+00     0.038 (    11      0)     0.028 (    20      0)
"l:bgflux"                                                    -         48       48 6.960000e+03   1.026512e+00     0.026 (    20      0)     0.018 (     3      0)
"l:canflux"                                                   -         48       48 6.960000e+03   4.131828e+01     1.065 (    29      0)     0.734 (     8      0)
"l:can_iter"                                                  -         48       48 6.960000e+03   3.464048e+01     0.910 (    29      0)     0.603 (     8      0)
"l:uflux"                                                     -         48       48 6.960000e+03   1.729836e+00     0.049 (    10      0)     0.025 (    20      0)
"l:bgplake"                                                   -         48       48 6.960000e+03   4.658818e+00     0.110 (    11      0)     0.081 (    33      0)
"l:bgc"                                                       -         48       48 6.960000e+03   3.144539e+00     0.074 (     2      0)     0.056 (    20      0)
"l:soiltemperature"                                           -         48       48 6.960000e+03   2.593883e+01     0.609 (     3      0)     0.497 (    19      0)
"l:SoilThermProp"                                             -         48       48 6.960000e+03   1.992428e+00     0.050 (    11      0)     0.035 (    20      0)
"l:SoilTempBandDiag"                                          -         48       48 1.392000e+04   4.741680e+00     0.134 (    10      0)     0.075 (    20      0)
"l:PhaseChangeH2osfc"                                         -         48       48 6.960000e+03   2.980249e-02     0.001 (    28      0)     0.000 (    20      0)
"l:PhaseChangebeta"                                           -         48       48 6.960000e+03   1.002286e+00     0.025 (    11      0)     0.017 (    20      0)
"l:bgp2"                                                      -         48       48 6.960000e+03   1.372952e+00     0.032 (     3      0)     0.025 (    33      0)
"l:bgp2_loop_1"                                               -         48       48 6.960000e+03   2.385689e-01     0.006 (    10      0)     0.004 (    20      0)
"l:bgp2_loop_2"                                               -         48       48 6.960000e+03   3.552065e-01     0.008 (     3      0)     0.007 (    34      0)
"l:bgp2_loop_3"                                               -         48       48 6.960000e+03   6.014238e-01     0.014 (    11      0)     0.011 (    34      0)
"l:bgp2_loop_4"                                               -         48       48 6.960000e+03   1.501488e-01     0.004 (     3      0)     0.003 (    33      0)
"l:patch2col"                                                 -         48       48 6.960000e+03   9.157962e-01     0.023 (    11      0)     0.017 (    20      0)
"l:hydro without drainage"                                    -         48       48 6.960000e+03   1.039927e+01     0.265 (     3      0)     0.178 (    20      0)
"l:hylake"                                                    -         48       48 6.960000e+03   7.853953e-01     0.019 (     3      0)     0.014 (    33      0)
"l:snow_init"                                                 -         48       48 6.960000e+03   7.858389e-02     0.002 (    46      0)     0.001 (     2      0)
"l:ecosysdyn"                                                 -         48       48 6.960000e+03   2.324556e-01     0.005 (     3      0)     0.004 (    31      0)
"l:depvel"                                                    -         48       48 1.392000e+04   4.506863e-03     0.000 (     5      0)     0.000 (    41      0)
"l:hydro2 drainage"                                           -         48       48 6.960000e+03   9.171980e-01     0.023 (    11      0)     0.016 (    20      0)
"l:balchk"                                                    -         48       48 6.960000e+03   8.472621e-01     0.019 (     8      0)     0.016 (    31      0)
"l:gridbalchk"                                                -         48       48 6.960000e+03   4.221497e-01     0.010 (    11      0)     0.008 (    31      0)
"l:lnd2atm"                                                   -         48       48 6.960000e+03   3.404608e+00     0.078 (     2      0)     0.064 (    31      0)
"l:wrtdiag"                                                   -         48       48 6.960000e+03   6.233975e-02     0.004 (     0      0)     0.001 (    38      0)
"l:hbuf"                                                      -         48       48 6.960000e+03   1.253162e+01     0.280 (     3      0)     0.240 (    31      0)
"l:elm_drv_io"                                                -         48       48 6.960000e+03   2.067631e-02     0.001 (     8      0)     0.000 (    10      0)
"l:elm_drv_io_htapes"                                         -         48       48 6.960000e+03   1.603444e-02     0.001 (     8      0)     0.000 (    11      0)
"l:lc_lnd_export"                                             -         48       48 6.960000e+03   1.029468e-01     0.002 (    44      0)     0.002 (    28      0)
"l:lc_elm2_adv_timestep"                                      -         48       48 6.960000e+03   4.694400e-03     0.000 (     6      0)     0.000 (    35      0)
"l:accum"                                                     -         48       48 6.912000e+03   1.966901e+00     0.042 (     8      0)     0.039 (    31      0)
"CPL:ATMOCNP"                                                 -         48       48 6.912000e+03   1.393227e+00     0.035 (    39      0)     0.015 (    45      0)
"CPL:atmocnp_fluxo"                                           -         48       48 6.912000e+03   1.191979e+00     0.031 (    39      0)     0.010 (    15      0)
"CPL:atmocnp_ocnalb"                                          -         48       48 6.912000e+03   1.861632e-01     0.005 (    15      0)     0.004 (    47      0)
"CPL:L2C"                                                     -         48       48 6.912000e+03   7.186887e+00     0.253 (     4      0)     0.060 (    12      0)
"CPL:l2c_lndl2lndx"                                           -         48       48 6.912000e+03   7.162664e+00     0.252 (     4      0)     0.060 (    12      0)
"lnd2cpl_run"                                                 -         48       48 6.912000e+03   1.493451e-02     0.000 (    30      0)     0.000 (    13      0)
"CPL:LNDPOST"                                                 -         48       48 6.912000e+03   4.437354e-03     0.000 (    25      0)     0.000 (    15      0)
"CPL:I2C"                                                     -         48       48 6.912000e+03   2.309579e-01     0.005 (    41      0)     0.005 (    42      0)
"CPL:i2c_icei2icex"                                           -         48       48 6.912000e+03   2.151835e-01     0.005 (    12      0)     0.004 (    42      0)
"CPL:i2c_infoexch"                                            -         48       48 6.912000e+03   6.495144e-03     0.000 (    24      0)     0.000 (    31      0)
"CPL:ICEPOST"                                                 -         48       48 6.912000e+03   5.735063e-04     0.000 (    25      0)     0.000 (    21      0)
"CPL:FRACSET"                                                 -         48       48 6.912000e+03   2.129712e+00     0.095 (    22      0)     0.005 (     2      0)
"CPL:fracset_fracset"                                         -         48       48 6.912000e+03   2.126103e+00     0.095 (    22      0)     0.005 (    21      0)
"CPL:ATMPREP"                                                 -         48       48 6.912000e+03   4.505457e+00     0.162 (     0      0)     0.065 (     1      0)
"CPL:atmprep_xao2atm"                                         -         48       48 6.912000e+03   1.144908e+00     0.093 (    13      0)     0.010 (    21      0)
"CPL:atmprep_ocn2atm"                                         -         48       48 6.912000e+03   6.868517e-01     0.072 (    21      0)     0.009 (    37      0)
"CPL:atmprep_alb2atm"                                         -         48       48 6.912000e+03   1.885940e-01     0.005 (    30      0)     0.003 (     9      0)
"CPL:atmprep_ice2atm"                                         -         48       48 6.912000e+03   7.695391e-01     0.067 (    37      0)     0.011 (     9      0)
"CPL:atmprep_lnd2atm"                                         -         48       48 6.912000e+03   1.265234e+00     0.118 (     0      0)     0.010 (     6      0)
"CPL:atmprep_mrgx2a"                                          -         48       48 6.912000e+03   4.218626e-01     0.016 (     7      0)     0.004 (    21      0)
"CPL:C2A"                                                     -         48       48 6.912000e+03   1.793833e+00     0.052 (    21      0)     0.024 (     7      0)
"CPL:c2a_atmx2atmg"                                           -         48       48 6.912000e+03   7.900184e-01     0.033 (     0      0)     0.006 (    32      0)
"CPL:c2a_infoexch"                                            -         48       48 6.912000e+03   9.953851e-01     0.032 (     3      0)     0.012 (     7      0)
"CPL:ATM_RUN"                                                 -         48       48 6.912000e+03   2.346232e+03    50.306 (    32      0)    47.193 (     0      0)
"a:EAMxx::run"                                                -         48       48 6.912000e+03   2.345456e+03    50.290 (    32      0)    47.177 (     0      0)
"a:EAMxx::EAMxx::run"                                         -         48       48 6.912000e+03   2.344279e+03    50.266 (    32      0)    47.132 (     0      0)
"a:EAMxx::EAMxx::run-precondition-checks"                     -         48       48 6.912000e+03   2.576969e-03     0.000 (    22      0)     0.000 (    26      0)
"a:EAMxx::SurfaceCouplingImporter::run"                       -         48       48 6.912000e+03   6.904040e+00     0.206 (     3      0)     0.096 (    16      0)
"a:EAMxx::SurfaceCouplingImporter::run-precondition-checks"   -         48       48 6.912000e+03   1.202052e-03     0.000 (    23      0)     0.000 (    22      0)
"a:EAMxx::SurfaceCouplingImporter::run-postcondition-checks"  -         48       48 6.912000e+03   6.339148e+00     0.194 (     3      0)     0.084 (    16      0)
"a:EAMxx::homme::run"                                         -         48       48 6.912000e+03   1.447507e+03    30.213 (    15      0)    30.075 (     4      0)
"a:EAMxx::homme::run-precondition-checks"                     -         48       48 6.912000e+03   1.165761e-03     0.000 (    36      0)     0.000 (    28      0)
"a:tl-sc prim_run_subcycle_c"                                 -         48       48 6.912000e+03   1.401277e+03    29.222 (    25      0)    29.157 (    12      0)
"a:tl-s prim_step_flexible"                                   -         48       48 6.912000e+03   1.401247e+03    29.221 (    25      0)    29.157 (    12      0)
"a:ApplyCAMForcing_tracers"                                   -         48       48 6.912000e+03   1.931953e+01     0.447 (    30      0)     0.343 (    42      0)
"a:tl-s deep_copy+derived_dp"                                 -         48       48 6.912000e+03   2.217580e-01     0.005 (    17      0)     0.004 (    30      0)
"a:ApplyCAMForcing_dynamics"                                  -         48       48 2.073600e+04   3.526887e+00     0.103 (     5      0)     0.056 (    29      0)
"a:tl-ae prim_advance_exp"                                    -         48       48 4.147200e+04   1.151178e+03    24.193 (    40      0)    23.794 (    22      0)
"a:ttype9_imex_timestep"                                      -         48       48 4.147200e+04   9.504937e+02    20.450 (    20      0)    19.061 (     8      0)
"a:caar compute"                                              -         48       48 4.147200e+05   2.437789e+02     5.283 (    45      0)     4.945 (    18      0)
"a:caar_bexchV"                                               -         48       48 2.073600e+05   1.906589e+02     4.830 (    20      0)     3.172 (     8      0)
"a:caar limiter"                                              -         48       48 2.488320e+05   1.470909e+02     3.314 (    30      0)     2.863 (    47      0)
"a:compute_stage_value_dirk"                                  -         48       48 2.073600e+05   3.647510e+02     7.756 (    30      0)     7.423 (     4      0)
"a:tl-ae advance_hypervis_dp"                                 -         48       48 4.147200e+04   1.994239e+02     4.948 (     8      0)     3.358 (    20      0)
"a:hvf-bhwk"                                                  -         48       48 4.147200e+04   9.348187e+01     2.142 (    31      0)     1.793 (    37      0)
"a:hvf-bexch"                                                 -         48       48 1.244160e+05   1.106022e+02     3.090 (     8      0)     1.533 (    20      0)
"a:tl-sc vertical_remap"                                      -         48       48 2.073600e+04   5.711763e+01     1.259 (    15      0)     1.109 (    46      0)
"a:Remap Thickness Functor"                                   -         48       48 2.073600e+04   3.413670e+00     0.096 (    17      0)     0.060 (     6      0)
"a:Remap Scale States Functor"                                -         48       48 2.073600e+04   1.222963e+00     0.031 (     1      0)     0.024 (    32      0)
"a:Remap Compute Grids Functor"                               -         48       48 2.073600e+04   5.095576e+00     0.124 (     1      0)     0.083 (    44      0)
"a:Remap Compute Remap Functor"                               -         48       48 2.073600e+04   2.790605e+01     0.673 (     6      0)     0.512 (    46      0)
"a:Remap Rescale States Functor"                              -         48       48 2.073600e+04   1.838155e+00     0.056 (     8      0)     0.031 (    28      0)
"a:tl-at prim_advec_tracers_compose"                          -         48       48 6.912000e+03   1.621987e+02     3.623 (    22      0)     3.196 (    34      0)
"a:compose_transport"                                         -         48       48 6.912000e+03   1.621038e+02     3.621 (    22      0)     3.194 (    34      0)
"a:compose_calc_trajectory"                                   -         48       48 6.912000e+03   2.548846e+01     0.670 (     7      0)     0.434 (    10      0)
"a:compose_3d_levels"                                         -         48       48 6.912000e+03   1.514183e+01     0.341 (    45      0)     0.291 (    29      0)
"a:compose_v_bexchv"                                          -         48       48 6.912000e+03   9.740182e+00     0.364 (     7      0)     0.097 (    39      0)
"a:compose_v2x"                                               -         48       48 6.912000e+03   5.772843e-01     0.020 (     1      0)     0.009 (     7      0)
"a:compose_isl"                                               -         48       48 6.912000e+03   7.396127e+01     1.709 (    20      0)     1.280 (    40      0)
"a:compose_hypervis_scalar"                                   -         48       48 6.912000e+03   4.537937e+01     1.191 (    45      0)     0.744 (    35      0)
"a:compose_cedr_global"                                       -         48       48 6.912000e+03   1.068486e+01     0.255 (    20      0)     0.188 (    33      0)
"a:repro_sum_int"                                             -         48       48 6.912000e+03   5.644448e+00     0.157 (     7      0)     0.079 (    33      0)
"a:compose_cedr_local"                                        -         48       48 6.912000e+03   1.574539e+00     0.041 (    33      0)     0.030 (    44      0)
"a:compose_dss_q"                                             -         48       48 6.912000e+03   4.961619e+00     0.135 (    12      0)     0.069 (    30      0)
"a:compose_vertical_remap"                                    -         48       48 6.912000e+03   7.362303e+00     0.190 (     6      0)     0.137 (    26      0)
"a:EAMxx::homme::run-postcondition-checks"                    -         48       48 6.912000e+03   6.107582e+00     0.139 (    35      0)     0.103 (    12      0)
"a:EAMxx::physics::run"                                       -         48       48 6.912000e+03   8.834719e+02    19.831 (    32      0)    16.710 (     0      0)
"a:EAMxx::physics::run-precondition-checks"                   -         48       48 6.912000e+03   1.780751e-03     0.000 (    35      0)     0.000 (    43      0)
"a:EAMxx::mac_aero_mic::run"                                  -         48       48 6.912000e+03   8.056379e+02    18.232 (    32      0)    15.094 (     0      0)
"a:EAMxx::mac_aero_mic::run-precondition-checks"              -         48       48 6.912000e+03   1.218810e-03     0.000 (    30      0)     0.000 (    12      0)
"a:EAMxx::tms::run"                                           -         48       48 8.294400e+04   1.035584e+01     0.250 (    12      0)     0.179 (    44      0)
"a:EAMxx::tms::run-precondition-checks"                       -         48       48 8.294400e+04   2.411071e-02     0.001 (    25      0)     0.000 (     4      0)
"a:EAMxx::tms::run-postcondition-checks"                      -         48       48 8.294400e+04   4.642509e+00     0.106 (    45      0)     0.082 (    44      0)
"a:EAMxx::shoc::run"                                          -         48       48 8.294400e+04   2.237622e+02     4.790 (    27      0)     4.569 (    40      0)
"a:EAMxx::shoc::run-precondition-checks"                      -         48       48 8.294400e+04   1.235143e-02     0.000 (    47      0)     0.000 (    29      0)
"a:EAMxx::shoc::preprocess"                                   -         48       48 8.294400e+04   2.942976e+00     0.083 (     1      0)     0.033 (    15      0)
"a:EAMxx::shoc::shoc_main"                                    -         48       48 8.294400e+04   1.016925e+02     2.182 (    27      0)     2.056 (     0      0)
"a:EAMxx::shoc::postprocess"                                  -         48       48 8.294400e+04   1.697787e+00     0.037 (    10      0)     0.033 (    36      0)
"a:EAMxx::shoc::run-postcondition-checks"                     -         48       48 8.294400e+04   6.463294e+01     1.388 (    15      0)     1.299 (    32      0)
"a:EAMxx::cld_fraction::run"                                  -         48       48 8.294400e+04   2.129014e+01     0.467 (    41      0)     0.417 (    20      0)
"a:EAMxx::cld_fraction::run-precondition-checks"              -         48       48 8.294400e+04   2.519460e-02     0.001 (     7      0)     0.000 (    16      0)
"a:EAMxx::cld_fraction::run-postcondition-checks"             -         48       48 8.294400e+04   1.809923e+01     0.390 (    41      0)     0.366 (     8      0)
"a:EAMxx::spa::run"                                           -         48       48 8.294400e+04   9.780756e+01     2.106 (    35      0)     1.967 (     6      0)
"a:EAMxx::spa::run-precondition-checks"                       -         48       48 8.294400e+04   1.420430e-02     0.000 (    39      0)     0.000 (    17      0)
"a:EAMxx::spa::run-postcondition-checks"                      -         48       48 8.294400e+04   6.220393e+01     1.346 (    41      0)     1.243 (     6      0)
"a:EAMxx::p3::run"                                            -         48       48 8.294400e+04   4.516123e+02    10.934 (    32      0)     7.744 (    24      0)
"a:EAMxx::p3::run-precondition-checks"                        -         48       48 8.294400e+04   6.064013e+00     0.136 (    27      0)     0.121 (    32      0)
"a:EAMxx::p3::run-postcondition-checks"                       -         48       48 8.294400e+04   1.334964e+02     2.900 (    17      0)     2.658 (     0      0)
"a:EAMxx::mac_aero_mic::run-postcondition-checks"             -         48       48 6.912000e+03   1.926664e-03     0.000 (    42      0)     0.000 (     8      0)
"a:EAMxx::rrtmgp::run"                                        -         48       48 6.912000e+03   7.757520e+01     1.730 (    33      0)     1.550 (    46      0)
"a:EAMxx::rrtmgp::run-precondition-checks"                    -         48       48 6.912000e+03   2.434411e-01     0.005 (    13      0)     0.005 (    32      0)
"a:EAMxx::rrtmgp::run-postcondition-checks"                   -         48       48 6.912000e+03   1.003950e+01     0.220 (    27      0)     0.196 (    40      0)
"a:EAMxx::physics::run-postcondition-checks"                  -         48       48 6.912000e+03   1.415612e-03     0.000 (    21      0)     0.000 (     9      0)
"a:EAMxx::SurfaceCouplingExporter::run"                       -         48       48 6.912000e+03   5.835550e+00     0.127 (    27      0)     0.118 (    40      0)
"a:EAMxx::SurfaceCouplingExporter::run-precondition-checks"   -         48       48 6.912000e+03   2.456041e-03     0.000 (    18      0)     0.000 (    43      0)
"a:EAMxx::SurfaceCouplingExporter::run-postcondition-checks"  -         48       48 6.912000e+03   2.912524e-03     0.000 (    47      0)     0.000 (    35      0)
"a:EAMxx::EAMxx::run-postcondition-checks"                    -         48       48 6.912000e+03   1.202685e-03     0.000 (    20      0)     0.000 (    43      0)
"a:EAMxx::IO::restart"                                        -         48       48 6.912000e+03   3.993785e-02     0.001 (    24      0)     0.001 (    17      0)
"a:EAMxx::IO::model_restart"                                  -         48       48 6.912000e+03   3.296913e-02     0.001 (    24      0)     0.001 (     9      0)
"a:EAMxx::IO::restart::get_new_file"                          -         48       48 6.912000e+03   1.094624e-03     0.000 (     2      0)     0.000 (    44      0)
"a:EAMxx::IO::restart::run_output_streams"                    -         48       48 6.912000e+03   1.328576e-02     0.000 (    24      0)     0.000 (    21      0)
"a:EAMxx::IO::standard"                                       -         48       48 6.912000e+03   1.545879e-02     0.000 (    28      0)     0.000 (    22      0)
"a:EAMxx::IO::nooutput.yaml"                                  -         48       48 6.912000e+03   1.132811e-02     0.000 (    28      0)     0.000 (    22      0)
"a:EAMxx::IO::standard::get_new_file"                         -         48       48 6.912000e+03   5.239763e-04     0.000 (    46      0)     0.000 (    23      0)
"a:EAMxx::IO::standard::run_output_streams"                   -         48       48 6.912000e+03   1.241368e-03     0.000 (    14      0)     0.000 (     3      0)
"CPL:A2C"                                                     -         48       48 6.912000e+03   6.739152e+01     3.254 (    46      0)     0.169 (    29      0)
"CPL:a2c_atma2atmx"                                           -         48       48 6.912000e+03   5.842770e+01     3.107 (    24      0)     0.060 (    22      0)
"CPL:a2c_infoexch"                                            -         48       48 6.912000e+03   8.945674e+00     1.136 (    28      0)     0.006 (    39      0)
"CPL:ATMPOST"                                                 -         48       48 6.912000e+03   3.096098e-03     0.000 (    23      0)     0.000 (    35      0)
"CPL:HISTORY"                                                 -         48       48 6.912000e+03   1.696599e-02     0.000 (    12      0)     0.000 (     8      0)
"CPL:cime_run_write_history"                                  -         48       48 6.912000e+03   1.293267e-02     0.000 (    12      0)     0.000 (     8      0)
"CPL:TSTAMP_WRITE"                                            -         48       48 6.912000e+03   5.284667e-02     0.015 (     0      0)     0.000 (    39      0)
"CPL:TPROF_WRITE"                                             -         48       48 6.912000e+03   1.195535e+01     0.258 (     1      0)     0.243 (     0      0)
"CPL:C2O_INITWAIT"                                            -         48       48 6.864000e+03   2.132340e+01     1.316 (     1      0)     0.059 (    33      0)
"l:interpMonthlyVeg"                                          -         48       48 6.864000e+03   4.375688e+00     0.092 (    24      0)     0.091 (    33      0)
"l:readMonthlyVeg"                                            -         48       48 4.800000e+01   4.368766e+00     0.091 (    24      0)     0.091 (    33      0)
"l:PIO:openfile"                                              -         48       48 4.800000e+01   2.684630e-01     0.009 (     5      0)     0.001 (    15      0)
"l:PIO:pio_inq_varid_file_vdesc"                              -         48       48 3.840000e+02   5.916430e-02     0.002 (    38      0)     0.000 (     0      0)
"l:PIO:pio_inq_varid_file_vid"                                -         48       48 3.840000e+02   5.904881e-02     0.002 (    38      0)     0.000 (     0      0)
"l:PIO:pio_inq_varndims_file_vdesc"                           -         48       48 3.840000e+02   2.332117e-02     0.001 (     1      0)     0.000 (    36      0)
"l:PIO:pio_inq_varndims_file_vid"                             -         48       48 3.840000e+02   2.323134e-02     0.001 (     1      0)     0.000 (    36      0)
"l:PIO:pio_inq_vardimid_file_vdesc"                           -         48       48 3.840000e+02   5.441501e-02     0.001 (     2      0)     0.001 (    45      0)
"l:PIO:pio_inq_vardimid_file_vid"                             -         48       48 3.840000e+02   5.432304e-02     0.001 (     8      0)     0.001 (    36      0)
"l:PIO:pio_inq_dimname_file_dimid"                            -         48       48 3.264000e+03   1.508211e-01     0.003 (     9      0)     0.003 (    43      0)
"l:PIO:pio_inq_dimlen_file_dimid"                             -         48       48 7.680000e+02   2.356813e-02     0.001 (    28      0)     0.000 (    36      0)
"l:PIO:pio_inq_dimlen_file_dimid_offlen"                      -         48       48 7.680000e+02   2.341646e-02     0.001 (    28      0)     0.000 (    36      0)
"l:PIO:pio_inquire_file"                                      -         48       48 1.440000e+03   4.574303e-02     0.001 (    32      0)     0.001 (    47      0)
"l:PIO:pio_inq_ndims_file"                                    -         48       48 1.440000e+03   4.547854e-02     0.001 (    32      0)     0.001 (    36      0)
"l:PIO:initdecomp"                                            -         48       48 4.800000e+01   8.208553e-02     0.002 (    36      0)     0.002 (    17      0)
"l:PIO:PIOc_initdecomp"                                       -         48       48 4.800000e+01   8.151857e-02     0.002 (    36      0)     0.002 (    20      0)
"l:PIO:box_rearrange_create"                                  -         48       48 4.800000e+01   7.902641e-02     0.002 (    36      0)     0.002 (    13      0)
"l:PIO:pio_swapm"                                             -         48       48 5.280000e+02   3.147998e+00     0.071 (    27      0)     0.004 (    36      0)
"l:PIO:read_darray_3d_double"                                 -         48       48 3.840000e+02   3.436186e+00     0.073 (    36      0)     0.071 (     4      0)
"l:PIO:PIOc_read_darray"                                      -         48       48 3.840000e+02   3.435657e+00     0.073 (    36      0)     0.071 (     4      0)
"l:PIO:read_darray_nc"                                        -         48       48 3.840000e+02   2.467123e-01     0.068 (    36      0)     0.000 (    22      0)
"l:PIO:rearrange_io2comp"                                     -         48       48 3.840000e+02   3.100782e+00     0.070 (    27      0)     0.003 (    36      0)
"l:PIO:closefile"                                             -         48       48 4.800000e+01   2.492591e-03     0.000 (    24      0)     0.000 (    47      0)
"l:PIO:PIOc_closefile"                                        -         48       48 4.800000e+01   2.451718e-03     0.000 (    24      0)     0.000 (    47      0)
"l:surfalb"                                                   -         48       48 6.864000e+03   5.502774e+00     0.127 (     9      0)     0.103 (    31      0)
"l:urbsurfalb"                                                -         48       48 6.864000e+03   1.369876e+00     0.031 (     8      0)     0.027 (    13      0)
"CPL:OCNT_RUN"                                                -         48       48 6.864000e+03   5.824984e-01     0.025 (     0      0)     0.011 (    11      0)
"o:DOCN_RUN"                                                  -         48       48 6.864000e+03   4.355186e-01     0.012 (     0      0)     0.008 (    11      0)
"o:docn_run1"                                                 -         48       48 6.864000e+03   5.849414e-03     0.000 (    10      0)     0.000 (    14      0)
"o:docn"                                                      -         48       48 6.864000e+03   4.157775e-01     0.010 (     8      0)     0.008 (    38      0)
"o:docn_strdata_advance"                                      -         48       48 6.864000e+03   1.171975e-01     0.003 (    25      0)     0.002 (    11      0)
"o:docn_strd_adv_total"                                       -         48       48 6.864000e+03   1.088070e-01     0.003 (    25      0)     0.002 (    11      0)
"o:docn_strd_adv_readLBUB"                                    -         48       48 6.864000e+03   1.945373e-02     0.001 (    25      0)     0.000 (    11      0)
"o:docn_readLBUB_setup"                                       -         48       48 6.864000e+03   2.183745e-03     0.000 (    10      0)     0.000 (     4      0)
"o:docn_readLBUB_filemgt"                                     -         48       48 6.864000e+03   1.308873e-03     0.000 (    25      0)     0.000 (    28      0)
"o:docn_strd_adv_tint"                                        -         48       48 6.864000e+03   4.831731e-02     0.001 (    25      0)     0.001 (     6      0)
"o:docn_scatter"                                              -         48       48 6.864000e+03   2.070253e-01     0.005 (     8      0)     0.004 (     3      0)
"o:docn_datamode"                                             -         48       48 6.864000e+03   1.800212e-02     0.000 (     8      0)     0.000 (    28      0)
"o:docn_run2"                                                 -         48       48 6.864000e+03   1.425546e-03     0.001 (     0      0)     0.000 (    33      0)
"CPL:O2CT"                                                    -         48       48 6.864000e+03   9.971766e+00     0.481 (    19      0)     0.014 (     0      0)
"CPL:o2c_ocno2ocnx"                                           -         48       48 6.864000e+03   1.072090e-01     0.002 (    36      0)     0.002 (    38      0)
"CPL:o2c_infoexch"                                            -         48       48 6.864000e+03   9.853762e+00     0.479 (    19      0)     0.011 (     0      0)
"CPL:OCNPOSTT"                                                -         48       48 6.864000e+03   2.682094e-03     0.000 (    12      0)     0.000 (    11      0)
"CPL:RUN_LOOP_sync1_tprf"                                     -         48       48 1.440000e+02   2.859830e-01     0.015 (     5      0)     0.000 (     0      0)
"CPL:RUN_LOOP_t_prf"                                          -         48       48 1.440000e+02   4.072431e-01     0.243 (     0      0)     0.001 (     9      0)
"CPL:RUN_LOOP_sync2_tprf"                                     -         48       48 1.440000e+02   1.125869e+01     0.242 (     9      0)     0.000 (     0      0)
"CPL:RUN_LOOP_BSTOP"                                          -         48       48 4.800000e+01   6.769039e-04     0.000 (    31      0)     0.000 (     0      0)
"CPL:FINAL"                                                   -         48       48 4.800000e+01   4.800160e+00     0.101 (     0      0)     0.100 (    31      0)
"CPL:cime_final"                                              -         48       48 4.800000e+01   4.800103e+00     0.101 (     0      0)     0.100 (    31      0)
"o_f:DOCN_FINAL"                                              -         48       48 4.800000e+01   2.248695e-05     0.000 (     0      0)     0.000 (     8      0)
"a_f:EAMxx::finalize"                                         y         48       48 4.800000e+01   3.917928e+00     0.091 (    21      0)     0.069 (    42      0)
"a_f:PIO:PIOc_sync"                                           -         48       48 4.800000e+01   9.968247e-04     0.000 (    12      0)     0.000 (    26      0)
"a_f:PIO:write_total"                                         -         48       48 9.600000e+01   3.959477e-03     0.001 (    12      0)     0.000 (    26      0)
"a_f:PIO:flush_output_buffer"                                 -          4        4 8.000000e+00   4.840568e-04     0.000 (    12      0)     0.000 (    24      0)
"a_f:PIO:PIOc_closefile"                                      -         48       48 9.600000e+01   3.830572e-02     0.018 (    36      0)     0.000 (    37      0)
"a_f:PIO:PIOc_closefile_write_mode"                           -         48       48 4.800000e+01   3.044961e-03     0.001 (    12      0)     0.000 (    33      0)
"a_f:PIO:PIOc_freedecomp"                                     -         48       48 4.800000e+02   3.659980e-03     0.001 (     0      0)     0.000 (    16      0)
"PIO:finalize"                                                -         48       48 4.800000e+02   4.516192e-01     0.020 (    42      0)     0.001 (    21      0)
"PIO:PIOc_finalize"                                           -         48       48 4.800000e+02   4.468388e-01     0.020 (    42      0)     0.000 (    36      0)
"CPL:FINAL_sync1_tprf"                                        -         48       48 4.800000e+01   4.466435e-02     0.001 (    15      0)     0.000 (     0      0)
"CPL:FINAL_t_prf"                                             y          0        0 0.000000e+00   0.000000e+00     0.000 (     0      0)     0.000 (     0      0)

