
***** GLOBAL STATISTICS ( 12288 MPI TASKS) *****

$Id: gptl.c,v 1.157 2011-03-28 20:55:18 rosinski Exp $
'count' is cumulative. All other stats are max/min
'on' indicates whether the timer was active during output, and so stats are lower or upper bounds.

name                                                         on  processes  threads        count      walltotal   wallmax (proc   thrd  )   wallmin (proc   thrd  )
"CPL:INIT"                                                    -      12288    12288 1.228800e+04   2.906158e+07  2459.101 ( 10219      0)  2329.033 (  9844      0)
"CPL:cime_pre_init1"                                          -      12288    12288 1.228800e+04   5.043886e+05   135.120 ( 10222      0)     5.063 (  9849      0)
"CPL:mpi_init"                                                -      12288    12288 1.228800e+04   4.533786e+05   130.977 ( 10222      0)     0.921 (  9840      0)
"CPL:ESMF_Initialize"                                         -      12288    12288 1.228800e+04   1.071173e+02     0.025 (  2914      0)     0.000 (  1838      0)
"CPL:cime_pre_init2"                                          -      12288    12288 1.228800e+04   3.089297e+04     2.569 (  9179      0)     2.450 (     0      0)
"CPL:seq_infodata_init"                                       -      12288    12288 1.228800e+04   2.457725e+03     0.715 (  2756      0)     0.006 (  4008      0)
"CPL:seq_timemgr_clockInit"                                   -      12288    12288 1.228800e+04   5.691107e+02     0.109 (  8543      0)     0.022 (   263      0)
"CPL:cime_init"                                               -      12288    12288 1.228800e+04   2.852620e+07  2321.568 (   611      0)  2321.392 (  1921      0)
"CPL:init_comps"                                              -      12288    12288 1.228800e+04   2.852113e+07  2321.121 (   488      0)  2320.984 (  2908      0)
"CPL:comp_init_pre_all"                                       -      12288    12288 1.228800e+04   1.147967e+00     0.001 (   694      0)     0.000 (  1934      0)
"comp_init_cc_iac"                                            -      12288    12288 1.228800e+04   1.171602e+02     0.049 (  1071      0)     0.001 (   238      0)
"z_i:comp_init"                                               -      12288    12288 1.228800e+04   9.896275e+00     0.035 (  6704      0)     0.000 (  5880      0)
"CPL:comp_init_cc_atm"                                        -      12288    12288 1.228800e+04   2.499890e+07  2034.660 (   745      0)  2034.196 (  9183      0)
"a_i:comp_init"                                               -      12288    12288 2.457600e+04   2.499575e+07  2034.315 (   396      0)  2034.069 (  9183      0)
"a_i:EAMxx::init"                                             -      12288    12288 8.601600e+04   2.496992e+07  2033.260 ( 12144      0)  2031.361 (  5788      0)
"a_i:EAMxx::create_output_managers"                           -      12288    12288 1.228800e+04   9.178868e+01     0.057 (   431      0)     0.000 (  9838      0)
"a_i:EAMxx::create_atm_processes"                             -      12288    12288 1.228800e+04   1.190294e+04     1.160 (    18      0)     0.589 ( 10454      0)
"a_i:EAMxx::create_grids"                                     -      12288    12288 1.228800e+04   1.274144e+07  1037.066 (     1      0)  1036.795 ( 11666      0)
"a_i:EAMxx::build_grids"                                      -      12288    12288 1.228800e+04   1.272233e+07  1035.375 (  7680      0)  1035.303 (  2910      0)
"a_i:PartitioningTime"                                        -      12288    12288 1.228800e+04   3.602572e-03     0.000 (  3124      0)     0.000 (  6948      0)
"a_i:repro_sum_int"                                           -      12288    12288 1.228800e+04   1.210209e+03     0.210 (  1587      0)     0.030 ( 11654      0)
"a_i:PIO:spio_get_att_tc"                                     -      12288    12288 1.339392e+06   5.974070e+02     0.092 (  3641      0)     0.022 (    87      0)
"a_i:PIO:spio_get_vars_tc"                                    -      12288    12288 2.457600e+05   2.029738e+03     0.246 (  5080      0)     0.088 (   143      0)
"a_i:PIO:PIOc_closefile"                                      -      12288    12288 1.597440e+05   8.273811e+02     1.913 (     0      0)     0.000 (  7640      0)
"a_i:EAMxx::SurfaceCouplingImporter::set_grids"               -      12288    12288 1.228800e+04   1.593209e+01     0.011 (  2912      0)     0.000 (  6147      0)
"a_i:EAMxx::homme::set_grids"                                 -      12288    12288 1.228800e+04   5.588103e+03     0.669 (  8831      0)     0.299 (    47      0)
"a_i:EAMxx::physics::set_grids"                               -      12288    12288 1.228800e+04   1.134851e+04     1.119 (  9972      0)     0.600 (  3771      0)
"a_i:EAMxx::mac_aero_mic::set_grids"                          -      12288    12288 1.228800e+04   7.187344e+03     0.764 (  6694      0)     0.329 (  3771      0)
"a_i:EAMxx::tms::set_grids"                                   -      12288    12288 1.228800e+04   1.576452e+01     0.024 ( 10097      0)     0.001 (  6601      0)
"a_i:EAMxx::shoc::set_grids"                                  -      12288    12288 1.228800e+04   5.974564e+01     0.251 (  2467      0)     0.000 (   720      0)
"a_i:EAMxx::cld_fraction::set_grids"                          -      12288    12288 1.228800e+04   8.391261e+00     0.059 (  1539      0)     0.000 (  1932      0)
"a_i:EAMxx::spa::set_grids"                                   -      12288    12288 1.228800e+04   6.935128e+03     0.762 (  6694      0)     0.112 (  2467      0)
"a_i:EAMxx::p3::set_grids"                                    -      12288    12288 1.228800e+04   4.423248e+01     0.073 (  5692      0)     0.000 (  1572      0)
"a_i:EAMxx::rrtmgp::set_grids"                                -      12288    12288 1.228800e+04   4.069257e+03     0.358 (  7404      0)     0.215 (  5699      0)
"a_i:EAMxx::SurfaceCouplingExporter::set_grids"               -      12288    12288 1.228800e+04   9.156731e+01     0.027 (  9563      0)     0.002 (  3024      0)
"a_i:EAMxx::create_fields"                                    -      12288    12288 1.228800e+04   2.292233e+03     0.205 (  2291      0)     0.168 (  4357      0)
"a_i:EAMxx::initialize_fields"                                -      12288    12288 1.228800e+04   1.144064e+07   931.228 (  2412      0)   930.822 ( 10630      0)
"a_i:PIO:PIOc_initdecomp"                                     -      12288    12288 1.597440e+05   1.586685e+05    12.925 (  8443      0)    12.887 (  5368      0)
"a_i:PIO:box_rearrange_create"                                -      12288    12288 1.597440e+05   1.565808e+05    12.743 (     1      0)    12.729 (   133      0)
"a_i:PIO:pio_swapm"                                           -      12288    12288 7.495680e+05   2.388749e+05    24.499 (     4      0)     7.237 (  8304      0)
"a_i:PIO:PIOc_read_darray"                                    -      12288    12288 2.703360e+05   1.728038e+05    15.601 (  8166      0)    12.614 (  1999      0)
"a_i:PIO:read_darray_nc"                                      -      12288    12288 2.703360e+05   1.011537e+04    13.984 (     0      0)     0.000 ( 11469      0)
"a_i:PIO:rearrange_io2comp"                                   -      12288    12288 2.703360e+05   1.318002e+05    14.993 (  6153      0)     0.114 (  4056      0)
"a_i:EAMxx::initialize_atm_procs"                             -      12288    12288 1.228800e+04   7.625777e+05    63.114 ( 12244      0)    61.471 (  7500      0)
"a_i:EAMxx::SurfaceCouplingImporter::init"                    -      12288    12288 1.228800e+04   1.859691e+02     0.226 (  2193      0)     0.000 ( 10110      0)
"a_i:EAMxx::homme::init"                                      -      12288    12288 1.228800e+04   3.824500e+05    32.582 (  9717      0)    29.731 (  5732      0)
"a_i:compose_init"                                            -      12288    12288 1.228800e+04   5.486212e+03     2.512 ( 10871      0)     0.013 (  9108      0)
"a_i:sl_init1"                                                -      12288    12288 1.228800e+04   5.999922e+03     2.742 (  6999      0)     0.262 ( 10604      0)
"a_i:EAMxx::tms::init"                                        -      12288    12288 1.228800e+04   4.091685e+01     0.124 (  7615      0)     0.000 (  2216      0)
"a_i:EAMxx::shoc::init"                                       -      12288    12288 1.228800e+04   8.782997e+02     0.289 (  2418      0)     0.001 ( 10688      0)
"a_i:EAMxx::cld_fraction::init"                               -      12288    12288 1.228800e+04   3.117482e+01     0.072 (  4106      0)     0.000 (  1717      0)
"a_i:EAMxx::spa::init"                                        -      12288    12288 1.228800e+04   3.559920e+05    31.360 ( 12244      0)    28.260 (  4402      0)
"a_i:EAMxx::p3::init"                                         -      12288    12288 1.228800e+04   6.331003e+03     0.830 ( 12153      0)     0.038 (  1190      0)
"a_i:EAMxx::rrtmgp::init"                                     -      12288    12288 1.228800e+04   4.232083e+03     1.229 ( 12058      0)     0.045 ( 12244      0)
"a_i:EAMxx::SurfaceCouplingExporter::init"                    -      12288    12288 1.228800e+04   7.174785e+02     0.260 (    96      0)     0.002 (     0      0)
"a_i:EAMxx::initialize_output_managers"                       -      12288    12288 1.228800e+04   1.097659e+04     1.123 ( 11952      0)     0.677 (   253      0)
"a_i:EAMxx::IO::standard"                                     -      12288    12288 1.228800e+04   8.488611e+03     1.054 (  7260      0)     0.382 (  2391      0)
"a_i:EAMxx::IO::nooutput.yaml"                                -      12288    12288 1.228800e+04   8.488595e+03     1.054 (  7260      0)     0.382 (  2391      0)
"a_i:EAMxx::IO::standard::get_new_file"                       -      12288    12288 1.228800e+04   8.386369e+03     0.958 (  7260      0)     0.381 (  2681      0)
"a_i:PIO:PIOc_createfile"                                     -      12288    12288 1.228800e+04   7.353122e+03     0.857 ( 11246      0)     0.300 (  3655      0)
"a_i:PIO:write_total"                                         -      12288    12288 4.055040e+05   7.584018e+03     0.974 (  7260      0)     0.306 (  2396      0)
"a_i:PIO:spio_put_att_tc"                                     -      12288    12288 3.686400e+05   2.226195e+00     0.064 ( 11916      0)     0.000 (  5795      0)
"a_i:PIO:spio_put_vars_tc"                                    -      12288    12288 1.228800e+04   1.382537e+02     0.037 (   192      0)     0.000 (  1846      0)
"a_i:PIO:flush_output_buffer"                                 -       1024     1024 2.048000e+03   1.173130e+02     0.118 (    48      0)     0.088 (  4308      0)
"a_i:EAMxx::IO::standard::run_output_streams"                 -      12288    12288 1.228800e+04   1.831254e-03     0.000 (  1196      0)     0.000 (  6552      0)
"a_i:EAMxx::IO::standard::update_snapshot_tally"              -      12288    12288 1.228800e+04   1.021762e+02     0.095 (  7344      0)     0.000 (  7073      0)
"a_i:PIO:PIOc_sync"                                           -      12288    12288 1.228800e+04   9.042857e+01     0.088 (  7344      0)     0.000 (  5492      0)
"CPL:comp_init_cc_lnd"                                        -      12288    12288 1.228800e+04   2.278293e+06   185.588 (  9166      0)   185.196 (  1039      0)
"l_i:comp_init"                                               -      12288    12288 1.228800e+04   2.277313e+06   185.585 (  9166      0)   185.077 (  2512      0)
"l_i:elm_init1"                                               -      12288    12288 1.228800e+04   1.298014e+06   105.912 (  8312      0)   105.297 (  1670      0)
"l_i:PIO:openfile"                                            -      12288    12288 2.826240e+05   3.744188e+04     4.703 ( 10958      0)     1.551 (  4230      0)
"l_i:PIO:pio_inq_dimid_file_dimid"                            -      12288    12288 7.618560e+05   1.505711e+03     0.287 (  9192      0)     0.031 (  6244      0)
"l_i:PIO:pio_inq_dimlen_file_dimid"                           -      12288    12288 4.423680e+06   4.881154e+02     0.082 (  7221      0)     0.015 (  4102      0)
"l_i:PIO:pio_inq_dimlen_file_dimid_offlen"                    -      12288    12288 4.423680e+06   4.871862e+02     0.082 (  7221      0)     0.015 (  4102      0)
"l_i:PIO:pio_inq_varid_file_vdesc"                            -      12288    12288 5.701632e+06   6.264989e+04     7.031 (  6856      0)     0.052 (    12      0)
"l_i:PIO:pio_inq_varid_file_vid"                              -      12288    12288 5.701632e+06   6.258014e+04     7.023 (  6856      0)     0.042 (    24      0)
"l_i:PIO:get_var_1d_int"                                      -      12288    12288 7.372800e+04   4.349309e+03     0.469 (  6372      0)     0.258 (  1054      0)
"l_i:PIO:spio_get_vars_tc"                                    -      12288    12288 2.445312e+06   2.267985e+04     2.027 ( 12287      0)     1.570 (  3503      0)
"l_i:PIO:closefile"                                           -      12288    12288 2.457600e+05   6.133064e+02     0.875 (    12      0)     0.001 (  5266      0)
"l_i:PIO:PIOc_closefile"                                      -      12288    12288 2.457600e+05   6.130305e+02     0.875 (    12      0)     0.001 (  1292      0)
"l_i:PIO:pio_inq_varndims_file_vdesc"                         -      12288    12288 2.715648e+06   7.034618e+02     1.486 (  4094      0)     0.015 (  4099      0)
"l_i:PIO:pio_inq_varndims_file_vid"                           -      12288    12288 2.715648e+06   7.027396e+02     1.486 (  4094      0)     0.015 (  4099      0)
"l_i:PIO:pio_inq_vardimid_file_vdesc"                         -      12288    12288 2.715648e+06   1.102325e+03     0.119 (  6151      0)     0.026 (  4093      0)
"l_i:PIO:pio_inq_vardimid_file_vid"                           -      12288    12288 2.715648e+06   1.101719e+03     0.119 (  6149      0)     0.026 (  4092      0)
"l_i:PIO:pio_inq_dimname_file_dimid"                          -      12288    12288 9.768960e+06   1.462290e+03     0.161 ( 10727      0)     0.038 (  4092      0)
"l_i:PIO:initdecomp"                                          -      12288    12288 3.194880e+05   1.522720e+05    12.992 (     4      0)    11.921 (  5343      0)
"l_i:PIO:PIOc_initdecomp"                                     -      12288    12288 3.194880e+05   1.521394e+05    12.967 (     4      0)    11.898 (  5343      0)
"l_i:PIO:box_rearrange_create"                                -      12288    12288 3.194880e+05   1.436228e+05    11.691 (  2983      0)    11.677 (  8735      0)
"l_i:PIO:pio_swapm"                                           -      12288    12288 3.649536e+06   1.048202e+06    92.300 (  6350      0)    31.462 (  6744      0)
"l_i:PIO:read_darray_1d_double"                               -      12288    12288 1.007616e+06   2.804368e+05    23.063 (  4099      0)    22.192 ( 12280      0)
"l_i:PIO:PIOc_read_darray"                                    -      12288    12288 2.691072e+06   9.488283e+05    82.279 (  6144      0)    75.073 (  4093      0)
"l_i:PIO:read_darray_nc"                                      -      12288    12288 2.691072e+06   2.604386e+04    55.430 (  6372      0)     0.000 (  8793      0)
"l_i:PIO:rearrange_io2comp"                                   -      12288    12288 2.691072e+06   9.196377e+05    81.824 (     7      0)    20.870 (  6744      0)
"l_i:PIO:pio_inquire_file"                                    -      12288    12288 3.538944e+06   3.226536e+02     0.034 (  3156      0)     0.006 (  4096      0)
"l_i:PIO:pio_inq_ndims_file"                                  -      12288    12288 3.538944e+06   3.218741e+02     0.034 (  3162      0)     0.006 (  4092      0)
"l_i:PIO:read_darray_1d_int"                                  -      12288    12288 8.601600e+04   3.083770e+04     2.581 (  6391      0)     2.393 (  2676      0)
"l_i:PIO:read_darray_3d_double"                               -      12288    12288 2.211840e+05   5.385818e+04     4.452 (  4103      0)     4.064 (  4093      0)
"l_i:PIO:read_darray_3d_int"                                  -      12288    12288 1.228800e+04   1.781977e+03     0.154 (  7704      0)     0.127 (  2164      0)
"l_i:PIO:read_darray_4d_double"                               -      12288    12288 1.720320e+05   1.261248e+05    10.308 (  4099      0)     9.908 (  4093      0)
"l_i:PIO:get_var_1d_text"                                     -      12288    12288 2.457600e+04   2.403079e+02     0.133 (  5493      0)     0.001 (  6431      0)
"l_i:PIO:get_var_1d_double"                                   -      12288    12288 1.769472e+06   3.188055e+03     0.401 (  5100      0)     0.086 (   398      0)
"l_i:PIO:get_var_0d_double"                                   -      12288    12288 1.228800e+05   3.405284e+02     0.110 (  6815      0)     0.002 ( 11159      0)
"l_i:PIO:read_darray_2d_double"                               -      12288    12288 1.142784e+06   4.518696e+05    41.562 (    11      0)    35.296 (  6856      0)
"l_i:PIO:read_darray_2d_int"                                  -      12288    12288 4.915200e+04   3.924474e+03     0.342 (  6415      0)     0.244 (  3736      0)
"l_i:gather_1darray_int_total"                                -      12288    12288 6.144000e+04   1.592768e+04     2.408 (     0      0)     0.818 (    37      0)
"l_i:scatter_1darray_int_total"                               -      12288    12288 6.144000e+04   2.831680e+04     2.547 (    17      0)     1.368 (     0      0)
"l_i:init_filters"                                            -      12288    12288 1.228800e+04   4.928574e+02     0.113 (  3360      0)     0.000 ( 12276      0)
"l_i:elm_init2"                                               -      12288    12288 1.228800e+04   9.652298e+05    78.650 (  9156      0)    78.471 (  3452      0)
"l_i:init_orbd"                                               -      12288    12288 1.228800e+04   2.019720e+02     0.100 (  7062      0)     0.000 (     0      0)
"l_i:PIO:get_var_0d_int"                                      -      12288    12288 2.580480e+05   8.406378e+03     0.793 (  5656      0)     0.435 (     9      0)
"l_i:PIO:get_var_2d_double"                                   -      12288    12288 1.474560e+05   6.525329e+03     0.550 ( 10788      0)     0.509 (  1727      0)
"l_i:PIO:get_var_3d_double"                                   -      12288    12288 4.915200e+04   3.066036e+03     0.259 (   228      0)     0.239 (  6623      0)
"l_i:init_accflds"                                            -      12288    12288 1.228800e+04   3.464902e+01     0.027 (  5728      0)     0.001 (  6372      0)
"l_i:init_dyn_subgrid"                                        -      12288    12288 1.228800e+04   3.800053e+02     0.061 (  4907      0)     0.001 (  9586      0)
"l_i:subgridRest_write-read"                                  -      12288    12288 1.228800e+04   1.207497e+05     9.852 (  6456      0)     9.811 (  2324      0)
"l_i:init_map2gc"                                             -      12288    12288 1.228800e+04   2.488546e+02     0.115 (    80      0)     0.000 (  6843      0)
"l_i:init_elm_interface_data & pflotran"                      -      12288    12288 1.228800e+04   2.946182e-03     0.000 (  8474      0)     0.000 (  9960      0)
"l_i:init_wlog"                                               -      12288    12288 1.228800e+04   3.606654e-03     0.000 (     0      0)     0.000 (  6564      0)
"l_i:elm_init3"                                               -      12288    12288 1.228800e+04   1.154107e+01     0.015 ( 11883      0)     0.000 (  6612      0)
"CPL:comp_init_cc_rof"                                        -      12288    12288 1.228800e+04   7.922008e+01     0.020 (  1032      0)     0.001 (  8014      0)
"r_i:comp_init"                                               -      12288    12288 1.228800e+04   4.949259e+01     0.017 (  1041      0)     0.000 ( 11208      0)
"CPL:comp_init_cc_ocn"                                        -      12288    12288 1.228800e+04   6.048384e+05    49.250 (  8312      0)    49.190 (   878      0)
"o_i:comp_init"                                               -      12288    12288 1.228800e+04   6.046716e+05    49.247 (  8315      0)    49.149 (  1275      0)
"o_i:docn_readnml"                                            -      12288    12288 1.228800e+04   1.041044e+04     0.897 ( 10268      0)     0.802 (  2872      0)
"o_i:DOCN_INIT"                                               -      12288    12288 1.228800e+04   5.940719e+05    48.390 (  4378      0)    48.276 ( 10335      0)
"o_i:docn_strdata_init"                                       -      12288    12288 1.228800e+04   5.626629e+05    45.923 (  5165      0)    45.434 (  4250      0)
"o_i:PIO:initdecomp"                                          -      12288    12288 3.686400e+04   1.189373e+04     1.001 (     1      0)     0.935 (     0      0)
"o_i:PIO:PIOc_initdecomp"                                     -      12288    12288 3.686400e+04   1.189359e+04     1.001 (     1      0)     0.935 (     0      0)
"o_i:PIO:box_rearrange_create"                                -      12288    12288 3.686400e+04   1.145871e+04     0.933 (     1      0)     0.932 ( 12283      0)
"o_i:PIO:pio_swapm"                                           -      12288    12288 1.351680e+05   1.130916e+04     1.032 (  9791      0)     0.765 (  2616      0)
"o_i:docn_initgsmaps"                                         -      12288    12288 1.228800e+04   7.610038e+00     0.001 (  3798      0)     0.000 (  2040      0)
"o_i:docn_initmctdom"                                         -      12288    12288 1.228800e+04   1.149419e+02     0.277 (  3832      0)     0.000 ( 11166      0)
"o_i:docn_initmctavs"                                         -      12288    12288 1.228800e+04   7.083805e+01     0.157 (  2295      0)     0.000 (  9576      0)
"o_i:DOCN_RUN"                                                -      12288    12288 1.228800e+04   3.103067e+04     2.910 (  2244      0)     2.308 (  4004      0)
"o_i:docn_run1"                                               -      12288    12288 1.228800e+04   1.070173e-02     0.000 (  1471      0)     0.000 (  7451      0)
"o_i:docn"                                                    -      12288    12288 1.228800e+04   3.103061e+04     2.910 (  2244      0)     2.308 (  4004      0)
"o_i:docn_strdata_advance"                                    -      12288    12288 1.228800e+04   3.096927e+04     2.906 (  2244      0)     2.304 (  4004      0)
"o_i:docn_strd_adv_total"                                     -      12288    12288 1.228800e+04   3.096923e+04     2.906 (  2244      0)     2.304 (  4004      0)
"o_i:docn_strd_adv_readLBUB"                                  -      12288    12288 1.228800e+04   3.035044e+04     2.863 ( 11249      0)     2.281 (  1917      0)
"o_i:docn_readLBUB_setup"                                     -      12288    12288 1.228800e+04   6.181834e+01     0.214 (  2247      0)     0.000 ( 11674      0)
"o_i:docn_readLBUB_fbound"                                    -      12288    12288 1.228800e+04   2.267988e+00     2.266 (     0      0)     0.000 ( 12059      0)
"o_i:docn_readLBUB_bcast"                                     -      12288    12288 1.228800e+04   2.763996e+04     2.619 ( 10212      0)     0.000 (     0      0)
"o_i:docn_readLBUB_LB_setup"                                  -      12288    12288 1.228800e+04   7.970796e-03     0.000 (     0      0)     0.000 (  9622      0)
"o_i:docn_readLBUB_LB_readpio"                                -      12288    12288 1.228800e+04   1.819173e+03     0.205 (  8064      0)     0.085 (  5073      0)
"o_i:PIO:openfile"                                            -      12288    12288 1.228800e+04   1.144904e+03     0.125 (  8040      0)     0.042 (   975      0)
"o_i:PIO:pio_inq_varid_file_vdesc"                            -      12288    12288 4.915200e+04   5.323795e+00     0.001 ( 11702      0)     0.000 (   143      0)
"o_i:PIO:pio_inq_varid_file_vid"                              -      12288    12288 4.915200e+04   5.293997e+00     0.001 ( 11702      0)     0.000 (   143      0)
"o_i:PIO:pio_inq_varndims_file_vdesc"                         -      12288    12288 2.457600e+04   5.338573e+00     0.025 (  9424      0)     0.000 (  8030      0)
"o_i:PIO:pio_inq_varndims_file_vid"                           -      12288    12288 2.457600e+04   5.319052e+00     0.025 (  9424      0)     0.000 (  8030      0)
"o_i:PIO:pio_inq_vardimid_file_vdesc"                         -      12288    12288 2.457600e+04   1.046041e+01     0.001 ( 10756      0)     0.001 (  8036      0)
"o_i:PIO:pio_inq_vardimid_file_vid"                           -      12288    12288 2.457600e+04   1.044308e+01     0.001 ( 10756      0)     0.001 (  8036      0)
"o_i:PIO:pio_inq_dimlen_file_dimid"                           -      12288    12288 7.372800e+04   6.385939e+00     0.001 (  7957      0)     0.000 (  4006      0)
"o_i:PIO:pio_inq_dimlen_file_dimid_offlen"                    -      12288    12288 7.372800e+04   6.357703e+00     0.001 (  7945      0)     0.000 (  4006      0)
"o_i:PIO:pio_inq_vartype_file_vdesc"                          -      12288    12288 2.457600e+04   5.202416e+00     0.001 ( 11719      0)     0.000 (  2176      0)
"o_i:PIO:pio_inq_vartype_file_vid"                            -      12288    12288 2.457600e+04   5.184651e+00     0.001 ( 11718      0)     0.000 (  3709      0)
"o_i:PIO:read_darray_1d_real"                                 -      12288    12288 2.457600e+04   7.647537e+02     0.123 (  6228      0)     0.003 (  8315      0)
"o_i:PIO:PIOc_read_darray"                                    -      12288    12288 2.457600e+04   7.646436e+02     0.123 (  6228      0)     0.003 (  8315      0)
"o_i:PIO:read_darray_nc"                                      -      12288    12288 2.457600e+04   5.089990e+01     0.120 (  6228      0)     0.000 (  6265      0)
"o_i:PIO:rearrange_io2comp"                                   -      12288    12288 2.457600e+04   6.216399e+02     0.115 (  9791      0)     0.001 (  8676      0)
"o_i:docn_readLBUB_UB_setup"                                  -      12288    12288 1.228800e+04   1.439770e-02     0.000 (     0      0)     0.000 ( 11120      0)
"o_i:docn_readLBUB_UB_readpio"                                -      12288    12288 1.228800e+04   6.359631e+02     0.098 ( 11264      0)     0.019 ( 11480      0)
"o_i:docn_readLBUB_filemgt"                                   -      12288    12288 1.228800e+04   2.500531e-03     0.000 ( 11466      0)     0.000 (  1524      0)
"o_i:docn_strd_adv_fill"                                      -      12288    12288 1.228800e+04   7.885485e+00     0.009 (   448      0)     0.000 (  2064      0)
"o_i:docn_strd_adv_map"                                       -      12288    12288 1.228800e+04   5.141782e+02     0.058 (  2420      0)     0.000 ( 10301      0)
"o_i:docn_strd_adv_tint"                                      -      12288    12288 1.228800e+04   6.062173e+01     0.029 (  6055      0)     0.000 (  6577      0)
"o_i:docn_scatter"                                            -      12288    12288 1.228800e+04   1.844780e+01     0.018 (  5525      0)     0.000 (  7153      0)
"o_i:docn_datamode"                                           -      12288    12288 1.228800e+04   1.867808e+01     0.012 (  5237      0)     0.000 (  3900      0)
"o_i:docn_run2"                                               -      12288    12288 1.228800e+04   2.212268e-03     0.000 (     0      0)     0.000 (  4628      0)
"CPL:comp_init_cc_ice"                                        -      12288    12288 1.228800e+04   5.957574e+05    48.507 (  7828      0)    48.399 (    16      0)
"i_i:comp_init"                                               -      12288    12288 1.228800e+04   5.952957e+05    48.504 (  7770      0)    48.392 (  2149      0)
"i_i:cice_init"                                               -      12288    12288 1.228800e+04   1.073381e+05     8.839 (  6695      0)     8.658 (  4252      0)
"i_i:ice_HaloUpdate2DR8"                                      -      12288    12288 4.915200e+04   3.772120e+01     0.367 (     1      0)     0.000 (  6723      0)
"i_i:ice_HU2DR8_init"                                         -      12288    12288 4.915200e+04   4.507764e-02     0.000 (  4970      0)     0.000 (  9731      0)
"i_i:state_bound_h1"                                          -      12288    12288 1.228800e+04   1.292977e+02     0.097 (  2844      0)     0.000 (  7286      0)
"i_i:ice_HaloUpdate3DR8"                                      -      12288    12288 6.144000e+04   1.049560e+02     0.097 ( 10896      0)     0.000 (  4941      0)
"i_i:ice_HU3DR8_init"                                         -      12288    12288 6.144000e+04   1.965629e+01     0.031 (  5362      0)     0.000 (  2389      0)
"i_i:ice_HU3DR8_recvall"                                      -      12288    12288 6.144000e+04   1.721184e+01     0.097 ( 10896      0)     0.000 (  7286      0)
"i_i:state_bound_hm"                                          -      12288    12288 1.228800e+04   2.963822e-01     0.000 ( 11122      0)     0.000 (     0      0)
"i_i:state_bound_hc"                                          -      12288    12288 1.228800e+04   1.905701e+00     0.029 (  1596      0)     0.000 ( 10823      0)
"i_i:state_bound_h2"                                          -      12288    12288 1.228800e+04   2.861700e+01     0.097 ( 10897      0)     0.000 (  4104      0)
"i_i:ice_HaloUpdate4DR8"                                      -      12288    12288 1.228800e+04   4.645482e+00     0.097 ( 10897      0)     0.000 (  4104      0)
"i_i:ice_HU4DR8_init"                                         -      12288    12288 1.228800e+04   1.398032e+00     0.008 (  3009      0)     0.000 (  1968      0)
"i_i:ice_HU4DR8_recvall"                                      -      12288    12288 1.228800e+04   1.163875e+00     0.096 ( 10897      0)     0.000 ( 10470      0)
"i_i:state_bound_hd"                                          -      12288    12288 1.228800e+04   7.323908e-03     0.000 (  8188      0)     0.000 (    12      0)
"i_i:cice_mct_init"                                           -      12288    12288 1.228800e+04   4.875041e+05    39.758 (  9903      0)    39.578 (   640      0)
"i_i:PIO:initdecomp"                                          -      12288    12288 3.686400e+04   1.222654e+04     1.027 (     1      0)     0.960 (     0      0)
"i_i:PIO:PIOc_initdecomp"                                     -      12288    12288 3.686400e+04   1.222638e+04     1.027 (     1      0)     0.960 (     0      0)
"i_i:PIO:box_rearrange_create"                                -      12288    12288 3.686400e+04   1.176758e+04     0.958 (     1      0)     0.957 (  8843      0)
"i_i:PIO:pio_swapm"                                           -      12288    12288 1.105920e+05   1.104982e+04     0.954 (  6480      0)     0.788 (   921      0)
"CPL:comp_init_cc_glc"                                        -      12288    12288 1.228800e+04   2.366516e+01     0.003 (  7680      0)     0.001 ( 11757      0)
"g_i:comp_init"                                               -      12288    12288 1.228800e+04   1.708758e-02     0.000 (  9697      0)     0.000 (  7684      0)
"CPL:comp_init_cc_wav"                                        -      12288    12288 1.228800e+04   2.231576e+01     0.003 (  6918      0)     0.001 (    84      0)
"w_i:comp_init"                                               -      12288    12288 1.228800e+04   8.530702e-03     0.000 (  9423      0)     0.000 (  4729      0)
"CPL:comp_init_cc_esp"                                        -      12288    12288 1.228800e+04   4.022811e+01     0.012 (  4795      0)     0.000 (  6789      0)
"e_i:comp_init"                                               -      12288    12288 1.228800e+04   1.238854e+01     0.010 (  4795      0)     0.000 (  6220      0)
"CPL:comp_init_cx_all"                                        -      12288    12288 1.228800e+04   4.303980e+04     3.566 (     5      0)     3.488 (  4794      0)
"CPL:comp_list_all"                                           -      12288    12288 1.228800e+04   1.353148e+01     0.020 (   565      0)     0.000 ( 10944      0)
"CPL:init_maps"                                               -      12288    12288 1.228800e+04   1.191018e+03     0.202 (   655      0)     0.023 (    10      0)
"CPL:init_aream"                                              -      12288    12288 1.228800e+04   4.419156e+02     0.192 (  6195      0)     0.000 (  1324      0)
"CPL:init_domain_check"                                       -      12288    12288 1.228800e+04   1.186055e+03     0.214 (  6741      0)     0.026 (  5532      0)
"CPL:init_areacor"                                            -      12288    12288 1.228800e+04   9.502069e+02     0.077 (    12      0)     0.075 (  4548      0)
"CPL:init_fracs"                                              -      12288    12288 1.228800e+04   1.920940e+02     0.048 (    13      0)     0.001 (  9088      0)
"CPL:init_aoflux"                                             -      12288    12288 1.228800e+04   4.995193e+01     0.033 (   140      0)     0.000 (   828      0)
"CPL:init_atminit"                                            -      12288    12288 7.372800e+04   2.391545e+02     0.052 ( 10508      0)     0.002 (  5922      0)
"CPL:comp_init_cc_atm2"                                       -      12288    12288 1.228800e+04   2.848749e+02     0.059 ( 10108      0)     0.004 (  5845      0)
"CPL:init_readrestart"                                        -      12288    12288 1.228800e+04   1.969019e+02     0.060 (  4227      0)     0.000 ( 10356      0)
"CPL:cime_run_init"                                           -      12288    12288 1.228800e+04   2.482090e+01     0.071 (     0      0)     0.000 (  8837      0)
"CPL:INIT_sync1_tprf"                                         -      12288    12288 1.228800e+04   6.356627e+02     0.071 (     1      0)     0.000 (     0      0)
"CPL:INIT_t_prf"                                              -      12288    12288 1.228800e+04   1.086844e+01     0.093 (     0      0)     0.000 ( 10753      0)
"CPL:INIT_sync2_tprf"                                         -      12288    12288 1.228800e+04   1.135637e+03     0.093 ( 10753      0)     0.000 (     0      0)
"CPL:RUN_LOOP_BSTART"                                         -      12288    12288 1.228800e+04   5.982147e-01     0.000 (  6375      0)     0.000 (  7254      0)
"CPL:RUN_LOOP"                                                -      12288    12288 5.308416e+06   4.630876e+06   376.874 ( 11572      0)   376.839 (  8392      0)
"CPL:CLOCK_ADVANCE"                                           -      12288    12288 5.308416e+06   6.332862e+02     0.311 (  8227      0)     0.038 (  6610      0)
"CPL:RUN"                                                     -      12288    12288 6.368870e+07   4.958817e+04     6.428 (   960      0)     2.054 ( 10471      0)
"CPL:OCNPRE1"                                                 -      12288    12288 5.308416e+06   5.298789e+03     2.349 (   576      0)     0.179 ( 10404      0)
"CPL:ocnpre1_atm2ocn"                                         -      12288    12288 5.308416e+06   5.284783e+03     2.348 (   576      0)     0.178 ( 10404      0)
"CPL:LNDPREP"                                                 -      12288    12288 5.308416e+06   8.668232e+02     0.114 (  3708      0)     0.040 (  6953      0)
"CPL:lndprep_atm2lnd"                                         -      12288    12288 5.308416e+06   6.409568e+02     0.094 (  3701      0)     0.028 (  1105      0)
"CPL:lndprep_mrgx2l"                                          -      12288    12288 5.308416e+06   2.130352e+02     0.023 (  1571      0)     0.003 (  8490      0)
"CPL:COMM"                                                    -      12288    12288 3.714662e+07   2.435729e+05    30.393 (  6671      0)     9.744 (   849      0)
"CPL:C2L"                                                     -      12288    12288 5.308416e+06   4.700149e+03     0.491 (  8439      0)     0.259 (     8      0)
"CPL:c2l_lndx2lndl"                                           -      12288    12288 5.308416e+06   2.301960e+03     0.268 ( 10210      0)     0.102 (  5480      0)
"CPL:c2l_infoexch"                                            -      12288    12288 5.308416e+06   2.389368e+03     0.345 (  8439      0)     0.049 (    17      0)
"CPL:ICEPREP"                                                 -      12288    12288 5.308416e+06   1.630139e+03     0.225 (  8078      0)     0.124 (  2996      0)
"CPL:iceprep_ocn2ice"                                         -      12288    12288 5.308416e+06   3.093530e+02     0.028 (  4982      0)     0.023 (  9896      0)
"CPL:iceprep_atm2ice"                                         -      12288    12288 5.308416e+06   4.967529e+02     0.046 (  2253      0)     0.037 (  3128      0)
"CPL:iceprep_mrgx2i"                                          -      12288    12288 5.308416e+06   7.899011e+02     0.076 ( 11180      0)     0.060 ( 10894      0)
"CPL:C2I"                                                     -      12288    12288 5.308416e+06   1.765934e+03     0.222 (  8494      0)     0.108 (  1434      0)
"CPL:c2i_icex2icei"                                           -      12288    12288 5.308416e+06   5.085917e+02     0.062 (  3012      0)     0.038 (  9214      0)
"CPL:ice_infoexch"                                            -      12288    12288 5.308416e+06   1.250424e+03     0.181 (  8484      0)     0.065 (  1434      0)
"CPL:ICE_RUN"                                                 -      12288    12288 5.308416e+06   5.706612e+04     5.413 (  9727      0)     4.421 ( 11799      0)
"i:cice_run_total"                                            -      12288    12288 5.308416e+06   5.596076e+04     5.313 (  9727      0)     4.337 ( 11799      0)
"i:cice_run_import"                                           -      12288    12288 5.308416e+06   1.865577e+03     0.279 (     6      0)     0.127 ( 10595      0)
"i:cice_imp_ocn"                                              -      12288    12288 5.308416e+06   2.116649e+02     0.047 (    10      0)     0.015 (  2122      0)
"i:cice_imp_atm"                                              -      12288    12288 5.308416e+06   2.181156e+02     0.035 (   587      0)     0.016 (  5451      0)
"i:cice_run_initmd"                                           -      12288    12288 5.308416e+06   1.789743e+04     1.590 (   201      0)     1.129 (  8350      0)
"i:cice_run_presc"                                            -      12288    12288 5.308416e+06   2.123853e+04     2.019 (  8323      0)     1.600 (  4004      0)
"i:cice_pice_strd_adv_total"                                  -      12288    12288 5.308416e+06   1.881677e+04     1.778 (  8321      0)     1.424 (  1327      0)
"i:cice_pice_strd_adv_readLBUB"                               -      12288    12288 5.308416e+06   1.763387e+04     1.541 (  8364      0)     1.416 (  1925      0)
"i:cice_pice_readLBUB_setup"                                  -      12288    12288 5.308416e+06   4.369617e+00     0.011 (  8132      0)     0.000 ( 11937      0)
"i:cice_pice_readLBUB_fbound"                                 -      12288    12288 2.457600e+04   3.587588e-01     0.356 (     0      0)     0.000 (  3174      0)
"i:cice_pice_readLBUB_bcast"                                  -      12288    12288 2.457600e+04   4.378275e+03     0.356 ( 12278      0)     0.000 (     0      0)
"i:cice_pice_readLBUB_LB_setup"                               -      12288    12288 1.228800e+04   4.439110e-03     0.000 (     0      0)     0.000 ( 10710      0)
"i:cice_pice_readLBUB_LB_readpio"                             -      12288    12288 1.228800e+04   3.214574e+02     0.058 (  6732      0)     0.024 (  6140      0)
"i:PIO:openfile"                                              -      12288    12288 1.228800e+04   2.383399e+02     0.020 (  9695      0)     0.019 (     0      0)
"i:PIO:pio_inq_varid_file_vdesc"                              -      12288    12288 7.372800e+04   9.329332e+03     0.867 (  7908      0)     0.671 (    10      0)
"i:PIO:pio_inq_varid_file_vid"                                -      12288    12288 7.372800e+04   9.329047e+03     0.867 (  7908      0)     0.671 (     8      0)
"i:PIO:pio_inq_varndims_file_vdesc"                           -      12288    12288 3.686400e+04   1.497139e+01     0.013 (  9193      0)     0.000 (   468      0)
"i:PIO:pio_inq_varndims_file_vid"                             -      12288    12288 3.686400e+04   1.494753e+01     0.013 (  9193      0)     0.000 (   468      0)
"i:PIO:pio_inq_vardimid_file_vdesc"                           -      12288    12288 3.686400e+04   1.790666e+01     0.002 (  8536      0)     0.001 (  8340      0)
"i:PIO:pio_inq_vardimid_file_vid"                             -      12288    12288 3.686400e+04   1.788767e+01     0.002 (  8533      0)     0.001 (  8340      0)
"i:PIO:pio_inq_dimlen_file_dimid"                             -      12288    12288 1.105920e+05   6.233184e+01     0.017 (  8041      0)     0.000 (  9300      0)
"i:PIO:pio_inq_dimlen_file_dimid_offlen"                      -      12288    12288 1.105920e+05   6.229462e+01     0.017 (  8041      0)     0.000 (  9302      0)
"i:PIO:pio_inq_vartype_file_vdesc"                            -      12288    12288 3.686400e+04   8.817697e+00     0.001 (  6174      0)     0.000 (  8342      0)
"i:PIO:pio_inq_vartype_file_vid"                              -      12288    12288 3.686400e+04   8.799936e+00     0.001 (  7602      0)     0.000 (  8341      0)
"i:PIO:read_darray_1d_real"                                   -      12288    12288 3.686400e+04   3.074650e+03     0.335 (  9442      0)     0.125 (  7917      0)
"i:PIO:PIOc_read_darray"                                      -      12288    12288 3.686400e+04   3.071676e+03     0.335 (  9442      0)     0.125 (  7917      0)
"i:PIO:read_darray_nc"                                        -      12288    12288 3.686400e+04   2.357426e+02     0.307 (  6636      0)     0.000 (  3506      0)
"i:PIO:rearrange_io2comp"                                     -      12288    12288 3.686400e+04   2.665106e+03     0.326 (  9442      0)     0.001 (  8640      0)
"i:PIO:pio_swapm"                                             -      12288    12288 3.686400e+04   2.657484e+03     0.326 (  9442      0)     0.000 (     0      0)
"i:cice_pice_readLBUB_UB_setup"                               -      12288    12288 2.457600e+04   6.911504e-01     0.013 (  8423      0)     0.000 ( 12099      0)
"i:cice_pice_readLBUB_UB_readpio"                             -      12288    12288 2.457600e+04   1.289264e+04     1.102 (  6204      0)     1.012 (  8491      0)
"i:cice_pice_readLBUB_filemgt"                                -      12288    12288 5.308416e+06   1.227761e+00     0.000 ( 12052      0)     0.000 ( 11101      0)
"i:cice_pice_strd_adv_map"                                    -      12288    12288 2.457600e+04   1.070759e+03     0.158 (  8063      0)     0.000 ( 10323      0)
"i:cice_pice_strd_adv_tint"                                   -      12288    12288 5.308416e+06   8.756209e+01     0.151 (  8324      0)     0.006 (  2700      0)
"i:cice_run_initflux"                                         -      12288    12288 5.308416e+06   9.611628e+01     0.010 (  5198      0)     0.008 (  3422      0)
"i:cice_run_prepradiation"                                    -      12288    12288 5.308416e+06   8.967342e+01     0.015 (  8142      0)     0.006 ( 10420      0)
"i:cice_run_therm1"                                           -      12288    12288 5.308416e+06   3.448072e+03     0.594 (  9726      0)     0.221 ( 10510      0)
"i:cice_run_dyn"                                              -      12288    12288 5.308416e+06   3.605234e-01     0.000 (  4554      0)     0.000 (  6337      0)
"i:cice_run_radiation"                                        -      12288    12288 5.308416e+06   2.033382e+03     0.744 (  9855      0)     0.114 ( 11332      0)
"i:cice_step_radiationib"                                     -      12288    12288 5.308416e+06   1.808427e+03     0.726 (  9855      0)     0.097 ( 11332      0)
"i:cice_step_rib_swdedd1"                                     -      12288    12288 5.308416e+06   1.776867e+02     0.063 (  8282      0)     0.005 ( 11799      0)
"i:cice_step_rib_swdedd2"                                     -      12288    12288 5.308416e+06   1.452162e+02     0.042 (  8443      0)     0.011 (  2680      0)
"i:cice_step_rib_swdedd7"                                     -      12288    12288 5.308416e+06   1.366880e+03     0.687 (  9855      0)     0.064 ( 11302      0)
"i:cice_run_couplingprep"                                     -      12288    12288 5.308416e+06   1.726751e+03     0.696 (  9376      0)     0.098 ( 10994      0)
"i:ice_HaloUpdate2DR8"                                        -      12288    12288 5.308416e+06   4.836165e+02     0.600 (  9374      0)     0.005 (  3921      0)
"i:ice_HU2DR8_init"                                           -      12288    12288 5.308416e+06   4.275591e+00     0.001 (  9328      0)     0.000 (  2080      0)
"i:cice_run_diag"                                             -      12288    12288 5.308416e+06   5.365889e+03     0.519 (   443      0)     0.358 (  8719      0)
"i:cice_run_hist"                                             -      12288    12288 5.308416e+06   1.321910e+03     0.128 (  4671      0)     0.078 (  3958      0)
"i:cice_run_accum"                                            -      12288    12288 5.308416e+06   3.792751e+01     0.004 (  4813      0)     0.003 (  8133      0)
"i:cice_run_export"                                           -      12288    12288 5.308416e+06   6.410900e+02     0.060 (  8900      0)     0.048 (  3851      0)
"CPL:LND_RUN"                                                 -      12288    12288 5.308416e+06   3.566962e+05    35.076 (  8168      0)    24.230 ( 12104      0)
"l:lc_lnd_import"                                             -      12288    12288 5.308416e+06   1.128262e+03     0.570 (  8132      0)     0.041 (  7893      0)
"l:elm_run"                                                   -      12288    12288 5.320704e+06   3.545549e+05    34.692 (  8168      0)    24.029 ( 12104      0)
"l:shr_orb_decl"                                              -      12288    12288 5.320704e+06   4.914930e+00     0.001 (  2289      0)     0.000 (  4688      0)
"l:decomp_vert"                                               -      12288    12288 5.320704e+06   8.145567e+01     0.112 (  8519      0)     0.002 (  1968      0)
"l:beggridwbal"                                               -      12288    12288 5.320704e+06   1.695887e+03     0.305 (  8350      0)     0.096 (  9098      0)
"l:cnpinit"                                                   -      12288    12288 5.320704e+06   2.631181e+01     0.194 (  8040      0)     0.000 (  3755      0)
"l:cnpvegsumm"                                                -      12288    12288 5.320704e+06   5.936149e-01     0.000 (  7420      0)     0.000 (  5578      0)
"l:dyn_subgrid"                                               -      12288    12288 5.320704e+06   9.822602e+03     1.080 (  8222      0)     0.674 (  9098      0)
"l:begwbal"                                                   -      12288    12288 5.320704e+06   1.862172e+02     0.047 (  8189      0)     0.009 (  9841      0)
"l:begcnpbal"                                                 -      12288    12288 5.320704e+06   3.639638e-01     0.000 (  1969      0)     0.000 (  4242      0)
"l:drvinit"                                                   -      12288    12288 5.320704e+06   9.976245e+02     0.545 (  8171      0)     0.066 (  6625      0)
"l:canhydro"                                                  -      12288    12288 5.320704e+06   2.031949e+03     0.484 (  1563      0)     0.104 (  6625      0)
"l:surfrad"                                                   -      12288    12288 5.320704e+06   4.223734e+03     0.991 (  8425      0)     0.233 (  5770      0)
"l:bgp1"                                                      -      12288    12288 5.320704e+06   2.037089e+03     0.473 (  4806      0)     0.119 (  6625      0)
"l:bgflux"                                                    -      12288    12288 5.320704e+06   2.635794e+03     0.363 (  5037      0)     0.137 (  3655      0)
"l:canflux"                                                   -      12288    12288 5.320704e+06   1.030167e+05    12.513 ( 10069      0)     5.059 (  6202      0)
"l:can_iter"                                                  -      12288    12288 5.320704e+06   8.401146e+04    10.744 ( 10069      0)     3.781 (  6202      0)
"l:uflux"                                                     -      12288    12288 5.320704e+06   2.440012e+03     0.695 (  3312      0)     0.037 (  9305      0)
"l:bgplake"                                                   -      12288    12288 5.320704e+06   7.810954e+03     1.111 (  5581      0)     0.398 (  7720      0)
"l:bgc"                                                       -      12288    12288 5.320704e+06   5.638971e+03     0.610 (  3891      0)     0.337 (  6201      0)
"l:soiltemperature"                                           -      12288    12288 5.320704e+06   6.831066e+04     6.695 (   293      0)     4.712 (  9305      0)
"l:SoilThermProp"                                             -      12288    12288 5.320704e+06   3.280563e+03     0.407 (  8453      0)     0.183 (  6094      0)
"l:SoilTempBandDiag"                                          -      12288    12288 1.064141e+07   6.352909e+03     0.869 (  3312      0)     0.344 (  9841      0)
"l:PhaseChangeH2osfc"                                         -      12288    12288 5.320704e+06   3.393841e+01     0.005 (  1306      0)     0.001 (  9841      0)
"l:PhaseChangebeta"                                           -      12288    12288 5.320704e+06   1.264714e+03     0.175 (  1306      0)     0.050 (  9841      0)
"l:bgp2"                                                      -      12288    12288 5.320704e+06   2.709430e+03     0.366 (  2234      0)     0.161 (  6625      0)
"l:bgp2_loop_1"                                               -      12288    12288 5.320704e+06   4.771495e+02     0.052 (  1306      0)     0.029 (  6625      0)
"l:bgp2_loop_2"                                               -      12288    12288 5.320704e+06   8.190479e+02     0.086 ( 12150      0)     0.053 (  8895      0)
"l:bgp2_loop_3"                                               -      12288    12288 5.320704e+06   1.090705e+03     0.124 ( 12150      0)     0.058 (  6625      0)
"l:bgp2_loop_4"                                               -      12288    12288 5.320704e+06   2.856219e+02     0.029 (  2078      0)     0.018 (  6625      0)
"l:patch2col"                                                 -      12288    12288 5.320704e+06   1.478015e+03     0.456 (  4106      0)     0.091 (  6883      0)
"l:hydro without drainage"                                    -      12288    12288 5.320704e+06   2.318362e+04     2.861 (   860      0)     1.405 (  3475      0)
"l:hylake"                                                    -      12288    12288 5.320704e+06   1.942061e+03     0.488 (  2833      0)     0.118 (  8798      0)
"l:snow_init"                                                 -      12288    12288 5.320704e+06   1.639313e+02     0.040 (  2370      0)     0.005 (   616      0)
"l:ecosysdyn"                                                 -      12288    12288 5.320704e+06   5.143991e+02     0.050 (  1870      0)     0.034 (  8042      0)
"l:depvel"                                                    -      12288    12288 1.064141e+07   5.904159e+00     0.043 (     6      0)     0.000 (  4539      0)
"l:hydro2 drainage"                                           -      12288    12288 5.320704e+06   1.514677e+03     0.462 (   375      0)     0.081 (  7470      0)
"l:balchk"                                                    -      12288    12288 5.320704e+06   1.749456e+03     0.447 (  1938      0)     0.122 (  6625      0)
"l:gridbalchk"                                                -      12288    12288 5.320704e+06   9.965428e+02     0.091 (   860      0)     0.071 (  4266      0)
"l:lnd2atm"                                                   -      12288    12288 5.320704e+06   7.980659e+03     0.808 ( 11521      0)     0.567 (  4266      0)
"l:wrtdiag"                                                   -      12288    12288 5.320704e+06   5.475577e+01     0.020 (     0      0)     0.003 (  9590      0)
"l:hbuf"                                                      -      12288    12288 5.320704e+06   3.061277e+04     2.953 (  1870      0)     2.208 (  6303      0)
"l:elm_drv_io"                                                -      12288    12288 5.320704e+06   4.427641e+02     0.292 (   796      0)     0.001 (  9650      0)
"l:elm_drv_io_htapes"                                         -      12288    12288 5.320704e+06   4.397329e+02     0.292 (   796      0)     0.001 ( 10184      0)
"l:lc_lnd_export"                                             -      12288    12288 5.320704e+06   2.848943e+02     0.027 (  8124      0)     0.022 (  4822      0)
"l:lc_elm2_adv_timestep"                                      -      12288    12288 5.320704e+06   5.528420e+00     0.034 (  8058      0)     0.000 (  8652      0)
"l:accum"                                                     -      12288    12288 5.308416e+06   5.593351e+03     0.539 (  8106      0)     0.425 (  9586      0)
"CPL:ATMOCNP"                                                 -      12288    12288 5.308416e+06   4.614943e+03     0.624 (   210      0)     0.082 ( 10291      0)
"CPL:atmocnp_fluxo"                                           -      12288    12288 5.308416e+06   3.928728e+03     0.575 (   210      0)     0.017 ( 10293      0)
"CPL:atmocnp_ocnalb"                                          -      12288    12288 5.308416e+06   6.718414e+02     0.091 (  8449      0)     0.040 (  7196      0)
"CPL:L2C"                                                     -      12288    12288 5.308416e+06   5.390863e+04     7.202 (  6770      0)     0.715 (  9010      0)
"CPL:l2c_lndl2lndx"                                           -      12288    12288 5.308416e+06   5.388605e+04     7.200 (  6770      0)     0.713 (  9010      0)
"lnd2cpl_run"                                                 -      12288    12288 5.308416e+06   1.393930e+01     0.001 ( 12072      0)     0.001 (  3853      0)
"CPL:LNDPOST"                                                 -      12288    12288 5.308416e+06   4.284324e+00     0.000 (  9444      0)     0.000 (  6316      0)
"CPL:I2C"                                                     -      12288    12288 5.308416e+06   5.679939e+02     0.049 (  7836      0)     0.043 (  2914      0)
"CPL:i2c_icei2icex"                                           -      12288    12288 5.308416e+06   5.518178e+02     0.048 (  6339      0)     0.041 (  2914      0)
"CPL:i2c_infoexch"                                            -      12288    12288 5.308416e+06   7.433805e+00     0.001 ( 10415      0)     0.000 (  1556      0)
"CPL:ICEPOST"                                                 -      12288    12288 5.308416e+06   4.881168e-01     0.000 ( 11661      0)     0.000 (  1606      0)
"CPL:FRACSET"                                                 -      12288    12288 5.308416e+06   3.220711e+03     2.177 (  2917      0)     0.068 (  7166      0)
"CPL:fracset_fracset"                                         -      12288    12288 5.308416e+06   3.218285e+03     2.177 (  2917      0)     0.068 (  7166      0)
"CPL:ATMPREP"                                                 -      12288    12288 5.308416e+06   3.388822e+04     4.175 (   930      0)     1.206 (  5358      0)
"CPL:atmprep_xao2atm"                                         -      12288    12288 5.308416e+06   6.198837e+03     2.287 (  1161      0)     0.139 (  2212      0)
"CPL:atmprep_ocn2atm"                                         -      12288    12288 5.308416e+06   4.314524e+03     1.526 ( 11105      0)     0.109 ( 10030      0)
"CPL:atmprep_alb2atm"                                         -      12288    12288 5.308416e+06   1.715658e+03     1.258 (   868      0)     0.048 (  2245      0)
"CPL:atmprep_ice2atm"                                         -      12288    12288 5.308416e+06   4.017278e+03     1.474 (  1153      0)     0.146 ( 10375      0)
"CPL:atmprep_lnd2atm"                                         -      12288    12288 5.308416e+06   1.529427e+04     3.277 (  2279      0)     0.136 (  5358      0)
"CPL:atmprep_mrgx2a"                                          -      12288    12288 5.308416e+06   2.308343e+03     0.319 ( 10353      0)     0.129 (  6094      0)
"CPL:C2A"                                                     -      12288    12288 5.308416e+06   1.590595e+04     3.218 (  3382      0)     0.497 ( 10327      0)
"CPL:c2a_atmx2atmg"                                           -      12288    12288 5.308416e+06   1.193942e+04     2.973 (  3382      0)     0.232 (  7755      0)
"CPL:c2a_infoexch"                                            -      12288    12288 5.308416e+06   3.958981e+03     1.253 (  8370      0)     0.093 (   101      0)
"CPL:ATM_RUN"                                                 -      12288    12288 5.308416e+06   3.790089e+06   316.089 (  3890      0)   302.514 (  6628      0)
"a:EAMxx::run"                                                -      12288    12288 5.308416e+06   3.788296e+06   315.960 (  3890      0)   302.393 (  6628      0)
"a:PIO:PIOc_sync"                                             -      12288    12288 1.228800e+04   3.301869e-01     0.000 (  6384      0)     0.000 (  1873      0)
"a:PIO:write_total"                                           -      12288    12288 1.228800e+04   2.994183e-01     0.000 (  6384      0)     0.000 (  2624      0)
"a:PIO:flush_output_buffer"                                   -       1024     1024 1.024000e+03   1.296677e-01     0.000 (  6384      0)     0.000 (  4152      0)
"a:EAMxx::EAMxx::run"                                         -      12288    12288 5.308416e+06   3.787161e+06   315.865 (  3890      0)   302.311 (  6628      0)
"a:EAMxx::EAMxx::run-precondition-checks"                     -      12288    12288 5.308416e+06   2.075612e+00     0.000 (   176      0)     0.000 (  7092      0)
"a:EAMxx::SurfaceCouplingImporter::run"                       -      12288    12288 5.308416e+06   6.676718e+03     1.084 (   450      0)     0.285 (  9008      0)
"a:EAMxx::SurfaceCouplingImporter::run-precondition-checks"   -      12288    12288 5.308416e+06   9.882071e-01     0.000 ( 11339      0)     0.000 (  5383      0)
"a:EAMxx::SurfaceCouplingImporter::run-postcondition-checks"  -      12288    12288 5.308416e+06   6.011400e+03     1.028 (   481      0)     0.233 (  7032      0)
"a:EAMxx::homme::run"                                         -      12288    12288 5.308416e+06   3.542891e+06   289.199 (  8169      0)   287.771 (  5364      0)
"a:EAMxx::homme::run-precondition-checks"                     -      12288    12288 5.308416e+06   1.030458e+00     0.000 (  3204      0)     0.000 (  2853      0)
"a:tl-sc prim_run_subcycle_c"                                 -      12288    12288 1.061683e+07   3.425743e+06   279.611 (  8348      0)   278.272 (  4529      0)
"a:tl-s prim_step_flexible"                                   -      12288    12288 1.061683e+07   3.425650e+06   279.520 (  8348      0)   278.268 (  4529      0)
"a:ApplyCAMForcing_tracers"                                   -      12288    12288 5.308416e+06   8.917164e+03     2.373 (  4291      0)     0.401 ( 10004      0)
"a:tl-s deep_copy+derived_dp"                                 -      12288    12288 1.061683e+07   9.638983e+02     0.267 (  8172      0)     0.066 (   894      0)
"a:ApplyCAMForcing_dynamics"                                  -      12288    12288 3.185050e+07   4.450305e+03     0.656 (  8388      0)     0.330 ( 11616      0)
"a:tl-ae prim_advance_exp"                                    -      12288    12288 6.370099e+07   2.773542e+06   228.964 ( 11160      0)   219.191 (  1989      0)
"a:ttype9_imex_timestep"                                      -      12288    12288 6.370099e+07   2.421312e+06   205.252 (  9423      0)   191.227 (  2064      0)
"a:caar compute"                                              -      12288    12288 6.370099e+08   6.999601e+05    62.864 (  4391      0)    51.482 (  2890      0)
"a:caar_bexchV"                                               -      12288    12288 3.185050e+08   5.264557e+05    58.692 (  9434      0)    32.482 (  2046      0)
"a:caar limiter"                                              -      12288    12288 3.822060e+08   2.322274e+05    23.973 (  4686      0)    16.373 (  3062      0)
"a:compute_stage_value_dirk"                                  -      12288    12288 3.185050e+08   9.489470e+05    84.134 (  5681      0)    70.761 ( 10004      0)
"a:tl-ae advance_hypervis_dp"                                 -      12288    12288 6.370099e+07   3.502698e+05    35.683 (  5059      0)    22.043 (  9423      0)
"a:hvf-bhwk"                                                  -      12288    12288 6.370099e+07   1.792826e+05    19.206 ( 12196      0)    11.505 (  1361      0)
"a:hvf-bexch"                                                 -      12288    12288 1.911030e+08   2.158749e+05    25.033 (  5059      0)    11.118 (  9423      0)
"a:tl-sc vertical_remap"                                      -      12288    12288 3.185050e+07   1.505639e+05    13.118 (  4391      0)    11.325 ( 10005      0)
"a:Remap Thickness Functor"                                   -      12288    12288 3.185050e+07   4.105097e+03     0.403 (  3278      0)     0.304 ( 10202      0)
"a:Remap Scale States Functor"                                -      12288    12288 3.185050e+07   1.883900e+03     0.191 (   799      0)     0.138 (  2828      0)
"a:Remap Compute Grids Functor"                               -      12288    12288 3.185050e+07   1.029940e+04     1.026 (  4391      0)     0.774 (  7707      0)
"a:Remap Compute Remap Functor"                               -      12288    12288 3.185050e+07   1.036937e+05     9.124 (  2263      0)     7.753 ( 10005      0)
"a:Remap Rescale States Functor"                              -      12288    12288 3.185050e+07   3.082468e+03     0.371 (  5287      0)     0.212 (  3770      0)
"a:tl-at prim_advec_tracers_compose"                          -      12288    12288 1.061683e+07   4.606786e+05    42.435 (  1989      0)    34.090 (  5105      0)
"a:compose_transport"                                         -      12288    12288 1.061683e+07   4.604901e+05    42.424 (  1989      0)    34.073 (  5105      0)
"a:compose_calc_trajectory"                                   -      12288    12288 1.061683e+07   3.355875e+04     4.215 (  2199      0)     2.292 ( 10865      0)
"a:compose_3d_levels"                                         -      12288    12288 1.061683e+07   1.772034e+04     1.621 (  5617      0)     1.304 ( 10004      0)
"a:compose_v_bexchv"                                          -      12288    12288 1.061683e+07   1.448536e+04     2.638 (  1811      0)     0.735 (  1265      0)
"a:compose_v2x"                                               -      12288    12288 1.061683e+07   1.311284e+03     0.332 (  8096      0)     0.095 (  2891      0)
"a:compose_isl"                                               -      12288    12288 1.061683e+07   1.049323e+05    12.285 (  8422      0)     6.044 (  7878      0)
"a:compose_hypervis_scalar"                                   -      12288    12288 1.061683e+07   1.159357e+05    15.065 (  9878      0)     5.518 (  2894      0)
"a:compose_cedr_global"                                       -      12288    12288 1.061683e+07   1.809370e+05    18.111 (  1564      0)     9.753 (  8642      0)
"a:repro_sum_int"                                             -      12288    12288 1.061683e+07   1.657919e+05    16.771 (  1564      0)     8.313 (  8243      0)
"a:compose_cedr_local"                                        -      12288    12288 1.061683e+07   8.808468e+03     1.204 (  8305      0)     0.617 (  7219      0)
"a:compose_dss_q"                                             -      12288    12288 1.061683e+07   1.623192e+04     2.986 (  8205      0)     1.094 (  7698      0)
"a:compose_vertical_remap"                                    -      12288    12288 1.061683e+07   2.554743e+04     2.392 (  8426      0)     1.931 ( 10004      0)
"a:shr_reprosum_INF_NaN_Chk"                                  -      12288    12288 1.061683e+07   3.968775e+02     0.065 (  8376      0)     0.031 (  8595      0)
"a:shr_reprosum_int"                                          -      12288    12288 1.061683e+07   4.659937e+04     4.144 (  7930      0)     2.103 (  8375      0)
"a:repro_sum_loopa"                                           -      12288    12288 1.061683e+07   2.044978e+02     0.028 (  8457      0)     0.016 (  8569      0)
"a:repro_sum_allr_minmax"                                     -      12288    12288 1.061683e+07   4.297889e+04     3.860 (  7930      0)     1.784 (  8375      0)
"a:repro_sum_loopb"                                           -      12288    12288 1.061683e+07   4.852533e+02     0.064 (  8453      0)     0.039 (  9877      0)
"a:repro_sum_allr_i8"                                         -      12288    12288 1.061683e+07   2.676748e+03     0.234 ( 11247      0)     0.180 (  8453      0)
"a:repro_sum_finalsum"                                        -      12288    12288 1.061683e+07   9.998072e+01     0.041 (  8328      0)     0.001 (  3757      0)
"a:EAMxx::homme::run-postcondition-checks"                    -      12288    12288 5.308416e+06   6.388435e+03     1.086 (  8169      0)     0.448 (  8028      0)
"a:EAMxx::physics::run"                                       -      12288    12288 5.308416e+06   2.323155e+05    26.525 (  3890      0)    13.064 (  6628      0)
"a:EAMxx::physics::run-precondition-checks"                   -      12288    12288 5.308416e+06   1.475793e+00     0.000 (  3968      0)     0.000 (  6377      0)
"a:EAMxx::mac_aero_mic::run"                                  -      12288    12288 5.308416e+06   8.848391e+04    11.595 (  4822      0)     4.967 (  9853      0)
"a:EAMxx::mac_aero_mic::run-precondition-checks"              -      12288    12288 5.308416e+06   8.857002e-01     0.000 (  1881      0)     0.000 (  1058      0)
"a:EAMxx::tms::run"                                           -      12288    12288 5.308416e+06   1.022323e+03     0.168 (  8475      0)     0.044 ( 10402      0)
"a:EAMxx::tms::run-precondition-checks"                       -      12288    12288 5.308416e+06   7.973009e-01     0.000 (  6683      0)     0.000 ( 10283      0)
"a:EAMxx::tms::run-postcondition-checks"                      -      12288    12288 5.308416e+06   4.117753e+02     0.072 (  4391      0)     0.029 (    68      0)
"a:EAMxx::shoc::run"                                          -      12288    12288 5.308416e+06   3.197381e+04     3.635 (   209      0)     2.149 (  7544      0)
"a:EAMxx::shoc::run-precondition-checks"                      -      12288    12288 5.308416e+06   8.277406e-01     0.000 (   340      0)     0.000 (  9877      0)
"a:EAMxx::shoc::preprocess"                                   -      12288    12288 5.308416e+06   3.316353e+02     0.087 (  8452      0)     0.005 (  6241      0)
"a:EAMxx::shoc::shoc_main"                                    -      12288    12288 5.308416e+06   2.112829e+04     2.696 (   209      0)     1.320 (  7248      0)
"a:EAMxx::shoc::postprocess"                                  -      12288    12288 5.308416e+06   1.689403e+02     0.121 (   225      0)     0.009 (  8583      0)
"a:EAMxx::shoc::run-postcondition-checks"                     -      12288    12288 5.308416e+06   6.060118e+03     0.523 (  3747      0)     0.477 (  9906      0)
"a:EAMxx::cld_fraction::run"                                  -      12288    12288 5.308416e+06   2.155087e+03     0.478 (  1009      0)     0.151 (  7436      0)
"a:EAMxx::cld_fraction::run-precondition-checks"              -      12288    12288 5.308416e+06   1.681013e+00     0.000 ( 10734      0)     0.000 (  4907      0)
"a:EAMxx::cld_fraction::run-postcondition-checks"             -      12288    12288 5.308416e+06   1.718907e+03     0.154 ( 11839      0)     0.134 (  7436      0)
"a:EAMxx::spa::run"                                           -      12288    12288 5.308416e+06   1.339214e+04     1.670 (  8247      0)     0.958 (  9332      0)
"a:EAMxx::spa::run-precondition-checks"                       -      12288    12288 5.308416e+06   1.158274e+00     0.000 ( 10734      0)     0.000 ( 11206      0)
"a:EAMxx::spa::run-postcondition-checks"                      -      12288    12288 5.308416e+06   7.776969e+03     0.705 (  8549      0)     0.597 (   981      0)
"a:EAMxx::p3::run"                                            -      12288    12288 5.308416e+06   3.972424e+04     7.020 (  4822      0)     1.562 (  9853      0)
"a:EAMxx::p3::run-precondition-checks"                        -      12288    12288 5.308416e+06   5.778115e+02     0.240 (  7531      0)     0.045 (  4092      0)
"a:EAMxx::p3::run-postcondition-checks"                       -      12288    12288 5.308416e+06   1.170778e+04     1.217 (  7123      0)     0.652 (  6066      0)
"a:EAMxx::mac_aero_mic::run-postcondition-checks"             -      12288    12288 5.308416e+06   1.538517e+00     0.000 (  7239      0)     0.000 (   898      0)
"a:EAMxx::rrtmgp::run"                                        -      12288    12288 5.308416e+06   1.436283e+05    15.937 (  3915      0)     7.654 (  6698      0)
"a:EAMxx::rrtmgp::run-precondition-checks"                    -      12288    12288 5.308416e+06   2.929764e+02     0.029 (  7003      0)     0.022 (  2354      0)
"a:EAMxx::rrtmgp::run-postcondition-checks"                   -      12288    12288 5.308416e+06   8.359362e+03     0.855 (  6705      0)     0.615 (  2074      0)
"a:EAMxx::physics::run-postcondition-checks"                  -      12288    12288 5.308416e+06   1.132494e+00     0.000 (  7025      0)     0.000 (  9643      0)
"a:EAMxx::SurfaceCouplingExporter::run"                       -      12288    12288 5.308416e+06   4.787177e+03     0.514 (  8315      0)     0.349 (  6140      0)
"a:EAMxx::SurfaceCouplingExporter::run-precondition-checks"   -      12288    12288 5.308416e+06   1.782598e+00     0.000 (  6816      0)     0.000 ( 11122      0)
"a:EAMxx::SurfaceCouplingExporter::run-postcondition-checks"  -      12288    12288 5.308416e+06   2.155514e+00     0.000 (  7836      0)     0.000 (  4955      0)
"a:EAMxx::EAMxx::run-postcondition-checks"                    -      12288    12288 5.308416e+06   9.106815e-01     0.000 (  1272      0)     0.000 (  8939      0)
"a:EAMxx::IO::restart"                                        -      12288    12288 5.308416e+06   6.284468e+01     0.127 (  8374      0)     0.002 (  2134      0)
"a:EAMxx::IO::model_restart"                                  -      12288    12288 5.308416e+06   5.691014e+01     0.127 (  8374      0)     0.002 (  2134      0)
"a:EAMxx::IO::restart::get_new_file"                          -      12288    12288 5.308416e+06   8.207337e-01     0.000 ( 10936      0)     0.000 (  3430      0)
"a:EAMxx::IO::restart::run_output_streams"                    -      12288    12288 5.308416e+06   3.972489e+01     0.110 (  8346      0)     0.001 ( 10956      0)
"a:EAMxx::IO::standard"                                       -      12288    12288 5.308416e+06   1.571140e+01     0.002 (  7985      0)     0.001 (  2738      0)
"a:EAMxx::IO::nooutput.yaml"                                  -      12288    12288 5.308416e+06   1.124607e+01     0.001 (  7985      0)     0.001 (  2541      0)
"a:EAMxx::IO::standard::get_new_file"                         -      12288    12288 5.308416e+06   3.805421e-01     0.000 (  1592      0)     0.000 (  9440      0)
"a:EAMxx::IO::standard::run_output_streams"                   -      12288    12288 5.308416e+06   8.970800e-01     0.000 (  7216      0)     0.000 ( 11324      0)
"CPL:A2C"                                                     -      12288    12288 5.308416e+06   1.328721e+05    17.509 ( 11818      0)     2.358 (  3890      0)
"CPL:a2c_atma2atmx"                                           -      12288    12288 5.308416e+06   6.427260e+04    14.125 (  8575      0)     0.206 (  4175      0)
"CPL:a2c_infoexch"                                            -      12288    12288 5.308416e+06   6.858405e+04    13.830 (  6554      0)     0.088 (     0      0)
"CPL:ATMPOST"                                                 -      12288    12288 5.308416e+06   2.796453e+00     0.000 ( 10751      0)     0.000 (  2102      0)
"CPL:HISTORY"                                                 -      12288    12288 5.308416e+06   1.404061e+01     0.002 (  2125      0)     0.001 (   891      0)
"CPL:cime_run_write_history"                                  -      12288    12288 5.308416e+06   1.084464e+01     0.002 (  2124      0)     0.001 (  6198      0)
"CPL:TSTAMP_WRITE"                                            -      12288    12288 5.308416e+06   4.196352e+00     0.003 (   323      0)     0.000 (  6195      0)
"CPL:TPROF_WRITE"                                             -      12288    12288 5.308416e+06   1.589388e+00     0.000 (  3078      0)     0.000 (  1537      0)
"CPL:C2O_INITWAIT"                                            -      12288    12288 5.296128e+06   1.306450e+05    14.333 (   192      0)     7.393 ( 11868      0)
"l:interpMonthlyVeg"                                          -      12288    12288 5.296128e+06   3.917858e+04     3.227 (  8076      0)     3.170 (   448      0)
"l:readMonthlyVeg"                                            -      12288    12288 1.228800e+04   3.895182e+04     3.197 ( 11880      0)     3.085 ( 11663      0)
"l:PIO:openfile"                                              -      12288    12288 1.228800e+04   1.084850e+03     0.148 ( 10273      0)     0.021 (  5409      0)
"l:PIO:pio_inq_varid_file_vdesc"                              -      12288    12288 9.830400e+04   4.753036e+01     0.013 (  8871      0)     0.000 (  4103      0)
"l:PIO:pio_inq_varid_file_vid"                                -      12288    12288 9.830400e+04   4.748967e+01     0.013 (  8871      0)     0.000 (  4103      0)
"l:PIO:pio_inq_varndims_file_vdesc"                           -      12288    12288 9.830400e+04   1.731767e+01     0.162 (  4093      0)     0.000 (  4098      0)
"l:PIO:pio_inq_varndims_file_vid"                             -      12288    12288 9.830400e+04   1.728691e+01     0.162 (  4093      0)     0.000 (  4098      0)
"l:PIO:pio_inq_vardimid_file_vdesc"                           -      12288    12288 9.830400e+04   4.032736e+01     0.005 (     1      0)     0.001 (  4140      0)
"l:PIO:pio_inq_vardimid_file_vid"                             -      12288    12288 9.830400e+04   4.030221e+01     0.005 (    26      0)     0.001 (  4140      0)
"l:PIO:pio_inq_dimname_file_dimid"                            -      12288    12288 8.355840e+05   1.201728e+02     0.011 (   255      0)     0.002 (  4092      0)
"l:PIO:pio_inq_dimlen_file_dimid"                             -      12288    12288 1.966080e+05   1.806541e+01     0.002 (    70      0)     0.000 (  4092      0)
"l:PIO:pio_inq_dimlen_file_dimid_offlen"                      -      12288    12288 1.966080e+05   1.801989e+01     0.002 (    70      0)     0.000 (  4092      0)
"l:PIO:pio_inquire_file"                                      -      12288    12288 3.686400e+05   3.601375e+01     0.003 (  1022      0)     0.001 (  4097      0)
"l:PIO:pio_inq_ndims_file"                                    -      12288    12288 3.686400e+05   3.593664e+01     0.003 (  1022      0)     0.001 (  4092      0)
"l:PIO:initdecomp"                                            -      12288    12288 1.228800e+04   6.825158e+03     0.556 (   416      0)     0.555 (  3972      0)
"l:PIO:PIOc_initdecomp"                                       -      12288    12288 1.228800e+04   6.824901e+03     0.556 (   416      0)     0.555 (  3972      0)
"l:PIO:box_rearrange_create"                                  -      12288    12288 1.228800e+04   6.816670e+03     0.555 (     1      0)     0.555 ( 12286      0)
"l:PIO:pio_swapm"                                             -      12288    12288 1.351680e+05   3.612253e+04     3.024 (  4102      0)     1.570 (  1056      0)
"l:PIO:read_darray_3d_double"                                 -      12288    12288 9.830400e+04   3.021675e+04     2.484 (  4099      0)     2.292 (  4093      0)
"l:PIO:PIOc_read_darray"                                      -      12288    12288 9.830400e+04   3.021650e+04     2.484 (  4099      0)     2.292 (  4093      0)
"l:PIO:read_darray_nc"                                        -      12288    12288 9.830400e+04   4.450066e+02     1.377 (  7776      0)     0.000 (   986      0)
"l:PIO:rearrange_io2comp"                                     -      12288    12288 9.830400e+04   2.969738e+04     2.482 (  4099      0)     1.080 (  1056      0)
"l:PIO:closefile"                                             -      12288    12288 1.228800e+04   9.901062e+00     0.026 (   444      0)     0.000 (  1655      0)
"l:PIO:PIOc_closefile"                                        -      12288    12288 1.228800e+04   9.882567e+00     0.026 (   444      0)     0.000 (  1655      0)
"l:surfalb"                                                   -      12288    12288 5.296128e+06   2.053577e+04     2.053 (  8684      0)     1.358 (  1610      0)
"l:urbsurfalb"                                                -      12288    12288 5.296128e+06   4.051867e+03     0.374 (   925      0)     0.268 (    98      0)
"CPL:OCNT_RUN"                                                -      12288    12288 5.296128e+06   2.331079e+03     0.263 (     0      0)     0.100 (   468      0)
"o:DOCN_RUN"                                                  -      12288    12288 5.296128e+06   2.168046e+03     0.199 (  9547      0)     0.087 (   468      0)
"o:docn_run1"                                                 -      12288    12288 5.296128e+06   4.939465e+00     0.001 (  8106      0)     0.000 (  6768      0)
"o:docn"                                                      -      12288    12288 5.296128e+06   2.151129e+03     0.198 (  9547      0)     0.085 (   468      0)
"o:docn_strdata_advance"                                      -      12288    12288 5.296128e+06   1.370337e+03     0.130 ( 12104      0)     0.024 (   468      0)
"o:docn_strd_adv_total"                                       -      12288    12288 5.296128e+06   1.363605e+03     0.129 ( 12104      0)     0.023 (   468      0)
"o:docn_strd_adv_readLBUB"                                    -      12288    12288 5.296128e+06   4.657827e+02     0.114 ( 10209      0)     0.003 (  8415      0)
"o:docn_readLBUB_setup"                                       -      12288    12288 5.296128e+06   1.649080e+00     0.000 (  3333      0)     0.000 (  3830      0)
"o:docn_readLBUB_filemgt"                                     -      12288    12288 5.296128e+06   9.444394e-01     0.000 (   417      0)     0.000 (  7799      0)
"o:docn_strd_adv_tint"                                        -      12288    12288 5.296128e+06   6.550509e+01     0.008 (  9984      0)     0.005 (  6092      0)
"o:docn_scatter"                                              -      12288    12288 5.296128e+06   5.321595e+02     0.068 (  8414      0)     0.040 (  7204      0)
"o:docn_datamode"                                             -      12288    12288 5.296128e+06   4.865840e+01     0.006 (  8291      0)     0.004 ( 10966      0)
"o:docn_run2"                                                 -      12288    12288 5.296128e+06   6.324188e-01     0.004 (     0      0)     0.000 (  4242      0)
"CPL:O2CT"                                                    -      12288    12288 5.296128e+06   3.383102e+04     8.934 (  8948      0)     0.059 (     3      0)
"CPL:o2c_ocno2ocnx"                                           -      12288    12288 5.296128e+06   2.359678e+02     0.021 (     0      0)     0.017 (  7322      0)
"CPL:o2c_infoexch"                                            -      12288    12288 5.296128e+06   3.358570e+04     8.914 (  8948      0)     0.039 (     3      0)
"CPL:OCNPOSTT"                                                -      12288    12288 5.296128e+06   2.740203e+00     0.000 (  8352      0)     0.000 (  9600      0)
"i:cice_pice_readLBUB_LB_copy"                                -      12288    12288 1.228800e+04   1.328568e-02     0.000 ( 10265      0)     0.000 ( 12095      0)
"o:docn_readLBUB_fbound"                                      -      12288    12288 1.228800e+04   1.735803e-03     0.000 (     0      0)     0.000 (   880      0)
"o:docn_readLBUB_bcast"                                       -      12288    12288 1.228800e+04   2.791521e+02     0.035 ( 12104      0)     0.000 (  8215      0)
"o:docn_readLBUB_LB_copy"                                     -      12288    12288 1.228800e+04   1.392913e-02     0.000 (  1897      0)     0.000 (  1093      0)
"o:docn_readLBUB_UB_setup"                                    -      12288    12288 1.228800e+04   5.481209e-03     0.000 (     0      0)     0.000 ( 11593      0)
"o:docn_readLBUB_UB_readpio"                                  -      12288    12288 1.228800e+04   1.717073e+02     0.082 (  7176      0)     0.001 (  8415      0)
"o:PIO:pio_inq_varid_file_vdesc"                              -      12288    12288 2.457600e+04   4.212880e+00     0.004 (  8421      0)     0.000 (  8415      0)
"o:PIO:pio_inq_varid_file_vid"                                -      12288    12288 2.457600e+04   4.195627e+00     0.004 (  8421      0)     0.000 (  8415      0)
"o:PIO:pio_inq_varndims_file_vdesc"                           -      12288    12288 1.228800e+04   2.969728e+00     0.000 (   565      0)     0.000 (  8442      0)
"o:PIO:pio_inq_varndims_file_vid"                             -      12288    12288 1.228800e+04   2.958501e+00     0.000 (   565      0)     0.000 (  8444      0)
"o:PIO:pio_inq_vardimid_file_vdesc"                           -      12288    12288 1.228800e+04   7.120060e+00     0.001 (  8716      0)     0.000 (  8441      0)
"o:PIO:pio_inq_vardimid_file_vid"                             -      12288    12288 1.228800e+04   7.109298e+00     0.001 (  8716      0)     0.000 (  8441      0)
"o:PIO:pio_inq_dimlen_file_dimid"                             -      12288    12288 3.686400e+04   4.356712e+00     0.000 (  9814      0)     0.000 (  8442      0)
"o:PIO:pio_inq_dimlen_file_dimid_offlen"                      -      12288    12288 3.686400e+04   4.334972e+00     0.000 ( 11799      0)     0.000 (  8446      0)
"o:PIO:pio_inq_vartype_file_vdesc"                            -      12288    12288 1.228800e+04   3.151936e+00     0.000 ( 10266      0)     0.000 (  8443      0)
"o:PIO:pio_inq_vartype_file_vid"                              -      12288    12288 1.228800e+04   3.141904e+00     0.000 ( 10266      0)     0.000 (  8444      0)
"o:PIO:read_darray_1d_real"                                   -      12288    12288 1.228800e+04   1.452346e+02     0.079 (  7176      0)     0.001 (  8417      0)
"o:PIO:PIOc_read_darray"                                      -      12288    12288 1.228800e+04   1.452003e+02     0.079 (  7176      0)     0.001 (  8417      0)
"o:PIO:read_darray_nc"                                        -      12288    12288 1.228800e+04   8.668332e+00     0.079 (  7176      0)     0.000 (  6784      0)
"o:PIO:rearrange_io2comp"                                     -      12288    12288 1.228800e+04   1.337437e+02     0.079 ( 10211      0)     0.000 (  8640      0)
"o:PIO:pio_swapm"                                             -      12288    12288 1.228800e+04   1.334833e+02     0.079 ( 10211      0)     0.000 (     0      0)
"o:docn_strd_adv_fill"                                        -      12288    12288 1.228800e+04   1.826952e+00     0.000 (  7956      0)     0.000 (   468      0)
"o:docn_strd_adv_map"                                         -      12288    12288 1.228800e+04   7.996253e+02     0.080 (  3305      0)     0.000 (  1343      0)
"CPL:RUN_LOOP_BSTOP"                                          -      12288    12288 1.228800e+04   1.370123e+02     0.011 (     5      0)     0.000 (  6071      0)
"CPL:FINAL"                                                   -      12288    12288 1.228800e+04   1.385322e+04     1.156 (  6577      0)     1.075 (  3349      0)
"CPL:cime_final"                                              -      12288    12288 1.228800e+04   1.385320e+04     1.156 (  6577      0)     1.075 (  3349      0)
"o_f:DOCN_FINAL"                                              -      12288    12288 1.228800e+04   3.870576e-03     0.000 (     0      0)     0.000 (  8016      0)
"a_f:EAMxx::finalize"                                         y      12288    12288 1.228800e+04   3.843746e+03     1.002 ( 10512      0)     0.105 (  9990      0)
"a_f:PIO:PIOc_sync"                                           -      12288    12288 1.228800e+04   9.967712e-01     0.026 (  8316      0)     0.000 (  6986      0)
"a_f:PIO:write_total"                                         -      12288    12288 2.457600e+04   3.977890e+02     0.434 (  9996      0)     0.000 (  6986      0)
"a_f:PIO:flush_output_buffer"                                 -       1024     1024 2.048000e+03   1.995924e-01     0.006 (  8436      0)     0.000 (  3864      0)
"a_f:PIO:PIOc_closefile"                                      -      12288    12288 2.457600e+04   8.278298e+02     0.874 (  7524      0)     0.000 ( 10277      0)
"a_f:PIO:PIOc_closefile_write_mode"                           -      12288    12288 1.228800e+04   3.968106e+02     0.434 (  9996      0)     0.000 ( 10336      0)
"a_f:PIO:PIOc_freedecomp"                                     -      12288    12288 1.597440e+05   1.818106e+00     0.002 (  3960      0)     0.000 (  7325      0)
"PIO:finalize"                                                -      12288    12288 1.228800e+05   8.066569e+03     0.952 (  6145      0)     0.001 (  8220      0)
"PIO:PIOc_finalize"                                           -      12288    12288 1.228800e+05   8.062841e+03     0.952 (  6145      0)     0.001 (  8436      0)
"CPL:FINAL_sync1_tprf"                                        -      12288    12288 1.228800e+04   1.282214e+01     0.001 ( 11156      0)     0.000 (     0      0)
"CPL:FINAL_t_prf"                                             y          0        0 0.000000e+00   0.000000e+00     0.000 (     0      0)     0.000 (     0      0)

