
***** GLOBAL STATISTICS ( 12288 MPI TASKS) *****

$Id: gptl.c,v 1.157 2011-03-28 20:55:18 rosinski Exp $
'count' is cumulative. All other stats are max/min
'on' indicates whether the timer was active during output, and so stats are lower or upper bounds.

name                                                         on  processes  threads        count      walltotal   wallmax (proc   thrd  )   wallmin (proc   thrd  )
"CPL:INIT"                                                    -      12288    12288 1.228800e+04   5.894028e+06   563.300 (  8071      0)   451.140 (  6166      0)
"CPL:cime_pre_init1"                                          -      12288    12288 1.228800e+04   3.792039e+05   114.496 (  8071      0)     2.338 (  6156      0)
"CPL:mpi_init"                                                -      12288    12288 1.228800e+04   3.613147e+05   113.066 (  8071      0)     0.907 (  6156      0)
"CPL:ESMF_Initialize"                                         -      12288    12288 1.228800e+04   1.460880e+02     0.047 ( 10505      0)     0.000 (  4468      0)
"CPL:cime_pre_init2"                                          -      12288    12288 1.228800e+04   1.820979e+04     1.540 ( 10519      0)     1.272 (   120      0)
"CPL:seq_infodata_init"                                       -      12288    12288 1.228800e+04   2.567461e+03     0.728 (  4272      0)     0.001 (  1346      0)
"CPL:seq_timemgr_clockInit"                                   -      12288    12288 1.228800e+04   3.763266e+02     0.065 ( 10669      0)     0.021 (  2772      0)
"CPL:cime_init"                                               -      12288    12288 1.228800e+04   5.496468e+06   447.514 (     8      0)   447.247 (  6677      0)
"CPL:init_comps"                                              -      12288    12288 1.228800e+04   5.491985e+06   447.158 (     8      0)   446.887 ( 10504      0)
"CPL:comp_init_pre_all"                                       -      12288    12288 1.228800e+04   7.126407e-01     0.000 (  8140      0)     0.000 (  3994      0)
"comp_init_cc_iac"                                            -      12288    12288 1.228800e+04   5.006566e+01     0.038 ( 10505      0)     0.001 (  3171      0)
"z_i:comp_init"                                               -      12288    12288 1.228800e+04   1.139859e+00     0.007 ( 10509      0)     0.000 (  5988      0)
"CPL:comp_init_cc_atm"                                        -      12288    12288 1.228800e+04   1.838129e+06   149.806 (     8      0)   149.503 ( 10504      0)
"a_i:comp_init"                                               -      12288    12288 2.457600e+04   1.837673e+06   149.803 (     0      0)   149.467 ( 10504      0)
"a_i:EAMxx::init"                                             -      12288    12288 8.601600e+04   1.815402e+06   149.000 (   300      0)   145.459 (  8354      0)
"a_i:EAMxx::create_output_managers"                           -      12288    12288 1.228800e+04   1.056917e+02     0.045 (  7580      0)     0.000 (  6949      0)
"a_i:EAMxx::create_atm_processes"                             -      12288    12288 1.228800e+04   9.384009e+03     1.061 (    33      0)     0.464 ( 10509      0)
"a_i:EAMxx::create_grids"                                     -      12288    12288 1.228800e+04   5.016970e+05    40.988 (     0      0)    40.721 (  1390      0)
"a_i:EAMxx::build_grids"                                      -      12288    12288 1.228800e+04   4.863339e+05    39.609 (    41      0)    39.546 (  9310      0)
"a_i:PartitioningTime"                                        -      12288    12288 1.228800e+04   3.986022e-03     0.000 (  7752      0)     0.000 (  2050      0)
"a_i:repro_sum_int"                                           -      12288    12288 1.228800e+04   1.637940e+03     0.301 (  1549      0)     0.036 ( 10502      0)
"a_i:PIO:spio_get_att_tc"                                     -      12288    12288 1.339392e+06   3.602567e+02     0.048 (  2945      0)     0.025 (     0      0)
"a_i:PIO:spio_get_vars_tc"                                    -      12288    12288 2.457600e+05   2.798719e+03     0.324 ( 11354      0)     0.168 (  2886      0)
"a_i:PIO:PIOc_closefile"                                      -      12288    12288 1.597440e+05   9.204988e+02     3.252 (  9756      0)     0.000 ( 10509      0)
"a_i:EAMxx::SurfaceCouplingImporter::set_grids"               -      12288    12288 1.228800e+04   9.880351e+00     0.016 (  4599      0)     0.000 (  2134      0)
"a_i:EAMxx::homme::set_grids"                                 -      12288    12288 1.228800e+04   3.662789e+03     0.451 (  6711      0)     0.230 (  9542      0)
"a_i:EAMxx::physics::set_grids"                               -      12288    12288 1.228800e+04   8.630049e+03     0.756 ( 12084      0)     0.580 (  6711      0)
"a_i:EAMxx::mac_aero_mic::set_grids"                          -      12288    12288 1.228800e+04   4.814063e+03     0.454 (  3995      0)     0.262 (  6711      0)
"a_i:EAMxx::tms::set_grids"                                   -      12288    12288 1.228800e+04   1.477343e+01     0.004 (  7819      0)     0.001 ( 10506      0)
"a_i:EAMxx::shoc::set_grids"                                  -      12288    12288 1.228800e+04   5.703889e+00     0.028 ( 10501      0)     0.000 (  6252      0)
"a_i:EAMxx::cld_fraction::set_grids"                          -      12288    12288 1.228800e+04   1.168503e+00     0.008 ( 10503      0)     0.000 (   468      0)
"a_i:EAMxx::spa::set_grids"                                   -      12288    12288 1.228800e+04   4.698541e+03     0.433 ( 12092      0)     0.239 ( 10504      0)
"a_i:EAMxx::p3::set_grids"                                    -      12288    12288 1.228800e+04   8.070399e+00     0.020 ( 10507      0)     0.000 (   108      0)
"a_i:EAMxx::rrtmgp::set_grids"                                -      12288    12288 1.228800e+04   3.636531e+03     0.323 (  8580      0)     0.250 ( 10510      0)
"a_i:EAMxx::SurfaceCouplingExporter::set_grids"               -      12288    12288 1.228800e+04   1.177665e+02     0.027 (  4733      0)     0.002 (    60      0)
"a_i:EAMxx::create_fields"                                    -      12288    12288 1.228800e+04   2.187322e+03     0.193 ( 10145      0)     0.161 (   356      0)
"a_i:EAMxx::initialize_fields"                                -      12288    12288 1.228800e+04   5.837913e+05    47.738 (  3384      0)    47.373 (  4175      0)
"a_i:PIO:PIOc_initdecomp"                                     -      12288    12288 1.597440e+05   1.484326e+05    12.085 (  6597      0)    12.058 (  4227      0)
"a_i:PIO:box_rearrange_create"                                -      12288    12288 1.597440e+05   1.478735e+05    12.035 ( 10310      0)    12.033 (  1039      0)
"a_i:PIO:pio_swapm"                                           -      12288    12288 7.495680e+05   3.288633e+05    33.212 (  1297      0)     5.642 (  4284      0)
"a_i:PIO:PIOc_read_darray"                                    -      12288    12288 2.703360e+05   2.749271e+05    23.408 (   360      0)    20.228 (  5589      0)
"a_i:PIO:read_darray_nc"                                      -      12288    12288 2.703360e+05   1.683576e+04    21.730 (    60      0)     0.000 (  8158      0)
"a_i:PIO:rearrange_io2comp"                                   -      12288    12288 2.703360e+05   2.294909e+05    22.927 (   208      0)     0.292 (  9120      0)
"a_i:EAMxx::initialize_atm_procs"                             -      12288    12288 1.228800e+04   7.072247e+05    58.690 (  4121      0)    55.247 (  8352      0)
"a_i:EAMxx::SurfaceCouplingImporter::init"                    -      12288    12288 1.228800e+04   2.117893e+01     0.066 ( 10509      0)     0.000 (  7642      0)
"a_i:EAMxx::homme::init"                                      -      12288    12288 1.228800e+04   3.016294e+05    24.695 (  9051      0)    24.235 ( 10506      0)
"a_i:compose_init"                                            -      12288    12288 1.228800e+04   1.874440e+03     0.526 ( 10515      0)     0.013 ( 10620      0)
"a_i:sl_init1"                                                -      12288    12288 1.228800e+04   3.885779e+03     0.739 ( 10652      0)     0.272 ( 11448      0)
"a_i:EAMxx::tms::init"                                        -      12288    12288 1.228800e+04   3.483773e-01     0.022 ( 10506      0)     0.000 (  8738      0)
"a_i:EAMxx::shoc::init"                                       -      12288    12288 1.228800e+04   2.797154e+01     0.094 ( 10506      0)     0.001 (  9727      0)
"a_i:EAMxx::cld_fraction::init"                               -      12288    12288 1.228800e+04   3.322371e-01     0.001 ( 10505      0)     0.000 (  3472      0)
"a_i:EAMxx::spa::init"                                        -      12288    12288 1.228800e+04   3.453748e+05    34.040 (  5222      0)    27.947 ( 10511      0)
"a_i:EAMxx::p3::init"                                         -      12288    12288 1.228800e+04   6.042341e+03     0.956 (  2680      0)     0.042 ( 10409      0)
"a_i:EAMxx::rrtmgp::init"                                     -      12288    12288 1.228800e+04   5.400410e+04     5.707 ( 11663      0)     0.048 (  2713      0)
"a_i:EAMxx::SurfaceCouplingExporter::init"                    -      12288    12288 1.228800e+04   5.435249e+01     0.055 (  8418      0)     0.002 (  8030      0)
"a_i:EAMxx::initialize_output_managers"                       -      12288    12288 1.228800e+04   1.101161e+04     0.932 (   108      0)     0.891 ( 10045      0)
"a_i:EAMxx::IO::standard"                                     -      12288    12288 1.228800e+04   9.002381e+03     0.842 (  3024      0)     0.694 (  4226      0)
"a_i:EAMxx::IO::nooutput.yaml"                                -      12288    12288 1.228800e+04   9.002365e+03     0.842 (  3024      0)     0.694 (  4226      0)
"a_i:EAMxx::IO::standard::get_new_file"                       -      12288    12288 1.228800e+04   8.987872e+03     0.828 (  3024      0)     0.694 (  4226      0)
"a_i:PIO:PIOc_createfile"                                     -      12288    12288 1.228800e+04   7.409920e+03     0.677 (  3025      0)     0.566 ( 10503      0)
"a_i:PIO:write_total"                                         -      12288    12288 4.055040e+05   7.522889e+03     0.800 (  3024      0)     0.569 (  4226      0)
"a_i:PIO:spio_put_att_tc"                                     -      12288    12288 3.686400e+05   6.661012e+01     0.119 (  1056      0)     0.000 (  8778      0)
"a_i:PIO:spio_put_vars_tc"                                    -      12288    12288 1.228800e+04   4.227492e+01     0.027 (    24      0)     0.000 (  5079      0)
"a_i:PIO:flush_output_buffer"                                 -       1024     1024 2.048000e+03   2.976097e+01     0.031 (    60      0)     0.004 (     0      0)
"a_i:EAMxx::IO::standard::run_output_streams"                 -      12288    12288 1.228800e+04   1.796156e-03     0.000 (  7157      0)     0.000 (  8426      0)
"a_i:EAMxx::IO::standard::update_snapshot_tally"              -      12288    12288 1.228800e+04   1.444479e+01     0.014 (  3084      0)     0.000 (  6991      0)
"a_i:PIO:PIOc_sync"                                           -      12288    12288 1.228800e+04   4.091255e+00     0.004 (  7776      0)     0.000 (  3707      0)
"CPL:comp_init_cc_lnd"                                        -      12288    12288 1.228800e+04   2.382587e+06   193.940 ( 10508      0)   193.894 (  7208      0)
"l_i:comp_init"                                               -      12288    12288 1.228800e+04   2.381936e+06   193.937 ( 10508      0)   193.833 (   526      0)
"l_i:elm_init1"                                               -      12288    12288 1.228800e+04   5.944479e+05    48.446 (  1152      0)    48.291 ( 10505      0)
"l_i:PIO:openfile"                                            -      12288    12288 2.826240e+05   3.806893e+04     4.152 (     4      0)     2.135 ( 10507      0)
"l_i:PIO:pio_inq_dimid_file_dimid"                            -      12288    12288 7.618560e+05   9.236992e+02     0.163 (  2299      0)     0.005 (     9      0)
"l_i:PIO:pio_inq_dimlen_file_dimid"                           -      12288    12288 4.423680e+06   6.330841e+02     0.138 (  1309      0)     0.010 (  4673      0)
"l_i:PIO:pio_inq_dimlen_file_dimid_offlen"                    -      12288    12288 4.423680e+06   6.321239e+02     0.138 (  1309      0)     0.010 (  4673      0)
"l_i:PIO:pio_inq_varid_file_vdesc"                            -      12288    12288 5.701632e+06   3.695315e+03     2.217 ( 11240      0)     0.027 (  4699      0)
"l_i:PIO:pio_inq_varid_file_vid"                              -      12288    12288 5.701632e+06   3.542690e+03     2.196 ( 11240      0)     0.021 (  7812      0)
"l_i:PIO:get_var_1d_int"                                      -      12288    12288 7.372800e+04   1.666649e+03     0.192 (  1541      0)     0.112 (  1191      0)
"l_i:PIO:spio_get_vars_tc"                                    -      12288    12288 2.445312e+06   1.532067e+05    12.672 (  1147      0)    12.375 ( 10500      0)
"l_i:PIO:closefile"                                           -      12288    12288 2.457600e+05   4.021204e+02     0.534 (    36      0)     0.001 ( 11426      0)
"l_i:PIO:PIOc_closefile"                                      -      12288    12288 2.457600e+05   4.018495e+02     0.534 (    36      0)     0.001 ( 11426      0)
"l_i:PIO:pio_inq_varndims_file_vdesc"                         -      12288    12288 2.715648e+06   5.371404e+02     2.363 (  4093      0)     0.011 (  8483      0)
"l_i:PIO:pio_inq_varndims_file_vid"                           -      12288    12288 2.715648e+06   5.363999e+02     2.363 (  4093      0)     0.011 (  8483      0)
"l_i:PIO:pio_inq_vardimid_file_vdesc"                         -      12288    12288 2.715648e+06   7.359106e+02     0.144 (   825      0)     0.024 ( 10504      0)
"l_i:PIO:pio_inq_vardimid_file_vid"                           -      12288    12288 2.715648e+06   7.352584e+02     0.144 (   821      0)     0.024 ( 10500      0)
"l_i:PIO:pio_inq_dimname_file_dimid"                          -      12288    12288 9.768960e+06   1.124626e+03     0.199 (   571      0)     0.025 (  7500      0)
"l_i:PIO:initdecomp"                                          -      12288    12288 3.194880e+05   1.496447e+05    12.767 (   478      0)    11.697 (  8778      0)
"l_i:PIO:PIOc_initdecomp"                                     -      12288    12288 3.194880e+05   1.496233e+05    12.765 (   478      0)    11.695 (  8778      0)
"l_i:PIO:box_rearrange_create"                                -      12288    12288 3.194880e+05   1.425011e+05    11.599 (  5165      0)    11.587 (  8958      0)
"l_i:PIO:pio_swapm"                                           -      12288    12288 3.649536e+06   1.897207e+06   162.664 (  8150      0)    60.727 (   324      0)
"l_i:PIO:read_darray_1d_double"                               -      12288    12288 1.007616e+06   6.018094e+05    49.140 (  9072      0)    47.608 ( 10109      0)
"l_i:PIO:PIOc_read_darray"                                    -      12288    12288 2.691072e+06   1.859327e+06   152.026 (  8940      0)   148.418 (  4093      0)
"l_i:PIO:read_darray_nc"                                      -      12288    12288 2.691072e+06   8.733992e+04    99.194 (   324      0)     0.000 (  8300      0)
"l_i:PIO:rearrange_io2comp"                                   -      12288    12288 2.691072e+06   1.769572e+06   151.906 (  8923      0)    50.933 (   324      0)
"l_i:PIO:pio_inquire_file"                                    -      12288    12288 3.538944e+06   2.041546e+02     0.038 (   821      0)     0.006 ( 10038      0)
"l_i:PIO:pio_inq_ndims_file"                                  -      12288    12288 3.538944e+06   2.033486e+02     0.038 (   821      0)     0.006 (  8172      0)
"l_i:PIO:read_darray_1d_int"                                  -      12288    12288 8.601600e+04   6.039205e+04     4.938 (  8374      0)     4.868 (  4093      0)
"l_i:PIO:read_darray_3d_double"                               -      12288    12288 2.211840e+05   6.350722e+04     5.227 ( 12120      0)     4.829 (  4093      0)
"l_i:PIO:read_darray_3d_int"                                  -      12288    12288 1.228800e+04   2.174113e+03     0.186 (  7896      0)     0.160 (  2164      0)
"l_i:PIO:read_darray_4d_double"                               -      12288    12288 1.720320e+05   2.498799e+05    20.367 ( 12156      0)    20.050 (  4093      0)
"l_i:PIO:get_var_1d_text"                                     -      12288    12288 2.457600e+04   1.931289e+02     0.080 (  8861      0)     0.001 (  9751      0)
"l_i:PIO:get_var_1d_double"                                   -      12288    12288 1.769472e+06   4.191419e+03     0.398 (  1157      0)     0.191 ( 10574      0)
"l_i:PIO:get_var_0d_double"                                   -      12288    12288 1.228800e+05   3.152812e+02     0.027 (  5959      0)     0.013 ( 10510      0)
"l_i:PIO:read_darray_2d_double"                               -      12288    12288 1.142784e+06   8.761453e+05    71.744 (  6504      0)    69.584 (  4045      0)
"l_i:PIO:read_darray_2d_int"                                  -      12288    12288 4.915200e+04   5.424680e+03     0.469 (  8367      0)     0.401 ( 12028      0)
"l_i:gather_1darray_int_total"                                -      12288    12288 6.144000e+04   7.703827e+03     1.547 (     0      0)     0.389 (    30      0)
"l_i:scatter_1darray_int_total"                               -      12288    12288 6.144000e+04   2.255537e+04     2.055 (     1      0)     0.920 (     0      0)
"l_i:init_filters"                                            -      12288    12288 1.228800e+04   2.574652e+01     0.023 ( 10500      0)     0.000 (     4      0)
"l_i:elm_init2"                                               -      12288    12288 1.228800e+04   1.779885e+06   144.901 ( 10503      0)   144.839 (  1191      0)
"l_i:init_orbd"                                               -      12288    12288 1.228800e+04   1.368538e+00     0.024 ( 10507      0)     0.000 (  7008      0)
"l_i:PIO:get_var_0d_int"                                      -      12288    12288 2.580480e+05   1.493354e+05    12.655 (  4095      0)    12.122 (  8386      0)
"l_i:PIO:get_var_2d_double"                                   -      12288    12288 1.474560e+05   6.173222e+02     0.052 (  3607      0)     0.045 (  4488      0)
"l_i:PIO:get_var_3d_double"                                   -      12288    12288 4.915200e+04   1.639035e+02     0.019 ( 10503      0)     0.011 (     0      0)
"l_i:init_accflds"                                            -      12288    12288 1.228800e+04   8.900151e+00     0.001 (  9480      0)     0.001 (  9197      0)
"l_i:init_dyn_subgrid"                                        -      12288    12288 1.228800e+04   4.555510e+02     0.070 (  5849      0)     0.001 (  9833      0)
"l_i:subgridRest_write-read"                                  -      12288    12288 1.228800e+04   2.190236e+05    17.838 (  8784      0)    17.805 (  2332      0)
"l_i:init_map2gc"                                             -      12288    12288 1.228800e+04   5.512651e+00     0.001 (  3522      0)     0.000 ( 11501      0)
"l_i:init_elm_interface_data & pflotran"                      -      12288    12288 1.228800e+04   3.026395e-03     0.000 ( 11682      0)     0.000 (   792      0)
"l_i:init_wlog"                                               -      12288    12288 1.228800e+04   3.317164e-02     0.029 (     0      0)     0.000 (  9060      0)
"l_i:elm_init3"                                               -      12288    12288 1.228800e+04   1.450219e+01     0.018 (  3673      0)     0.000 (  4476      0)
"CPL:comp_init_cc_rof"                                        -      12288    12288 1.228800e+04   4.341175e+01     0.004 (  7750      0)     0.001 ( 10509      0)
"r_i:comp_init"                                               -      12288    12288 1.228800e+04   1.137525e+00     0.000 ( 11687      0)     0.000 (     0      0)
"CPL:comp_init_cc_ocn"                                        -      12288    12288 1.228800e+04   5.594221e+05    45.532 ( 11097      0)    45.499 ( 10504      0)
"o_i:comp_init"                                               -      12288    12288 1.228800e+04   5.592735e+05    45.529 (  6135      0)    45.450 (  1341      0)
"o_i:docn_readnml"                                            -      12288    12288 1.228800e+04   1.324156e+04     1.161 ( 12267      0)     0.486 (     0      0)
"o_i:DOCN_INIT"                                               -      12288    12288 1.228800e+04   5.457491e+05    45.013 (     4      0)    44.347 ( 12259      0)
"o_i:docn_strdata_init"                                       -      12288    12288 1.228800e+04   5.245260e+05    43.270 (     0      0)    42.383 ( 11552      0)
"o_i:PIO:initdecomp"                                          -      12288    12288 3.686400e+04   1.246813e+04     1.047 (     2      0)     0.980 (     0      0)
"o_i:PIO:PIOc_initdecomp"                                     -      12288    12288 3.686400e+04   1.246800e+04     1.047 (     2      0)     0.980 (     0      0)
"o_i:PIO:box_rearrange_create"                                -      12288    12288 3.686400e+04   1.200970e+04     0.978 (  9141      0)     0.977 (   772      0)
"o_i:PIO:pio_swapm"                                           -      12288    12288 1.351680e+05   1.210869e+04     1.104 ( 10830      0)     0.795 (  1032      0)
"o_i:docn_initgsmaps"                                         -      12288    12288 1.228800e+04   7.566139e+00     0.001 (   990      0)     0.000 (  6648      0)
"o_i:docn_initmctdom"                                         -      12288    12288 1.228800e+04   8.332547e+01     0.216 (  1246      0)     0.000 ( 11210      0)
"o_i:docn_initmctavs"                                         -      12288    12288 1.228800e+04   2.227278e+00     0.001 ( 10507      0)     0.000 (  2971      0)
"o_i:DOCN_RUN"                                                -      12288    12288 1.228800e+04   2.112941e+04     1.987 ( 12144      0)     1.418 ( 12225      0)
"o_i:docn_run1"                                               -      12288    12288 1.228800e+04   9.686035e-03     0.000 (  9282      0)     0.000 ( 11913      0)
"o_i:docn"                                                    -      12288    12288 1.228800e+04   2.112936e+04     1.987 ( 12144      0)     1.418 ( 12225      0)
"o_i:docn_strdata_advance"                                    -      12288    12288 1.228800e+04   2.112594e+04     1.987 ( 12144      0)     1.417 ( 12225      0)
"o_i:docn_strd_adv_total"                                     -      12288    12288 1.228800e+04   2.112591e+04     1.987 ( 12144      0)     1.417 ( 12225      0)
"o_i:docn_strd_adv_readLBUB"                                  -      12288    12288 1.228800e+04   2.049174e+04     1.966 (  3024      0)     1.341 ( 12223      0)
"o_i:docn_readLBUB_setup"                                     -      12288    12288 1.228800e+04   4.636577e-02     0.000 (  5800      0)     0.000 (   134      0)
"o_i:docn_readLBUB_fbound"                                    -      12288    12288 1.228800e+04   1.484712e+00     1.483 (     0      0)     0.000 ( 10876      0)
"o_i:docn_readLBUB_bcast"                                     -      12288    12288 1.228800e+04   1.788694e+04     1.714 ( 10284      0)     0.000 (     0      0)
"o_i:docn_readLBUB_LB_setup"                                  -      12288    12288 1.228800e+04   1.941721e-03     0.000 (     0      0)     0.000 (  4734      0)
"o_i:docn_readLBUB_LB_readpio"                                -      12288    12288 1.228800e+04   1.853673e+03     0.195 (  2652      0)     0.125 (     1      0)
"o_i:PIO:openfile"                                            -      12288    12288 1.228800e+04   1.324954e+03     0.109 (   864      0)     0.096 (  2586      0)
"o_i:PIO:pio_inq_varid_file_vdesc"                            -      12288    12288 4.915200e+04   6.528625e+01     0.048 (  3995      0)     0.000 (  9070      0)
"o_i:PIO:pio_inq_varid_file_vid"                              -      12288    12288 4.915200e+04   6.525810e+01     0.048 (  3995      0)     0.000 (  9070      0)
"o_i:PIO:pio_inq_varndims_file_vdesc"                         -      12288    12288 2.457600e+04   9.514559e+00     0.027 ( 10154      0)     0.000 (  2753      0)
"o_i:PIO:pio_inq_varndims_file_vid"                           -      12288    12288 2.457600e+04   9.495926e+00     0.027 ( 10154      0)     0.000 (  2719      0)
"o_i:PIO:pio_inq_vardimid_file_vdesc"                         -      12288    12288 2.457600e+04   1.126166e+01     0.001 (   703      0)     0.001 (  3002      0)
"o_i:PIO:pio_inq_vardimid_file_vid"                           -      12288    12288 2.457600e+04   1.124457e+01     0.001 (   705      0)     0.001 (  3002      0)
"o_i:PIO:pio_inq_dimlen_file_dimid"                           -      12288    12288 7.372800e+04   6.828225e+00     0.001 (   367      0)     0.000 (  8778      0)
"o_i:PIO:pio_inq_dimlen_file_dimid_offlen"                    -      12288    12288 7.372800e+04   6.799559e+00     0.001 (   368      0)     0.000 (  8778      0)
"o_i:PIO:pio_inq_vartype_file_vdesc"                          -      12288    12288 2.457600e+04   5.606682e+00     0.001 (  2652      0)     0.000 (  6656      0)
"o_i:PIO:pio_inq_vartype_file_vid"                            -      12288    12288 2.457600e+04   5.587423e+00     0.001 (  2652      0)     0.000 (  6656      0)
"o_i:PIO:read_darray_1d_real"                                 -      12288    12288 2.457600e+04   9.942947e+02     0.143 (  7452      0)     0.023 (  2837      0)
"o_i:PIO:PIOc_read_darray"                                    -      12288    12288 2.457600e+04   9.942076e+02     0.143 (  7452      0)     0.023 (  2837      0)
"o_i:PIO:read_darray_nc"                                      -      12288    12288 2.457600e+04   6.601622e+01     0.131 (  7644      0)     0.000 (  2350      0)
"o_i:PIO:rearrange_io2comp"                                   -      12288    12288 2.457600e+04   9.063950e+02     0.139 ( 10830      0)     0.001 (  8040      0)
"o_i:docn_readLBUB_UB_setup"                                  -      12288    12288 1.228800e+04   9.855648e-03     0.000 (     0      0)     0.000 (   506      0)
"o_i:docn_readLBUB_UB_readpio"                                -      12288    12288 1.228800e+04   7.481282e+02     0.114 (  7405      0)     0.012 (  3581      0)
"o_i:docn_readLBUB_filemgt"                                   -      12288    12288 1.228800e+04   2.571584e-03     0.000 (  4477      0)     0.000 (   299      0)
"o_i:docn_strd_adv_fill"                                      -      12288    12288 1.228800e+04   2.859891e+00     0.001 (  9008      0)     0.000 (   800      0)
"o_i:docn_strd_adv_map"                                       -      12288    12288 1.228800e+04   5.573641e+02     0.062 (     7      0)     0.000 ( 10335      0)
"o_i:docn_strd_adv_tint"                                      -      12288    12288 1.228800e+04   7.349131e+01     0.023 (  1255      0)     0.000 (  7051      0)
"o_i:docn_scatter"                                            -      12288    12288 1.228800e+04   2.343699e+00     0.001 ( 10503      0)     0.000 (  4078      0)
"o_i:docn_datamode"                                           -      12288    12288 1.228800e+04   4.546875e-01     0.001 ( 10505      0)     0.000 (  5087      0)
"o_i:docn_run2"                                               -      12288    12288 1.228800e+04   2.186897e-03     0.000 (     0      0)     0.000 (  7560      0)
"CPL:comp_init_cc_ice"                                        -      12288    12288 1.228800e+04   7.066744e+05    57.601 (  5318      0)    57.320 (     9      0)
"i_i:comp_init"                                               -      12288    12288 1.228800e+04   7.055127e+05    57.597 (  5316      0)    57.297 ( 10275      0)
"i_i:cice_init"                                               -      12288    12288 1.228800e+04   8.577138e+04     7.021 ( 10512      0)     6.939 (  9806      0)
"i_i:ice_HaloUpdate2DR8"                                      -      12288    12288 4.915200e+04   9.903042e+01     0.367 (     3      0)     0.000 (  1963      0)
"i_i:ice_HU2DR8_init"                                         -      12288    12288 4.915200e+04   4.520708e-02     0.000 (  5110      0)     0.000 (  1067      0)
"i_i:state_bound_h1"                                          -      12288    12288 1.228800e+04   1.240416e+01     0.044 ( 10512      0)     0.000 (     1      0)
"i_i:ice_HaloUpdate3DR8"                                      -      12288    12288 6.144000e+04   1.293521e+01     0.044 ( 10512      0)     0.000 (     1      0)
"i_i:ice_HU3DR8_init"                                         -      12288    12288 6.144000e+04   1.149695e-01     0.001 ( 10504      0)     0.000 (     7      0)
"i_i:ice_HU3DR8_recvall"                                      -      12288    12288 6.144000e+04   1.129076e+01     0.044 ( 10512      0)     0.000 (  7635      0)
"i_i:state_bound_hm"                                          -      12288    12288 1.228800e+04   1.160548e-01     0.000 ( 11837      0)     0.000 (     6      0)
"i_i:state_bound_hc"                                          -      12288    12288 1.228800e+04   1.697257e-01     0.000 ( 12040      0)     0.000 (  9562      0)
"i_i:state_bound_h2"                                          -      12288    12288 1.228800e+04   2.856200e+00     0.026 ( 10969      0)     0.000 (    10      0)
"i_i:ice_HaloUpdate4DR8"                                      -      12288    12288 1.228800e+04   1.947577e+00     0.026 ( 10969      0)     0.000 (     1      0)
"i_i:ice_HU4DR8_init"                                         -      12288    12288 1.228800e+04   1.232333e-01     0.000 (  5020      0)     0.000 (  5856      0)
"i_i:ice_HU4DR8_recvall"                                      -      12288    12288 1.228800e+04   1.165887e+00     0.026 ( 10969      0)     0.000 (  1396      0)
"i_i:state_bound_hd"                                          -      12288    12288 1.228800e+04   7.207896e-03     0.000 (  6010      0)     0.000 (  6624      0)
"i_i:cice_mct_init"                                           -      12288    12288 1.228800e+04   6.195331e+05    50.605 (  8588      0)    50.285 (  7574      0)
"i_i:PIO:initdecomp"                                          -      12288    12288 3.686400e+04   1.198257e+04    13.267 (     8      0)     0.921 (     0      0)
"i_i:PIO:PIOc_initdecomp"                                     -      12288    12288 3.686400e+04   1.198242e+04    13.267 (     8      0)     0.921 (     0      0)
"i_i:PIO:box_rearrange_create"                                -      12288    12288 3.686400e+04   1.128588e+04     0.919 (  5289      0)     0.918 ( 11727      0)
"i_i:PIO:pio_swapm"                                           -      12288    12288 1.105920e+05   1.059045e+04     0.914 (  5364      0)     0.758 (     8      0)
"CPL:comp_init_cc_glc"                                        -      12288    12288 1.228800e+04   3.033476e+01     0.004 (   996      0)     0.001 ( 10773      0)
"g_i:comp_init"                                               -      12288    12288 1.228800e+04   2.155314e-02     0.000 (  3407      0)     0.000 (  2426      0)
"CPL:comp_init_cc_wav"                                        -      12288    12288 1.228800e+04   2.829529e+01     0.004 ( 12250      0)     0.001 ( 10764      0)
"w_i:comp_init"                                               -      12288    12288 1.228800e+04   9.514743e-03     0.000 (  8259      0)     0.000 (  7252      0)
"CPL:comp_init_cc_esp"                                        -      12288    12288 1.228800e+04   2.420464e+01     0.003 (  8196      0)     0.000 (  5564      0)
"e_i:comp_init"                                               -      12288    12288 1.228800e+04   1.163802e-02     0.000 (  3296      0)     0.000 (  5713      0)
"CPL:comp_init_cx_all"                                        -      12288    12288 1.228800e+04   4.994445e+03     0.607 (     2      0)     0.326 (   822      0)
"CPL:comp_list_all"                                           -      12288    12288 1.228800e+04   2.849995e-01     0.000 (  1622      0)     0.000 (  7020      0)
"CPL:init_maps"                                               -      12288    12288 1.228800e+04   1.232510e+03     0.203 (  6039      0)     0.023 (   352      0)
"CPL:init_aream"                                              -      12288    12288 1.228800e+04   6.613957e+02     0.179 (  6059      0)     0.000 ( 12286      0)
"CPL:init_domain_check"                                       -      12288    12288 1.228800e+04   9.523400e+02     0.208 (  1013      0)     0.028 (  9468      0)
"CPL:init_areacor"                                            -      12288    12288 1.228800e+04   7.268576e+02     0.059 (  5784      0)     0.059 (  3926      0)
"CPL:init_fracs"                                              -      12288    12288 1.228800e+04   5.435105e+01     0.037 (    11      0)     0.001 (  8445      0)
"CPL:init_aoflux"                                             -      12288    12288 1.228800e+04   3.440439e+00     0.019 ( 10508      0)     0.000 (  6477      0)
"CPL:init_atminit"                                            -      12288    12288 7.372800e+04   1.490715e+02     0.058 ( 10532      0)     0.002 (  9986      0)
"CPL:comp_init_cc_atm2"                                       -      12288    12288 1.228800e+04   4.740018e+02     0.057 (  5923      0)     0.002 ( 11267      0)
"CPL:init_readrestart"                                        -      12288    12288 1.228800e+04   2.096938e+00     0.018 ( 10510      0)     0.000 (  4260      0)
"CPL:cime_run_init"                                           -      12288    12288 1.228800e+04   2.789694e+00     0.041 (     0      0)     0.000 (  2261      0)
"CPL:INIT_sync1_tprf"                                         -      12288    12288 1.228800e+04   4.033041e+02     0.041 (     5      0)     0.000 (     0      0)
"CPL:INIT_t_prf"                                              -      12288    12288 1.228800e+04   3.990077e+00     0.028 (     0      0)     0.000 ( 12087      0)
"CPL:INIT_sync2_tprf"                                         -      12288    12288 1.228800e+04   3.434265e+02     0.028 ( 12087      0)     0.000 (     0      0)
"CPL:RUN_LOOP_BSTART"                                         -      12288    12288 1.228800e+04   4.412132e-01     0.000 (  5849      0)     0.000 (   248      0)
"CPL:RUN_LOOP"                                                -      12288    12288 5.308416e+06   4.178580e+06   340.056 (  9005      0)   340.052 (  4812      0)
"CPL:CLOCK_ADVANCE"                                           -      12288    12288 5.308416e+06   5.774014e+02     0.055 (  2914      0)     0.038 (  6600      0)
"CPL:RUN"                                                     -      12288    12288 6.368870e+07   4.842503e+04     5.650 (  2141      0)     1.835 ( 10471      0)
"CPL:OCNPRE1"                                                 -      12288    12288 5.308416e+06   4.994123e+03     1.720 (  7089      0)     0.177 (   215      0)
"CPL:ocnpre1_atm2ocn"                                         -      12288    12288 5.308416e+06   4.987470e+03     1.720 (  7089      0)     0.176 (   212      0)
"CPL:LNDPREP"                                                 -      12288    12288 5.308416e+06   8.428829e+02     0.107 (  3701      0)     0.040 (  9886      0)
"CPL:lndprep_atm2lnd"                                         -      12288    12288 5.308416e+06   6.194882e+02     0.089 ( 11877      0)     0.028 (  1105      0)
"CPL:lndprep_mrgx2l"                                          -      12288    12288 5.308416e+06   2.129504e+02     0.024 (   331      0)     0.003 (  8490      0)
"CPL:COMM"                                                    -      12288    12288 3.714662e+07   1.574737e+05    22.604 (  6671      0)     4.700 (  2899      0)
"CPL:C2L"                                                     -      12288    12288 5.308416e+06   4.471856e+03     0.421 (  8979      0)     0.257 (     8      0)
"CPL:c2l_lndx2lndl"                                           -      12288    12288 5.308416e+06   2.130719e+03     0.237 (  1921      0)     0.093 (  2978      0)
"CPL:c2l_infoexch"                                            -      12288    12288 5.308416e+06   2.332222e+03     0.307 (  9224      0)     0.069 (  1481      0)
"CPL:ICEPREP"                                                 -      12288    12288 5.308416e+06   1.611516e+03     0.144 (  2885      0)     0.123 (   272      0)
"CPL:iceprep_ocn2ice"                                         -      12288    12288 5.308416e+06   3.066292e+02     0.028 ( 10349      0)     0.023 ( 10572      0)
"CPL:iceprep_atm2ice"                                         -      12288    12288 5.308416e+06   4.941959e+02     0.045 (  2873      0)     0.036 ( 12247      0)
"CPL:iceprep_mrgx2i"                                          -      12288    12288 5.308416e+06   7.852015e+02     0.073 (  2894      0)     0.059 (  7436      0)
"CPL:C2I"                                                     -      12288    12288 5.308416e+06   2.283771e+03     0.214 (  7436      0)     0.160 (  1553      0)
"CPL:c2i_icex2icei"                                           -      12288    12288 5.308416e+06   5.069613e+02     0.054 (  2084      0)     0.038 (  2170      0)
"CPL:ice_infoexch"                                            -      12288    12288 5.308416e+06   1.769899e+03     0.174 (  7436      0)     0.114 (  4657      0)
"CPL:ICE_RUN"                                                 -      12288    12288 5.308416e+06   4.056444e+04     4.068 (  9780      0)     3.127 ( 10281      0)
"i:cice_run_total"                                            -      12288    12288 5.308416e+06   3.946985e+04     3.973 (  9807      0)     3.033 ( 10281      0)
"i:cice_run_import"                                           -      12288    12288 5.308416e+06   1.825168e+03     0.206 (  2777      0)     0.124 ( 10550      0)
"i:cice_imp_ocn"                                              -      12288    12288 5.308416e+06   2.133533e+02     0.024 (  5593      0)     0.015 ( 11773      0)
"i:cice_imp_atm"                                              -      12288    12288 5.308416e+06   2.197832e+02     0.034 (  5593      0)     0.015 (  4127      0)
"i:cice_run_initmd"                                           -      12288    12288 5.308416e+06   1.663777e+04     1.493 (     2      0)     1.252 (  9046      0)
"i:cice_run_presc"                                            -      12288    12288 5.308416e+06   8.376056e+03     0.709 (  8908      0)     0.587 ( 11781      0)
"i:cice_pice_strd_adv_total"                                  -      12288    12288 5.308416e+06   6.039497e+03     0.505 (  8908      0)     0.411 ( 11797      0)
"i:cice_pice_strd_adv_readLBUB"                               -      12288    12288 5.308416e+06   5.053718e+03     0.481 (  2151      0)     0.362 (     8      0)
"i:cice_pice_readLBUB_setup"                                  -      12288    12288 5.308416e+06   1.637560e+00     0.000 ( 10141      0)     0.000 (  9917      0)
"i:cice_pice_readLBUB_fbound"                                 -      12288    12288 2.457600e+04   2.610615e-01     0.258 (     0      0)     0.000 ( 11844      0)
"i:cice_pice_readLBUB_bcast"                                  -      12288    12288 2.457600e+04   3.179549e+03     0.259 ( 11979      0)     0.000 (     0      0)
"i:cice_pice_readLBUB_LB_setup"                               -      12288    12288 1.228800e+04   4.344845e-03     0.000 (     0      0)     0.000 (   516      0)
"i:cice_pice_readLBUB_LB_readpio"                             -      12288    12288 1.228800e+04   8.256428e+02     0.096 (  7692      0)     0.041 (     1      0)
"i:PIO:openfile"                                              -      12288    12288 1.228800e+04   4.359908e+02     0.036 ( 11980      0)     0.035 ( 10649      0)
"i:PIO:pio_inq_varid_file_vdesc"                              -      12288    12288 7.372800e+04   1.387281e+02     0.036 (  1027      0)     0.000 (  1792      0)
"i:PIO:pio_inq_varid_file_vid"                                -      12288    12288 7.372800e+04   1.386969e+02     0.036 (  1027      0)     0.000 (  1792      0)
"i:PIO:pio_inq_varndims_file_vdesc"                           -      12288    12288 3.686400e+04   1.297962e+01     0.027 (  1405      0)     0.000 (  2663      0)
"i:PIO:pio_inq_varndims_file_vid"                             -      12288    12288 3.686400e+04   1.295768e+01     0.027 (  1405      0)     0.000 (  2663      0)
"i:PIO:pio_inq_vardimid_file_vdesc"                           -      12288    12288 3.686400e+04   2.155017e+01     0.002 (  7876      0)     0.001 (  3766      0)
"i:PIO:pio_inq_vardimid_file_vid"                             -      12288    12288 3.686400e+04   2.153271e+01     0.002 (  7877      0)     0.001 (  3814      0)
"i:PIO:pio_inq_dimlen_file_dimid"                             -      12288    12288 1.105920e+05   1.304014e+01     0.001 (  7841      0)     0.001 (  3743      0)
"i:PIO:pio_inq_dimlen_file_dimid_offlen"                      -      12288    12288 1.105920e+05   1.300399e+01     0.001 (  7841      0)     0.001 (  3768      0)
"i:PIO:pio_inq_vartype_file_vdesc"                            -      12288    12288 3.686400e+04   1.031394e+01     0.001 (  2653      0)     0.000 (  1343      0)
"i:PIO:pio_inq_vartype_file_vid"                              -      12288    12288 3.686400e+04   1.029476e+01     0.001 (  2653      0)     0.000 (  1338      0)
"i:PIO:read_darray_1d_real"                                   -      12288    12288 3.686400e+04   1.084981e+03     0.173 (  2136      0)     0.034 (    13      0)
"i:PIO:PIOc_read_darray"                                      -      12288    12288 3.686400e+04   1.084889e+03     0.173 (  2136      0)     0.034 (    13      0)
"i:PIO:read_darray_nc"                                        -      12288    12288 3.686400e+04   6.403780e+01     0.145 (  1512      0)     0.000 (  4983      0)
"i:PIO:rearrange_io2comp"                                     -      12288    12288 3.686400e+04   9.951736e+02     0.168 (  2168      0)     0.001 (     0      0)
"i:PIO:pio_swapm"                                             -      12288    12288 3.686400e+04   9.932472e+02     0.168 (  2168      0)     0.000 (     0      0)
"i:cice_pice_readLBUB_UB_setup"                               -      12288    12288 2.457600e+04   1.058210e-02     0.000 (     0      0)     0.000 (  3870      0)
"i:cice_pice_readLBUB_UB_readpio"                             -      12288    12288 2.457600e+04   1.029996e+03     0.158 (  2151      0)     0.040 (  7814      0)
"i:cice_pice_readLBUB_filemgt"                                -      12288    12288 5.308416e+06   1.197614e+00     0.000 ( 11056      0)     0.000 (   453      0)
"i:cice_pice_strd_adv_map"                                    -      12288    12288 2.457600e+04   8.880052e+02     0.127 (     1      0)     0.000 (  1187      0)
"i:cice_pice_strd_adv_tint"                                   -      12288    12288 5.308416e+06   7.646272e+01     0.008 (  2859      0)     0.006 (  1452      0)
"i:cice_run_initflux"                                         -      12288    12288 5.308416e+06   9.496757e+01     0.010 ( 10189      0)     0.008 (  2162      0)
"i:cice_run_prepradiation"                                    -      12288    12288 5.308416e+06   8.671399e+01     0.013 (  9722      0)     0.006 (  3008      0)
"i:cice_run_therm1"                                           -      12288    12288 5.308416e+06   3.143034e+03     0.588 (  9769      0)     0.216 ( 10696      0)
"i:cice_run_dyn"                                              -      12288    12288 5.308416e+06   3.477426e-01     0.000 ( 10955      0)     0.000 (  6187      0)
"i:cice_run_radiation"                                        -      12288    12288 5.308416e+06   1.989997e+03     0.742 (  9853      0)     0.112 ( 11330      0)
"i:cice_step_radiationib"                                     -      12288    12288 5.308416e+06   1.770072e+03     0.725 (  9853      0)     0.095 ( 11330      0)
"i:cice_step_rib_swdedd1"                                     -      12288    12288 5.308416e+06   1.700650e+02     0.021 ( 10191      0)     0.005 (  4086      0)
"i:cice_step_rib_swdedd2"                                     -      12288    12288 5.308416e+06   1.396888e+02     0.013 ( 11394      0)     0.011 (  5242      0)
"i:cice_step_rib_swdedd7"                                     -      12288    12288 5.308416e+06   1.344562e+03     0.686 (  9853      0)     0.062 ( 11308      0)
"i:cice_run_couplingprep"                                     -      12288    12288 5.308416e+06   1.638332e+03     0.700 (  9372      0)     0.097 ( 10990      0)
"i:ice_HaloUpdate2DR8"                                        -      12288    12288 5.308416e+06   4.258319e+02     0.605 (  9372      0)     0.005 (  6926      0)
"i:ice_HU2DR8_init"                                           -      12288    12288 5.308416e+06   4.065034e+00     0.001 (  9346      0)     0.000 (  6121      0)
"i:cice_run_diag"                                             -      12288    12288 5.308416e+06   3.607781e+03     0.327 ( 11746      0)     0.257 (  9720      0)
"i:cice_run_hist"                                             -      12288    12288 5.308416e+06   1.297772e+03     0.121 (  4818      0)     0.077 ( 10295      0)
"i:cice_run_accum"                                            -      12288    12288 5.308416e+06   3.774227e+01     0.004 ( 10192      0)     0.003 (  7084      0)
"i:cice_run_export"                                           -      12288    12288 5.308416e+06   6.345883e+02     0.059 (  9771      0)     0.047 (   119      0)
"CPL:LND_RUN"                                                 -      12288    12288 5.308416e+06   3.619512e+05    34.546 (   758      0)    24.782 ( 12104      0)
"l:lc_lnd_import"                                             -      12288    12288 5.308416e+06   1.088427e+03     0.145 (  8024      0)     0.041 (  1736      0)
"l:elm_run"                                                   -      12288    12288 5.320704e+06   3.599496e+05    34.354 (   758      0)    24.570 ( 12104      0)
"l:shr_orb_decl"                                              -      12288    12288 5.320704e+06   4.806553e+00     0.001 (   867      0)     0.000 (  3290      0)
"l:decomp_vert"                                               -      12288    12288 5.320704e+06   5.026119e+01     0.007 (  2942      0)     0.002 (  1680      0)
"l:beggridwbal"                                               -      12288    12288 5.320704e+06   1.446972e+03     0.148 ( 12150      0)     0.096 (  4340      0)
"l:cnpinit"                                                   -      12288    12288 5.320704e+06   4.162169e+00     0.001 (  8486      0)     0.000 (  8759      0)
"l:cnpvegsumm"                                                -      12288    12288 5.320704e+06   5.866333e-01     0.000 (  3580      0)     0.000 (  5321      0)
"l:dyn_subgrid"                                               -      12288    12288 5.320704e+06   9.531862e+03     0.907 (  1306      0)     0.669 (  6303      0)
"l:begwbal"                                                   -      12288    12288 5.320704e+06   1.790117e+02     0.025 ( 12150      0)     0.009 (  9654      0)
"l:begcnpbal"                                                 -      12288    12288 5.320704e+06   3.587633e-01     0.000 (  8471      0)     0.000 ( 11844      0)
"l:drvinit"                                                   -      12288    12288 5.320704e+06   9.102674e+02     0.096 ( 10511      0)     0.066 (  6625      0)
"l:canhydro"                                                  -      12288    12288 5.320704e+06   1.712929e+03     0.211 (  4764      0)     0.104 (  6625      0)
"l:surfrad"                                                   -      12288    12288 5.320704e+06   3.383834e+03     0.326 (   312      0)     0.231 (  5770      0)
"l:bgp1"                                                      -      12288    12288 5.320704e+06   1.982678e+03     0.235 ( 12150      0)     0.118 (  6094      0)
"l:bgflux"                                                    -      12288    12288 5.320704e+06   2.596691e+03     0.358 (  6034      0)     0.134 (  3655      0)
"l:canflux"                                                   -      12288    12288 5.320704e+06   1.024029e+05    12.468 ( 10069      0)     5.046 (  6202      0)
"l:can_iter"                                                  -      12288    12288 5.320704e+06   8.367394e+04    10.696 ( 10069      0)     3.783 (  6202      0)
"l:uflux"                                                     -      12288    12288 5.320704e+06   1.617303e+03     0.296 ( 10698      0)     0.034 (  9305      0)
"l:bgplake"                                                   -      12288    12288 5.320704e+06   7.766131e+03     0.921 (  1186      0)     0.396 (  7720      0)
"l:bgc"                                                       -      12288    12288 5.320704e+06   5.746682e+03     0.657 ( 12005      0)     0.340 (  6201      0)
"l:soiltemperature"                                           -      12288    12288 5.320704e+06   6.764269e+04     6.683 (   860      0)     4.621 (  9305      0)
"l:SoilThermProp"                                             -      12288    12288 5.320704e+06   3.260636e+03     0.393 (  1306      0)     0.182 (  6094      0)
"l:SoilTempBandDiag"                                          -      12288    12288 1.064141e+07   6.357352e+03     0.937 (   415      0)     0.346 (  9841      0)
"l:PhaseChangeH2osfc"                                         -      12288    12288 5.320704e+06   3.369476e+01     0.005 (  3312      0)     0.001 (  9841      0)
"l:PhaseChangebeta"                                           -      12288    12288 5.320704e+06   1.261021e+03     0.172 (  1306      0)     0.051 (  9841      0)
"l:bgp2"                                                      -      12288    12288 5.320704e+06   2.689112e+03     0.292 ( 12150      0)     0.164 (  6625      0)
"l:bgp2_loop_1"                                               -      12288    12288 5.320704e+06   4.750094e+02     0.051 ( 12150      0)     0.029 (  8846      0)
"l:bgp2_loop_2"                                               -      12288    12288 5.320704e+06   8.142286e+02     0.087 ( 12150      0)     0.051 (  8042      0)
"l:bgp2_loop_3"                                               -      12288    12288 5.320704e+06   1.090199e+03     0.123 ( 12150      0)     0.058 ( 12104      0)
"l:bgp2_loop_4"                                               -      12288    12288 5.320704e+06   2.846549e+02     0.029 (  2078      0)     0.018 (  8042      0)
"l:patch2col"                                                 -      12288    12288 5.320704e+06   1.389790e+03     0.150 ( 12150      0)     0.091 (  6094      0)
"l:hydro without drainage"                                    -      12288    12288 5.320704e+06   2.270788e+04     2.605 ( 12150      0)     1.397 (  6886      0)
"l:hylake"                                                    -      12288    12288 5.320704e+06   1.916173e+03     0.375 (    41      0)     0.115 (  8798      0)
"l:snow_init"                                                 -      12288    12288 5.320704e+06   1.635629e+02     0.039 (  2370      0)     0.005 (  9845      0)
"l:ecosysdyn"                                                 -      12288    12288 5.320704e+06   5.112565e+02     0.050 ( 12150      0)     0.034 (  8042      0)
"l:depvel"                                                    -      12288    12288 1.064141e+07   4.739607e+00     0.001 (  3852      0)     0.000 (  1955      0)
"l:hydro2 drainage"                                           -      12288    12288 5.320704e+06   1.497353e+03     0.186 ( 12150      0)     0.083 (  7470      0)
"l:balchk"                                                    -      12288    12288 5.320704e+06   1.715508e+03     0.160 (  2078      0)     0.122 (  9305      0)
"l:gridbalchk"                                                -      12288    12288 5.320704e+06   9.957623e+02     0.091 (  1656      0)     0.070 (  4266      0)
"l:lnd2atm"                                                   -      12288    12288 5.320704e+06   7.847322e+03     0.721 (   293      0)     0.568 (  6625      0)
"l:wrtdiag"                                                   -      12288    12288 5.320704e+06   5.402511e+01     0.019 (     0      0)     0.003 (  5873      0)
"l:hbuf"                                                      -      12288    12288 5.320704e+06   3.054925e+04     2.839 (  4136      0)     2.197 (  4266      0)
"l:elm_drv_io"                                                -      12288    12288 5.320704e+06   1.576865e+01     0.010 ( 10500      0)     0.001 (  4657      0)
"l:elm_drv_io_htapes"                                         -      12288    12288 5.320704e+06   1.276185e+01     0.010 ( 10500      0)     0.001 (  5617      0)
"l:lc_lnd_export"                                             -      12288    12288 5.320704e+06   2.837694e+02     0.026 (  8448      0)     0.022 ( 11482      0)
"l:lc_elm2_adv_timestep"                                      -      12288    12288 5.320704e+06   4.378599e+00     0.001 (  3167      0)     0.000 ( 11088      0)
"l:accum"                                                     -      12288    12288 5.308416e+06   5.557704e+03     0.476 (  9878      0)     0.426 (  5638      0)
"CPL:ATMOCNP"                                                 -      12288    12288 5.308416e+06   4.392663e+03     0.556 (  4437      0)     0.081 (  1305      0)
"CPL:atmocnp_fluxo"                                           -      12288    12288 5.308416e+06   3.711943e+03     0.509 ( 10612      0)     0.017 (  1305      0)
"CPL:atmocnp_ocnalb"                                          -      12288    12288 5.308416e+06   6.669154e+02     0.085 (  1329      0)     0.040 (  7158      0)
"CPL:L2C"                                                     -      12288    12288 5.308416e+06   2.843880e+04     5.380 (  1159      0)     0.188 (   746      0)
"CPL:l2c_lndl2lndx"                                           -      12288    12288 5.308416e+06   2.841646e+04     5.379 (  1159      0)     0.186 (   746      0)
"lnd2cpl_run"                                                 -      12288    12288 5.308416e+06   1.386832e+01     0.001 (  7883      0)     0.001 (  8156      0)
"CPL:LNDPOST"                                                 -      12288    12288 5.308416e+06   4.279566e+00     0.000 (  3556      0)     0.000 ( 11258      0)
"CPL:I2C"                                                     -      12288    12288 5.308416e+06   5.658223e+02     0.049 (  9539      0)     0.042 (  1019      0)
"CPL:i2c_icei2icex"                                           -      12288    12288 5.308416e+06   5.497692e+02     0.047 (  4914      0)     0.041 (  1019      0)
"CPL:i2c_infoexch"                                            -      12288    12288 5.308416e+06   7.400466e+00     0.001 ( 10391      0)     0.000 (  1827      0)
"CPL:ICEPOST"                                                 -      12288    12288 5.308416e+06   4.869906e-01     0.000 (  4648      0)     0.000 (  5100      0)
"CPL:FRACSET"                                                 -      12288    12288 5.308416e+06   3.500450e+03     2.156 (    53      0)     0.067 ( 10471      0)
"CPL:fracset_fracset"                                         -      12288    12288 5.308416e+06   3.497987e+03     2.156 (    53      0)     0.067 ( 10471      0)
"CPL:ATMPREP"                                                 -      12288    12288 5.308416e+06   3.301539e+04     4.340 (   874      0)     1.214 ( 10471      0)
"CPL:atmprep_xao2atm"                                         -      12288    12288 5.308416e+06   6.459473e+03     2.683 (  1161      0)     0.138 (  2180      0)
"CPL:atmprep_ocn2atm"                                         -      12288    12288 5.308416e+06   4.366883e+03     1.636 ( 11105      0)     0.109 ( 10472      0)
"CPL:atmprep_alb2atm"                                         -      12288    12288 5.308416e+06   1.720303e+03     1.271 (   869      0)     0.048 (  2179      0)
"CPL:atmprep_ice2atm"                                         -      12288    12288 5.308416e+06   3.999674e+03     1.803 (  1153      0)     0.144 ( 10471      0)
"CPL:atmprep_lnd2atm"                                         -      12288    12288 5.308416e+06   1.412745e+04     3.510 (  2235      0)     0.134 (  5358      0)
"CPL:atmprep_mrgx2a"                                          -      12288    12288 5.308416e+06   2.306122e+03     0.307 ( 10355      0)     0.130 (  2102      0)
"CPL:C2A"                                                     -      12288    12288 5.308416e+06   1.459089e+04     3.083 (  5358      0)     0.436 ( 10327      0)
"CPL:c2a_atmx2atmg"                                           -      12288    12288 5.308416e+06   1.088445e+04     2.803 (  5355      0)     0.238 ( 10970      0)
"CPL:c2a_infoexch"                                            -      12288    12288 5.308416e+06   3.698861e+03     1.155 (  8370      0)     0.111 (     9      0)
"CPL:ATM_RUN"                                                 -      12288    12288 5.308416e+06   3.544911e+06   295.284 (  3890      0)   283.180 (  6662      0)
"a:EAMxx::run"                                                -      12288    12288 5.308416e+06   3.543515e+06   295.172 (  3890      0)   283.065 (  6662      0)
"a:PIO:PIOc_sync"                                             -      12288    12288 1.228800e+04   3.419461e-01     0.000 (  2952      0)     0.000 (   416      0)
"a:PIO:write_total"                                           -      12288    12288 1.228800e+04   3.111654e-01     0.000 (  2952      0)     0.000 (   651      0)
"a:PIO:flush_output_buffer"                                   -       1024     1024 1.024000e+03   1.379285e-01     0.000 (  2952      0)     0.000 ( 10500      0)
"a:EAMxx::EAMxx::run"                                         -      12288    12288 5.308416e+06   3.542482e+06   295.092 (  3890      0)   282.986 (  6662      0)
"a:EAMxx::EAMxx::run-precondition-checks"                     -      12288    12288 5.308416e+06   2.080159e+00     0.000 (   497      0)     0.000 (  8927      0)
"a:EAMxx::SurfaceCouplingImporter::run"                       -      12288    12288 5.308416e+06   4.287399e+03     0.590 (  6658      0)     0.285 ( 10900      0)
"a:EAMxx::SurfaceCouplingImporter::run-precondition-checks"   -      12288    12288 5.308416e+06   9.883146e-01     0.000 (  8031      0)     0.000 (  8924      0)
"a:EAMxx::SurfaceCouplingImporter::run-postcondition-checks"  -      12288    12288 5.308416e+06   3.642073e+03     0.537 (  6658      0)     0.233 ( 10900      0)
"a:EAMxx::homme::run"                                         -      12288    12288 5.308416e+06   3.307119e+06   269.303 (     3      0)   268.871 (  6658      0)
"a:EAMxx::homme::run-precondition-checks"                     -      12288    12288 5.308416e+06   1.022402e+00     0.000 (   938      0)     0.000 (  2694      0)
"a:tl-sc prim_run_subcycle_c"                                 -      12288    12288 1.061683e+07   3.229996e+06   263.166 (  2533      0)   262.449 ( 12174      0)
"a:tl-s prim_step_flexible"                                   -      12288    12288 1.061683e+07   3.229947e+06   263.162 (  2533      0)   262.445 ( 12174      0)
"a:ApplyCAMForcing_tracers"                                   -      12288    12288 5.308416e+06   5.606363e+03     0.730 (   364      0)     0.396 ( 10485      0)
"a:tl-s deep_copy+derived_dp"                                 -      12288    12288 1.061683e+07   8.956852e+02     0.090 (  9421      0)     0.066 (  1033      0)
"a:ApplyCAMForcing_dynamics"                                  -      12288    12288 3.185050e+07   4.405092e+03     0.534 (  2820      0)     0.332 (  9692      0)
"a:tl-ae prim_advance_exp"                                    -      12288    12288 6.370099e+07   2.706330e+06   224.198 (  8178      0)   217.711 (  4391      0)
"a:ttype9_imex_timestep"                                      -      12288    12288 6.370099e+07   2.376843e+06   201.350 (  8175      0)   188.592 (  4361      0)
"a:caar compute"                                              -      12288    12288 6.370099e+08   7.003133e+05    62.604 (  4391      0)    51.288 (  2890      0)
"a:caar_bexchV"                                               -      12288    12288 3.185050e+08   4.879975e+05    54.068 (  9914      0)    30.523 (  2009      0)
"a:caar limiter"                                              -      12288    12288 3.822060e+08   2.307153e+05    22.968 (  6466      0)    16.316 (  9538      0)
"a:compute_stage_value_dirk"                                  -      12288    12288 3.185050e+08   9.440673e+05    82.618 (  5681      0)    71.504 (  2891      0)
"a:tl-ae advance_hypervis_dp"                                 -      12288    12288 6.370099e+07   3.275578e+05    34.337 (  8131      0)    21.653 (  7119      0)
"a:hvf-bhwk"                                                  -      12288    12288 6.370099e+07   1.720066e+05    17.861 (  8164      0)    11.648 (  1649      0)
"a:hvf-bexch"                                                 -      12288    12288 1.911030e+08   1.943483e+05    23.592 (  8131      0)    10.779 (  7119      0)
"a:tl-sc vertical_remap"                                      -      12288    12288 3.185050e+07   1.500038e+05    13.007 (   463      0)    11.156 ( 10484      0)
"a:Remap Thickness Functor"                                   -      12288    12288 3.185050e+07   4.016762e+03     0.385 (  3996      0)     0.303 (  9908      0)
"a:Remap Scale States Functor"                                -      12288    12288 3.185050e+07   1.859966e+03     0.178 (  3753      0)     0.139 ( 11204      0)
"a:Remap Compute Grids Functor"                               -      12288    12288 3.185050e+07   1.022388e+04     1.025 (  4391      0)     0.775 (  4948      0)
"a:Remap Compute Remap Functor"                               -      12288    12288 3.185050e+07   1.035118e+05     9.052 (   463      0)     7.576 ( 10484      0)
"a:Remap Rescale States Functor"                              -      12288    12288 3.185050e+07   3.079588e+03     0.380 (  9895      0)     0.207 (  8186      0)
"a:tl-at prim_advec_tracers_compose"                          -      12288    12288 1.061683e+07   3.367731e+05    29.640 (  6028      0)    23.538 (  8174      0)
"a:compose_transport"                                         -      12288    12288 1.061683e+07   3.366365e+05    29.628 (  6028      0)    23.528 (  8174      0)
"a:compose_calc_trajectory"                                   -      12288    12288 1.061683e+07   3.226782e+04     3.168 (  9938      0)     2.255 (   689      0)
"a:compose_3d_levels"                                         -      12288    12288 1.061683e+07   1.738134e+04     1.721 (   772      0)     1.262 ( 10485      0)
"a:compose_v_bexchv"                                          -      12288    12288 1.061683e+07   1.353759e+04     1.691 (  9249      0)     0.709 ( 10097      0)
"a:compose_v2x"                                               -      12288    12288 1.061683e+07   1.306299e+03     0.158 ( 10854      0)     0.095 (  2891      0)
"a:compose_isl"                                               -      12288    12288 1.061683e+07   9.870132e+04    11.307 (  7721      0)     6.156 (   896      0)
"a:compose_hypervis_scalar"                                   -      12288    12288 1.061683e+07   9.559089e+04    11.268 ( 12133      0)     4.826 ( 12287      0)
"a:compose_cedr_global"                                       -      12288    12288 1.061683e+07   8.543773e+04     8.945 (  2532      0)     4.654 (  8183      0)
"a:repro_sum_int"                                             -      12288    12288 1.061683e+07   7.117008e+04     7.785 (  2532      0)     3.494 (  8183      0)
"a:compose_cedr_local"                                        -      12288    12288 1.061683e+07   8.697949e+03     0.855 ( 11163      0)     0.591 ( 10484      0)
"a:compose_dss_q"                                             -      12288    12288 1.061683e+07   1.586405e+04     1.483 (  4223      0)     1.072 (  7698      0)
"a:compose_vertical_remap"                                    -      12288    12288 1.061683e+07   2.548410e+04     2.221 (  3089      0)     1.908 ( 10485      0)
"a:shr_reprosum_INF_NaN_Chk"                                  -      12288    12288 1.061683e+07   3.824927e+02     0.037 (  3547      0)     0.031 (   896      0)
"a:shr_reprosum_int"                                          -      12288    12288 1.061683e+07   1.651308e+04     1.602 (  8495      0)     1.071 (  5007      0)
"a:repro_sum_loopa"                                           -      12288    12288 1.061683e+07   1.966651e+02     0.016 (  3534      0)     0.016 ( 10153      0)
"a:repro_sum_allr_minmax"                                     -      12288    12288 1.061683e+07   1.204082e+04     1.237 (  7930      0)     0.708 (  5007      0)
"a:repro_sum_loopb"                                           -      12288    12288 1.061683e+07   4.853467e+02     0.064 (  3598      0)     0.039 (  7343      0)
"a:repro_sum_allr_i8"                                         -      12288    12288 1.061683e+07   3.726110e+03     0.309 ( 10419      0)     0.276 (  3598      0)
"a:repro_sum_finalsum"                                        -      12288    12288 1.061683e+07   1.307088e+01     0.002 (   816      0)     0.001 ( 11572      0)
"a:EAMxx::homme::run-postcondition-checks"                    -      12288    12288 5.308416e+06   5.764315e+03     0.509 (  8649      0)     0.447 (   236      0)
"a:EAMxx::physics::run"                                       -      12288    12288 5.308416e+06   2.258224e+05    25.193 (  3890      0)    13.099 (  6662      0)
"a:EAMxx::physics::run-precondition-checks"                   -      12288    12288 5.308416e+06   1.473763e+00     0.000 ( 12236      0)     0.000 (  1088      0)
"a:EAMxx::mac_aero_mic::run"                                  -      12288    12288 5.308416e+06   8.022016e+04    10.114 (  3900      0)     4.901 (  6610      0)
"a:EAMxx::mac_aero_mic::run-precondition-checks"              -      12288    12288 5.308416e+06   8.831907e-01     0.000 (   465      0)     0.000 (  8881      0)
"a:EAMxx::tms::run"                                           -      12288    12288 5.308416e+06   8.320392e+02     0.164 (  4391      0)     0.044 ( 11296      0)
"a:EAMxx::tms::run-precondition-checks"                       -      12288    12288 5.308416e+06   7.918478e-01     0.000 (  2463      0)     0.000 (  9349      0)
"a:EAMxx::tms::run-postcondition-checks"                      -      12288    12288 5.308416e+06   4.123180e+02     0.078 (  4391      0)     0.029 (   752      0)
"a:EAMxx::shoc::run"                                          -      12288    12288 5.308416e+06   2.839300e+04     2.708 (  3054      0)     2.134 (  7186      0)
"a:EAMxx::shoc::run-precondition-checks"                      -      12288    12288 5.308416e+06   8.316048e-01     0.000 (  3422      0)     0.000 (  4092      0)
"a:EAMxx::shoc::preprocess"                                   -      12288    12288 5.308416e+06   2.326397e+02     0.157 (  9832      0)     0.005 (  5371      0)
"a:EAMxx::shoc::shoc_main"                                    -      12288    12288 5.308416e+06   1.775621e+04     1.784 (  2453      0)     1.312 (  7053      0)
"a:EAMxx::shoc::postprocess"                                  -      12288    12288 5.308416e+06   1.398825e+02     0.058 ( 10352      0)     0.009 ( 11637      0)
"a:EAMxx::shoc::run-postcondition-checks"                     -      12288    12288 5.308416e+06   6.056402e+03     0.516 (  5331      0)     0.478 (  6586      0)
"a:EAMxx::cld_fraction::run"                                  -      12288    12288 5.308416e+06   1.932662e+03     0.226 (   889      0)     0.151 (  5752      0)
"a:EAMxx::cld_fraction::run-precondition-checks"              -      12288    12288 5.308416e+06   1.676053e+00     0.000 (  3541      0)     0.000 ( 11886      0)
"a:EAMxx::cld_fraction::run-postcondition-checks"             -      12288    12288 5.308416e+06   1.718285e+03     0.154 (  3023      0)     0.134 (  5752      0)
"a:EAMxx::spa::run"                                           -      12288    12288 5.308416e+06   1.241303e+04     1.167 (  5160      0)     0.957 (     6      0)
"a:EAMxx::spa::run-precondition-checks"                       -      12288    12288 5.308416e+06   1.156420e+00     0.000 (  7741      0)     0.000 ( 11886      0)
"a:EAMxx::spa::run-postcondition-checks"                      -      12288    12288 5.308416e+06   7.713420e+03     0.725 (  8965      0)     0.607 (   981      0)
"a:EAMxx::p3::run"                                            -      12288    12288 5.308416e+06   3.645202e+04     6.582 (  5197      0)     1.543 (  6610      0)
"a:EAMxx::p3::run-precondition-checks"                        -      12288    12288 5.308416e+06   5.768454e+02     0.069 (  5471      0)     0.045 (  2228      0)
"a:EAMxx::p3::run-postcondition-checks"                       -      12288    12288 5.308416e+06   1.170676e+04     1.184 (  7215      0)     0.851 (  5726      0)
"a:EAMxx::mac_aero_mic::run-postcondition-checks"             -      12288    12288 5.308416e+06   1.516158e+00     0.000 (  2707      0)     0.000 (  7369      0)
"a:EAMxx::rrtmgp::run"                                        -      12288    12288 5.308416e+06   1.454078e+05    15.865 (  3797      0)     7.511 (  6656      0)
"a:EAMxx::rrtmgp::run-precondition-checks"                    -      12288    12288 5.308416e+06   2.928901e+02     0.028 (  5789      0)     0.022 ( 10914      0)
"a:EAMxx::rrtmgp::run-postcondition-checks"                   -      12288    12288 5.308416e+06   8.355093e+03     0.759 (  4823      0)     0.616 (  2030      0)
"a:EAMxx::physics::run-postcondition-checks"                  -      12288    12288 5.308416e+06   1.129138e+00     0.000 (  5491      0)     0.000 (   303      0)
"a:EAMxx::SurfaceCouplingExporter::run"                       -      12288    12288 5.308416e+06   4.780536e+03     0.438 (  2055      0)     0.353 ( 11612      0)
"a:EAMxx::SurfaceCouplingExporter::run-precondition-checks"   -      12288    12288 5.308416e+06   1.784848e+00     0.000 ( 12279      0)     0.000 (  8560      0)
"a:EAMxx::SurfaceCouplingExporter::run-postcondition-checks"  -      12288    12288 5.308416e+06   2.160536e+00     0.000 (  7128      0)     0.000 (  5500      0)
"a:EAMxx::EAMxx::run-postcondition-checks"                    -      12288    12288 5.308416e+06   9.109317e-01     0.000 (  6797      0)     0.000 (  4200      0)
"a:EAMxx::IO::restart"                                        -      12288    12288 5.308416e+06   6.823397e+01     0.045 ( 10782      0)     0.002 (  3035      0)
"a:EAMxx::IO::model_restart"                                  -      12288    12288 5.308416e+06   6.236375e+01     0.045 ( 10782      0)     0.002 (  5018      0)
"a:EAMxx::IO::restart::get_new_file"                          -      12288    12288 5.308416e+06   8.633764e-01     0.000 ( 10318      0)     0.000 ( 11238      0)
"a:EAMxx::IO::restart::run_output_streams"                    -      12288    12288 5.308416e+06   4.596212e+01     0.043 ( 10782      0)     0.001 (  4298      0)
"a:EAMxx::IO::standard"                                       -      12288    12288 5.308416e+06   1.591917e+01     0.002 ( 11602      0)     0.001 (  2664      0)
"a:EAMxx::IO::nooutput.yaml"                                  -      12288    12288 5.308416e+06   1.143006e+01     0.001 (  8274      0)     0.001 (  2664      0)
"a:EAMxx::IO::standard::get_new_file"                         -      12288    12288 5.308416e+06   3.873029e-01     0.000 (  5211      0)     0.000 (  1448      0)
"a:EAMxx::IO::standard::run_output_streams"                   -      12288    12288 5.308416e+06   9.546302e-01     0.000 (  7372      0)     0.000 (  3753      0)
"CPL:A2C"                                                     -      12288    12288 5.308416e+06   8.289429e+04    12.084 (  5590      0)     0.649 (  3890      0)
"CPL:a2c_atma2atmx"                                           -      12288    12288 5.308416e+06   5.422484e+04    10.879 (  8575      0)     0.254 (  4175      0)
"CPL:a2c_infoexch"                                            -      12288    12288 5.308416e+06   2.865399e+04     8.117 (  6532      0)     0.035 (     0      0)
"CPL:ATMPOST"                                                 -      12288    12288 5.308416e+06   2.776052e+00     0.000 (  1732      0)     0.000 (  8473      0)
"CPL:HISTORY"                                                 -      12288    12288 5.308416e+06   1.400653e+01     0.002 (  9948      0)     0.001 (  9295      0)
"CPL:cime_run_write_history"                                  -      12288    12288 5.308416e+06   1.079404e+01     0.001 (  9948      0)     0.001 ( 10406      0)
"CPL:TSTAMP_WRITE"                                            -      12288    12288 5.308416e+06   3.963844e+00     0.001 (  8448      0)     0.000 (  6222      0)
"CPL:TPROF_WRITE"                                             -      12288    12288 5.308416e+06   1.581787e+00     0.000 (  7938      0)     0.000 (  3211      0)
"CPL:C2O_INITWAIT"                                            -      12288    12288 5.296128e+06   2.228604e+04     3.619 (   204      0)     0.774 ( 10515      0)
"l:interpMonthlyVeg"                                          -      12288    12288 5.296128e+06   5.332325e+04     4.349 (  3816      0)     4.302 (  8858      0)
"l:readMonthlyVeg"                                            -      12288    12288 1.228800e+04   5.331910e+04     4.349 (  3816      0)     4.267 ( 10502      0)
"l:PIO:openfile"                                              -      12288    12288 1.228800e+04   1.613200e+03     0.198 ( 10267      0)     0.038 (  3649      0)
"l:PIO:pio_inq_varid_file_vdesc"                              -      12288    12288 9.830400e+04   2.980184e+01     0.010 (   440      0)     0.000 (  6593      0)
"l:PIO:pio_inq_varid_file_vid"                                -      12288    12288 9.830400e+04   2.976219e+01     0.010 (   440      0)     0.000 (  6593      0)
"l:PIO:pio_inq_varndims_file_vdesc"                           -      12288    12288 9.830400e+04   1.420667e+01     0.162 (  4093      0)     0.000 (  6563      0)
"l:PIO:pio_inq_varndims_file_vid"                             -      12288    12288 9.830400e+04   1.417642e+01     0.162 (  4093      0)     0.000 (  6563      0)
"l:PIO:pio_inq_vardimid_file_vdesc"                           -      12288    12288 9.830400e+04   3.009703e+01     0.005 (   710      0)     0.001 (  6700      0)
"l:PIO:pio_inq_vardimid_file_vid"                             -      12288    12288 9.830400e+04   3.007185e+01     0.005 (   710      0)     0.001 (  6696      0)
"l:PIO:pio_inq_dimname_file_dimid"                            -      12288    12288 8.355840e+05   7.462833e+01     0.013 (  1078      0)     0.002 (  4536      0)
"l:PIO:pio_inq_dimlen_file_dimid"                             -      12288    12288 1.966080e+05   1.262486e+01     0.002 (   709      0)     0.000 (  4536      0)
"l:PIO:pio_inq_dimlen_file_dimid_offlen"                      -      12288    12288 1.966080e+05   1.257870e+01     0.002 (   709      0)     0.000 (  4536      0)
"l:PIO:pio_inquire_file"                                      -      12288    12288 3.686400e+05   2.196243e+01     0.004 (  1074      0)     0.001 (  4539      0)
"l:PIO:pio_inq_ndims_file"                                    -      12288    12288 3.686400e+05   2.188477e+01     0.004 (  1074      0)     0.001 (  4539      0)
"l:PIO:initdecomp"                                            -      12288    12288 1.228800e+04   6.453694e+03     0.525 (  2530      0)     0.524 (   215      0)
"l:PIO:PIOc_initdecomp"                                       -      12288    12288 1.228800e+04   6.453459e+03     0.525 (  2522      0)     0.524 (   212      0)
"l:PIO:box_rearrange_create"                                  -      12288    12288 1.228800e+04   6.436628e+03     0.524 (  9789      0)     0.524 ( 10272      0)
"l:PIO:pio_swapm"                                             -      12288    12288 1.351680e+05   4.938128e+04     4.126 (  5123      0)     2.375 (  1992      0)
"l:PIO:read_darray_3d_double"                                 -      12288    12288 9.830400e+04   4.423053e+04     3.617 (  6708      0)     3.422 (  4093      0)
"l:PIO:PIOc_read_darray"                                      -      12288    12288 9.830400e+04   4.423026e+04     3.617 (  7164      0)     3.422 (  4093      0)
"l:PIO:read_darray_nc"                                        -      12288    12288 9.830400e+04   8.626983e+02     1.640 (  1992      0)     0.000 (  8187      0)
"l:PIO:rearrange_io2comp"                                     -      12288    12288 9.830400e+04   4.331689e+04     3.614 (  4739      0)     1.922 (  1992      0)
"l:PIO:closefile"                                             -      12288    12288 1.228800e+04   1.009607e+01     0.026 (  4092      0)     0.000 (  8003      0)
"l:PIO:PIOc_closefile"                                        -      12288    12288 1.228800e+04   1.007788e+01     0.026 (  4092      0)     0.000 (  8003      0)
"l:surfalb"                                                   -      12288    12288 5.296128e+06   2.044393e+04     2.047 (  8684      0)     1.358 (   606      0)
"l:urbsurfalb"                                                -      12288    12288 5.296128e+06   4.046851e+03     0.373 (   925      0)     0.263 (    98      0)
"CPL:OCNT_RUN"                                                -      12288    12288 5.296128e+06   2.233181e+03     0.259 (     0      0)     0.120 (  1277      0)
"o:DOCN_RUN"                                                  -      12288    12288 5.296128e+06   2.070824e+03     0.190 (  8395      0)     0.107 (  1277      0)
"o:docn_run1"                                                 -      12288    12288 5.296128e+06   4.940932e+00     0.000 (  6923      0)     0.000 (  6871      0)
"o:docn"                                                      -      12288    12288 5.296128e+06   2.054593e+03     0.189 (  7966      0)     0.106 (  1277      0)
"o:docn_strdata_advance"                                      -      12288    12288 5.296128e+06   1.276989e+03     0.121 (  8042      0)     0.042 (  1277      0)
"o:docn_strd_adv_total"                                       -      12288    12288 5.296128e+06   1.270229e+03     0.121 (  8042      0)     0.042 (  1277      0)
"o:docn_strd_adv_readLBUB"                                    -      12288    12288 5.296128e+06   6.060189e+02     0.106 (  7819      0)     0.016 (  1872      0)
"o:docn_readLBUB_setup"                                       -      12288    12288 5.296128e+06   1.625159e+00     0.000 (  8925      0)     0.000 (   444      0)
"o:docn_readLBUB_filemgt"                                     -      12288    12288 5.296128e+06   9.427951e-01     0.000 (  4155      0)     0.000 ( 11161      0)
"o:docn_strd_adv_tint"                                        -      12288    12288 5.296128e+06   6.656801e+01     0.008 (  7679      0)     0.005 ( 10403      0)
"o:docn_scatter"                                              -      12288    12288 5.296128e+06   5.301663e+02     0.050 (  6564      0)     0.040 (   879      0)
"o:docn_datamode"                                             -      12288    12288 5.296128e+06   4.847255e+01     0.005 (  7917      0)     0.004 (  5360      0)
"o:docn_run2"                                                 -      12288    12288 5.296128e+06   6.340892e-01     0.004 (     0      0)     0.000 ( 11844      0)
"CPL:O2CT"                                                    -      12288    12288 5.296128e+06   2.420720e+04     6.805 (  6300      0)     0.027 (  9690      0)
"CPL:o2c_ocno2ocnx"                                           -      12288    12288 5.296128e+06   2.361317e+02     0.021 (  2532      0)     0.017 (  6128      0)
"CPL:o2c_infoexch"                                            -      12288    12288 5.296128e+06   2.396171e+04     6.784 (  6300      0)     0.008 (  9690      0)
"CPL:OCNPOSTT"                                                -      12288    12288 5.296128e+06   2.726309e+00     0.000 ( 11428      0)     0.000 ( 11910      0)
"i:cice_pice_readLBUB_LB_copy"                                -      12288    12288 1.228800e+04   1.235177e-02     0.000 (  1704      0)     0.000 (  6701      0)
"o:docn_readLBUB_fbound"                                      -      12288    12288 1.228800e+04   1.745708e-03     0.000 (     0      0)     0.000 ( 11036      0)
"o:docn_readLBUB_bcast"                                       -      12288    12288 1.228800e+04   1.641344e+02     0.030 (  7819      0)     0.000 (   620      0)
"o:docn_readLBUB_LB_copy"                                     -      12288    12288 1.228800e+04   1.249818e-02     0.000 (  1752      0)     0.000 ( 12028      0)
"o:docn_readLBUB_UB_setup"                                    -      12288    12288 1.228800e+04   5.165667e-03     0.000 (     0      0)     0.000 (  6317      0)
"o:docn_readLBUB_UB_readpio"                                  -      12288    12288 1.228800e+04   4.269757e+02     0.086 (  7775      0)     0.009 (    13      0)
"o:PIO:pio_inq_varid_file_vdesc"                              -      12288    12288 2.457600e+04   1.197920e+01     0.009 ( 11499      0)     0.000 (  7577      0)
"o:PIO:pio_inq_varid_file_vid"                                -      12288    12288 2.457600e+04   1.196471e+01     0.009 ( 11499      0)     0.000 (  7577      0)
"o:PIO:pio_inq_varndims_file_vdesc"                           -      12288    12288 1.228800e+04   2.298408e+00     0.002 ( 10128      0)     0.000 (  1223      0)
"o:PIO:pio_inq_varndims_file_vid"                             -      12288    12288 1.228800e+04   2.287964e+00     0.002 ( 10138      0)     0.000 ( 10131      0)
"o:PIO:pio_inq_vardimid_file_vdesc"                           -      12288    12288 1.228800e+04   7.126665e+00     0.001 (  8450      0)     0.000 (  5297      0)
"o:PIO:pio_inq_vardimid_file_vid"                             -      12288    12288 1.228800e+04   7.116622e+00     0.001 (  8449      0)     0.000 (  5297      0)
"o:PIO:pio_inq_dimlen_file_dimid"                             -      12288    12288 3.686400e+04   4.365606e+00     0.000 (  7273      0)     0.000 (  5298      0)
"o:PIO:pio_inq_dimlen_file_dimid_offlen"                      -      12288    12288 3.686400e+04   4.346037e+00     0.000 (  7273      0)     0.000 (  5298      0)
"o:PIO:pio_inq_vartype_file_vdesc"                            -      12288    12288 1.228800e+04   3.577616e+00     0.001 ( 10132      0)     0.000 (  9155      0)
"o:PIO:pio_inq_vartype_file_vid"                              -      12288    12288 1.228800e+04   3.566949e+00     0.001 ( 10132      0)     0.000 (  1135      0)
"o:PIO:read_darray_1d_real"                                   -      12288    12288 1.228800e+04   3.644280e+02     0.079 (  7799      0)     0.007 (    13      0)
"o:PIO:PIOc_read_darray"                                      -      12288    12288 1.228800e+04   3.643938e+02     0.079 (  7799      0)     0.007 (    13      0)
"o:PIO:read_darray_nc"                                        -      12288    12288 1.228800e+04   2.219395e+01     0.077 (  5508      0)     0.000 (  4958      0)
"o:PIO:rearrange_io2comp"                                     -      12288    12288 1.228800e+04   3.390834e+02     0.079 (  7799      0)     0.000 (     0      0)
"o:PIO:pio_swapm"                                             -      12288    12288 1.228800e+04   3.388347e+02     0.079 (  7799      0)     0.000 (     0      0)
"o:docn_strd_adv_fill"                                        -      12288    12288 1.228800e+04   1.660702e+00     0.000 (  2424      0)     0.000 (  9472      0)
"o:docn_strd_adv_map"                                         -      12288    12288 1.228800e+04   5.655923e+02     0.074 (     1      0)     0.000 (  1291      0)
"CPL:RUN_LOOP_BSTOP"                                          -      12288    12288 1.228800e+04   1.937720e+01     0.002 (  1600      0)     0.000 (  2771      0)
"CPL:FINAL"                                                   -      12288    12288 1.228800e+04   2.805059e+03     0.229 (     0      0)     0.227 (  4051      0)
"CPL:cime_final"                                              -      12288    12288 1.228800e+04   2.805042e+03     0.229 (     0      0)     0.227 (  4051      0)
"o_f:DOCN_FINAL"                                              -      12288    12288 1.228800e+04   3.254991e-03     0.000 (     0      0)     0.000 (  3363      0)
"a_f:EAMxx::finalize"                                         y      12288    12288 1.228800e+04   1.727704e+03     0.206 (  4745      0)     0.104 (  7940      0)
"a_f:PIO:PIOc_sync"                                           -      12288    12288 1.228800e+04   2.619938e-01     0.000 (  9108      0)     0.000 (  6909      0)
"a_f:PIO:write_total"                                         -      12288    12288 2.457600e+04   3.890414e+00     0.027 (  5148      0)     0.000 (  6909      0)
"a_f:PIO:flush_output_buffer"                                 -       1024     1024 2.048000e+03   1.296934e-01     0.000 (  9108      0)     0.000 ( 11784      0)
"a_f:PIO:PIOc_closefile"                                      -      12288    12288 2.457600e+04   5.562015e+01     0.077 ( 10008      0)     0.000 (   254      0)
"a_f:PIO:PIOc_closefile_write_mode"                           -      12288    12288 1.228800e+04   3.648465e+00     0.026 (  5148      0)     0.000 (  3306      0)
"a_f:PIO:PIOc_freedecomp"                                     -      12288    12288 1.597440e+05   1.691751e+00     0.001 (  2268      0)     0.000 ( 10983      0)
"PIO:finalize"                                                -      12288    12288 1.228800e+05   5.731544e+02     0.102 (  4609      0)     0.002 (  7217      0)
"PIO:PIOc_finalize"                                           -      12288    12288 1.228800e+05   5.698536e+02     0.102 (  4609      0)     0.002 (  7217      0)
"CPL:FINAL_sync1_tprf"                                        -      12288    12288 1.228800e+04   1.069102e+01     0.001 (   104      0)     0.000 (     0      0)
"CPL:FINAL_t_prf"                                             y          0        0 0.000000e+00   0.000000e+00     0.000 (     0      0)     0.000 (     0      0)

