
***** GLOBAL STATISTICS ( 24576 MPI TASKS) *****

$Id: gptl.c,v 1.157 2011-03-28 20:55:18 rosinski Exp $
'count' is cumulative. All other stats are max/min
'on' indicates whether the timer was active during output, and so stats are lower or upper bounds.

name                                                         on  processes  threads        count      walltotal   wallmax (proc   thrd  )   wallmin (proc   thrd  )
"CPL:INIT"                                                    -      24576    24576 2.457600e+04   1.058916e+08  4459.319 (  1971      0)  4251.719 (  9289      0)
"CPL:cime_pre_init1"                                          -      24576    24576 2.457600e+04   1.647704e+06   217.713 (  1968      0)    10.018 (  8604      0)
"CPL:mpi_init"                                                -      24576    24576 2.457600e+04   1.435820e+06   209.110 (  1968      0)     1.422 (  8612      0)
"CPL:ESMF_Initialize"                                         -      24576    24576 2.457600e+04   5.527567e+02     0.105 ( 18931      0)     0.000 (   297      0)
"CPL:cime_pre_init2"                                          -      24576    24576 2.457600e+04   1.597128e+05     6.613 ( 10682      0)     6.329 (    60      0)
"CPL:seq_infodata_init"                                       -      24576    24576 2.457600e+04   9.658448e+03     1.428 (  4321      0)     0.001 (  1430      0)
"CPL:seq_timemgr_clockInit"                                   -      24576    24576 2.457600e+04   1.885203e+03     0.191 (  2716      0)     0.022 (  2422      0)
"CPL:cime_init"                                               -      24576    24576 2.457600e+04   1.040836e+08  4235.374 ( 13906      0)  4234.964 (  5186      0)
"CPL:init_comps"                                              -      24576    24576 2.457600e+04   1.040600e+08  4234.414 (    10      0)  4234.087 ( 10686      0)
"CPL:comp_init_pre_all"                                       -      24576    24576 2.457600e+04   2.230076e+00     0.022 ( 15064      0)     0.000 ( 19708      0)
"comp_init_cc_iac"                                            -      24576    24576 2.457600e+04   4.660132e+02     0.074 (  6216      0)     0.001 ( 19414      0)
"z_i:comp_init"                                               -      24576    24576 2.457600e+04   3.796452e+00     0.029 (  7437      0)     0.000 ( 23232      0)
"CPL:comp_init_cc_atm"                                        -      24576    24576 2.457600e+04   8.795217e+07  3579.259 (  7032      0)  3578.498 ( 17611      0)
"a_i:comp_init"                                               -      24576    24576 4.915200e+04   8.794553e+07  3578.766 (    48      0)  3578.362 ( 10724      0)
"a_i:EAMxx::init"                                             -      24576    24576 1.720320e+05   8.784351e+07  3576.482 (  1200      0)  3569.418 ( 13625      0)
"a_i:EAMxx::create_output_managers"                           -      24576    24576 2.457600e+04   6.354601e+02     0.239 ( 15694      0)     0.000 (  8364      0)
"a_i:EAMxx::create_atm_processes"                             -      24576    24576 2.457600e+04   3.327525e+04     1.858 (   442      0)     0.682 ( 15372      0)
"a_i:EAMxx::create_grids"                                     -      24576    24576 2.457600e+04   8.403587e+07  3419.869 (    10      0)  3419.158 ( 13781      0)
"a_i:EAMxx::build_grids"                                      -      24576    24576 2.457600e+04   8.398352e+07  3417.410 (  4040      0)  3416.893 ( 10477      0)
"a_i:PartitioningTime"                                        -      24576    24576 2.457600e+04   7.948258e-03     0.000 ( 20163      0)     0.000 ( 13568      0)
"a_i:repro_sum_int"                                           -      24576    24576 2.457600e+04   6.094152e+03     0.837 ( 11249      0)     0.104 ( 15062      0)
"a_i:PIO:spio_get_att_tc"                                     -      24576    24576 2.678784e+06   1.760687e+03     0.203 ( 11702      0)     0.022 ( 23016      0)
"a_i:PIO:spio_get_vars_tc"                                    -      24576    24576 4.915200e+05   4.946571e+03     0.507 ( 17533      0)     0.154 ( 13912      0)
"a_i:PIO:PIOc_closefile"                                      -      24576    24576 3.194880e+05   3.512419e+03     4.158 ( 18456      0)     0.000 ( 18646      0)
"a_i:EAMxx::SurfaceCouplingImporter::set_grids"               -      24576    24576 2.457600e+04   8.831664e+01     0.086 (  1215      0)     0.000 (  9949      0)
"a_i:EAMxx::homme::set_grids"                                 -      24576    24576 2.457600e+04   1.125219e+04     0.725 (  7943      0)     0.345 (  6890      0)
"a_i:EAMxx::physics::set_grids"                               -      24576    24576 2.457600e+04   3.099984e+04     1.382 (   360      0)     0.957 (   313      0)
"a_i:EAMxx::mac_aero_mic::set_grids"                          -      24576    24576 2.457600e+04   1.836050e+04     0.881 ( 18662      0)     0.505 ( 13633      0)
"a_i:EAMxx::tms::set_grids"                                   -      24576    24576 2.457600e+04   2.725521e+01     0.017 ( 17470      0)     0.001 ( 12052      0)
"a_i:EAMxx::shoc::set_grids"                                  -      24576    24576 2.457600e+04   1.803828e+02     0.158 (  3910      0)     0.000 ( 17734      0)
"a_i:EAMxx::cld_fraction::set_grids"                          -      24576    24576 2.457600e+04   8.937296e+01     0.112 ( 14778      0)     0.000 ( 18966      0)
"a_i:EAMxx::spa::set_grids"                                   -      24576    24576 2.457600e+04   1.747913e+04     0.841 (   360      0)     0.220 (  6603      0)
"a_i:EAMxx::p3::set_grids"                                    -      24576    24576 2.457600e+04   8.558928e+01     0.064 ( 23041      0)     0.000 ( 10236      0)
"a_i:EAMxx::rrtmgp::set_grids"                                -      24576    24576 2.457600e+04   1.204341e+04     0.544 ( 16320      0)     0.398 (  8761      0)
"a_i:EAMxx::SurfaceCouplingExporter::set_grids"               -      24576    24576 2.457600e+04   4.494693e+02     0.103 ( 12206      0)     0.002 ( 24372      0)
"a_i:EAMxx::create_fields"                                    -      24576    24576 2.457600e+04   3.142860e+03     0.180 ( 19264      0)     0.100 ( 24372      0)
"a_i:EAMxx::initialize_fields"                                -      24576    24576 2.457600e+04   1.403351e+06    57.251 (  3168      0)    56.839 (  5354      0)
"a_i:PIO:PIOc_initdecomp"                                     -      24576    24576 3.194880e+05   3.767030e+05    15.382 ( 20757      0)    15.215 ( 10070      0)
"a_i:PIO:box_rearrange_create"                                -      24576    24576 3.194880e+05   3.720344e+05    15.142 (   206      0)    14.952 (  2972      0)
"a_i:PIO:pio_swapm"                                           -      24576    24576 1.499136e+06   8.061651e+05    38.620 (     9      0)    10.779 ( 11196      0)
"a_i:PIO:PIOc_read_darray"                                    -      24576    24576 5.406720e+05   6.091598e+05    27.020 ( 21724      0)    21.976 ( 10431      0)
"a_i:PIO:read_darray_nc"                                      -      24576    24576 5.406720e+05   3.543556e+04    23.944 (  6192      0)     0.000 (  6558      0)
"a_i:PIO:rearrange_io2comp"                                   -      24576    24576 5.406720e+05   5.175301e+05    26.431 (    10      0)     0.454 ( 11196      0)
"a_i:EAMxx::initialize_atm_procs"                             -      24576    24576 2.457600e+04   2.343176e+06    97.394 ( 13754      0)    90.398 (  9852      0)
"a_i:EAMxx::SurfaceCouplingImporter::init"                    -      24576    24576 2.457600e+04   5.967124e+02     0.209 ( 12435      0)     0.000 ( 11424      0)
"a_i:EAMxx::homme::init"                                      -      24576    24576 2.457600e+04   3.924083e+05    17.853 (  2227      0)    12.422 (  7598      0)
"a_i:compose_init"                                            -      24576    24576 2.457600e+04   9.525132e+03     0.987 (  7766      0)     0.009 ( 10140      0)
"a_i:sl_init1"                                                -      24576    24576 2.457600e+04   6.400206e+03     1.030 (  8717      0)     0.120 ( 21380      0)
"a_i:EAMxx::tms::init"                                        -      24576    24576 2.457600e+04   1.262580e+02     0.094 ( 23968      0)     0.000 ( 15775      0)
"a_i:EAMxx::shoc::init"                                       -      24576    24576 2.457600e+04   1.362966e+04     1.725 ( 10521      0)     0.001 (  3130      0)
"a_i:EAMxx::cld_fraction::init"                               -      24576    24576 2.457600e+04   9.191139e+02     0.284 ( 13112      0)     0.000 ( 18774      0)
"a_i:EAMxx::spa::init"                                        -      24576    24576 2.457600e+04   1.729852e+06    81.829 ( 12050      0)    69.000 (  2223      0)
"a_i:EAMxx::p3::init"                                         -      24576    24576 2.457600e+04   1.873122e+04     1.332 (  8753      0)     0.043 ( 10178      0)
"a_i:EAMxx::rrtmgp::init"                                     -      24576    24576 2.457600e+04   1.801392e+05     9.243 (  4860      0)     0.051 ( 12050      0)
"a_i:EAMxx::SurfaceCouplingExporter::init"                    -      24576    24576 2.457600e+04   5.570532e+02     0.099 ( 14141      0)     0.002 ( 18494      0)
"a_i:EAMxx::initialize_output_managers"                       -      24576    24576 2.457600e+04   2.405284e+04     1.145 (  6192      0)     0.847 ( 10729      0)
"a_i:EAMxx::IO::standard"                                     -      24576    24576 2.457600e+04   1.792305e+04     1.087 ( 12540      0)     0.379 (  6769      0)
"a_i:EAMxx::IO::nooutput.yaml"                                -      24576    24576 2.457600e+04   1.792302e+04     1.087 ( 12540      0)     0.379 (  6769      0)
"a_i:EAMxx::IO::standard::get_new_file"                       -      24576    24576 2.457600e+04   1.779856e+04     1.037 ( 12540      0)     0.377 (  2423      0)
"a_i:PIO:PIOc_createfile"                                     -      24576    24576 2.457600e+04   1.484678e+04     0.888 (  3354      0)     0.266 ( 10164      0)
"a_i:PIO:write_total"                                         -      24576    24576 8.110080e+05   1.525186e+04     0.973 ( 18240      0)     0.272 (  2423      0)
"a_i:PIO:spio_put_att_tc"                                     -      24576    24576 7.372800e+05   2.683643e+00     0.013 ( 17220      0)     0.000 ( 24574      0)
"a_i:PIO:spio_put_vars_tc"                                    -      24576    24576 2.457600e+04   3.167490e+02     0.045 (   924      0)     0.000 ( 13120      0)
"a_i:PIO:flush_output_buffer"                                 -       2048     2048 4.096000e+03   1.528453e+02     0.081 ( 13452      0)     0.042 ( 11028      0)
"a_i:EAMxx::IO::standard::run_output_streams"                 -      24576    24576 2.457600e+04   3.710100e-03     0.000 ( 13157      0)     0.000 (   204      0)
"a_i:EAMxx::IO::standard::update_snapshot_tally"              -      24576    24576 2.457600e+04   1.243418e+02     0.051 ( 11352      0)     0.000 (  1034      0)
"a_i:PIO:PIOc_sync"                                           -      24576    24576 2.457600e+04   8.568810e+01     0.042 ( 20004      0)     0.000 ( 22289      0)
"CPL:comp_init_cc_lnd"                                        -      24576    24576 2.457600e+04   1.243041e+07   506.379 ( 13601      0)   505.409 (  7852      0)
"l_i:comp_init"                                               -      24576    24576 2.457600e+04   1.242137e+07   506.150 ( 12800      0)   504.905 ( 10856      0)
"l_i:elm_init1"                                               -      24576    24576 2.457600e+04   5.531662e+06   225.642 ( 15373      0)   224.666 ( 18958      0)
"l_i:PIO:openfile"                                            -      24576    24576 5.652480e+05   1.446205e+05     9.495 (  3155      0)     3.366 ( 19749      0)
"l_i:PIO:pio_inq_dimid_file_dimid"                            -      24576    24576 1.523712e+06   7.012546e+03     0.697 ( 18023      0)     0.028 (     0      0)
"l_i:PIO:pio_inq_dimlen_file_dimid"                           -      24576    24576 8.847360e+06   1.178853e+03     0.105 ( 13816      0)     0.016 (  8204      0)
"l_i:PIO:pio_inq_dimlen_file_dimid_offlen"                    -      24576    24576 8.847360e+06   1.176838e+03     0.105 ( 13816      0)     0.016 (  8204      0)
"l_i:PIO:pio_inq_varid_file_vdesc"                            -      24576    24576 1.140326e+07   1.833884e+05    21.161 ( 17908      0)     0.086 (     0      0)
"l_i:PIO:pio_inq_varid_file_vid"                              -      24576    24576 1.140326e+07   1.828926e+05    21.161 ( 17908      0)     0.057 (     0      0)
"l_i:PIO:get_var_1d_int"                                      -      24576    24576 1.474560e+05   1.642241e+04     0.920 ( 13056      0)     0.381 ( 18238      0)
"l_i:PIO:spio_get_vars_tc"                                    -      24576    24576 4.890624e+06   6.850283e+04     3.333 ( 18996      0)     2.531 (   827      0)
"l_i:PIO:closefile"                                           -      24576    24576 4.915200e+05   2.377241e+03     1.550 (   276      0)     0.001 (     7      0)
"l_i:PIO:PIOc_closefile"                                      -      24576    24576 4.915200e+05   2.375726e+03     1.550 (   276      0)     0.001 (     7      0)
"l_i:PIO:pio_inq_varndims_file_vdesc"                         -      24576    24576 5.431296e+06   3.212816e+03     6.075 (  5607      0)     0.016 (  8207      0)
"l_i:PIO:pio_inq_varndims_file_vid"                           -      24576    24576 5.431296e+06   3.211202e+03     6.075 (  5607      0)     0.016 (  8207      0)
"l_i:PIO:pio_inq_vardimid_file_vdesc"                         -      24576    24576 5.431296e+06   2.416441e+03     0.138 ( 23460      0)     0.031 (  8202      0)
"l_i:PIO:pio_inq_vardimid_file_vid"                           -      24576    24576 5.431296e+06   2.414933e+03     0.138 ( 23466      0)     0.031 (  8196      0)
"l_i:PIO:pio_inq_dimname_file_dimid"                          -      24576    24576 1.953792e+07   3.355929e+03     0.196 ( 23499      0)     0.045 (  8188      0)
"l_i:PIO:initdecomp"                                          -      24576    24576 6.389760e+05   5.675731e+05    23.791 (  1591      0)    22.567 ( 14772      0)
"l_i:PIO:PIOc_initdecomp"                                     -      24576    24576 6.389760e+05   5.673919e+05    23.790 (   296      0)    22.553 ( 14772      0)
"l_i:PIO:box_rearrange_create"                                -      24576    24576 6.389760e+05   5.424779e+05    22.078 ( 22261      0)    22.058 ( 14782      0)
"l_i:PIO:pio_swapm"                                           -      24576    24576 7.299072e+06   7.534106e+06   328.654 (  8195      0)    98.846 (  3252      0)
"l_i:PIO:read_darray_1d_double"                               -      24576    24576 2.015232e+06   2.196003e+06    90.216 (  8195      0)    82.927 ( 17468      0)
"l_i:PIO:PIOc_read_darray"                                    -      24576    24576 5.382144e+06   7.395691e+06   307.894 (  8195      0)   287.711 ( 22516      0)
"l_i:PIO:read_darray_nc"                                      -      24576    24576 5.382144e+06   3.605873e+05   227.525 (  3252      0)     0.000 (   196      0)
"l_i:PIO:rearrange_io2comp"                                   -      24576    24576 5.382144e+06   7.027338e+06   307.739 (  8195      0)    78.972 (  3252      0)
"l_i:PIO:pio_inquire_file"                                    -      24576    24576 7.077888e+06   8.320132e+02     0.096 (  7436      0)     0.009 (  8203      0)
"l_i:PIO:pio_inq_ndims_file"                                  -      24576    24576 7.077888e+06   8.302969e+02     0.096 (  7436      0)     0.009 (  8203      0)
"l_i:PIO:read_darray_1d_int"                                  -      24576    24576 1.720320e+05   2.637788e+05    10.888 (  9551      0)    10.658 (  4544      0)
"l_i:PIO:read_darray_3d_double"                               -      24576    24576 4.423680e+05   1.975530e+05     8.168 (  8207      0)     7.419 (  8185      0)
"l_i:PIO:read_darray_3d_int"                                  -      24576    24576 2.457600e+04   6.810477e+03     0.294 (  9168      0)     0.245 (  4129      0)
"l_i:PIO:read_darray_4d_double"                               -      24576    24576 3.440640e+05   8.074936e+05    32.915 (  8206      0)    32.264 (  8188      0)
"l_i:PIO:get_var_1d_text"                                     -      24576    24576 4.915200e+04   8.018562e+02     0.076 (  4669      0)     0.011 ( 22488      0)
"l_i:PIO:get_var_1d_double"                                   -      24576    24576 3.538944e+06   5.287366e+03     0.519 ( 19668      0)     0.100 (  1626      0)
"l_i:PIO:get_var_0d_double"                                   -      24576    24576 2.457600e+05   1.942784e+03     0.148 ( 21408      0)     0.002 (  8371      0)
"l_i:PIO:read_darray_2d_double"                               -      24576    24576 2.285568e+06   3.910596e+06   164.975 (  8195      0)   146.489 ( 23893      0)
"l_i:PIO:read_darray_2d_int"                                  -      24576    24576 9.830400e+04   1.347205e+04     0.618 (  2567      0)     0.470 ( 20260      0)
"l_i:gather_1darray_int_total"                                -      24576    24576 1.228800e+05   5.988439e+04     3.430 (     0      0)     1.666 (    39      0)
"l_i:scatter_1darray_int_total"                               -      24576    24576 1.228800e+05   8.173173e+04     3.798 (    60      0)     2.111 (     0      0)
"l_i:init_filters"                                            -      24576    24576 2.457600e+04   3.207943e+03     0.264 (  5976      0)     0.000 ( 11589      0)
"l_i:elm_init2"                                               -      24576    24576 2.457600e+04   6.827630e+06   278.478 ( 12800      0)   277.524 (  2486      0)
"l_i:init_orbd"                                               -      24576    24576 2.457600e+04   1.103640e+03     0.195 ( 19680      0)     0.000 ( 17847      0)
"l_i:PIO:get_var_0d_int"                                      -      24576    24576 5.160960e+05   1.590440e+04     6.372 (  8221      0)     0.566 (   824      0)
"l_i:PIO:get_var_2d_double"                                   -      24576    24576 2.949120e+05   2.400213e+04     1.030 (     0      0)     0.936 (  8759      0)
"l_i:PIO:get_var_3d_double"                                   -      24576    24576 9.830400e+04   1.358769e+04     0.582 (  3624      0)     0.531 ( 22931      0)
"l_i:init_accflds"                                            -      24576    24576 2.457600e+04   9.312290e+02     0.101 ( 23102      0)     0.000 (  3120      0)
"l_i:init_dyn_subgrid"                                        -      24576    24576 2.457600e+04   2.179278e+03     0.166 ( 11051      0)     0.001 ( 11940      0)
"l_i:subgridRest_write-read"                                  -      24576    24576 2.457600e+04   1.011380e+06    41.167 ( 16248      0)    41.125 (  1306      0)
"l_i:init_map2gc"                                             -      24576    24576 2.457600e+04   3.300464e+02     0.153 (   385      0)     0.000 (   339      0)
"l_i:init_elm_interface_data & pflotran"                      -      24576    24576 2.457600e+04   5.647398e-03     0.000 (  6578      0)     0.000 ( 20532      0)
"l_i:init_wlog"                                               -      24576    24576 2.457600e+04   4.756853e-01     0.016 ( 13597      0)     0.000 ( 16593      0)
"l_i:elm_init3"                                               -      24576    24576 2.457600e+04   1.021864e+02     0.088 (   797      0)     0.000 (     0      0)
"CPL:comp_init_cc_rof"                                        -      24576    24576 2.457600e+04   2.482142e+03     0.212 ( 19644      0)     0.005 ( 22694      0)
"r_i:comp_init"                                               -      24576    24576 2.457600e+04   1.375969e+03     0.112 ( 17142      0)     0.000 (  3884      0)
"CPL:comp_init_cc_ocn"                                        -      24576    24576 2.457600e+04   1.347691e+06    54.896 (   249      0)    54.514 ( 12798      0)
"o_i:comp_init"                                               -      24576    24576 2.457600e+04   1.345217e+06    54.892 (     8      0)    54.363 ( 13607      0)
"o_i:docn_readnml"                                            -      24576    24576 2.457600e+04   4.120840e+04     1.775 (   243      0)     1.381 ( 13604      0)
"o_i:DOCN_INIT"                                               -      24576    24576 2.457600e+04   1.303279e+06    53.135 (  6928      0)    52.850 (  2722      0)
"o_i:docn_strdata_init"                                       -      24576    24576 2.457600e+04   1.260328e+06    51.470 ( 19039      0)    51.035 ( 11823      0)
"o_i:PIO:initdecomp"                                          -      24576    24576 7.372800e+04   5.008605e+04     2.100 (    18      0)     1.974 (     0      0)
"o_i:PIO:PIOc_initdecomp"                                     -      24576    24576 7.372800e+04   5.008573e+04     2.099 (    14      0)     1.974 (     0      0)
"o_i:PIO:box_rearrange_create"                                -      24576    24576 7.372800e+04   4.843168e+04     1.971 (     8      0)     1.971 ( 24569      0)
"o_i:PIO:pio_swapm"                                           -      24576    24576 2.703360e+05   4.849397e+04     2.209 ( 14170      0)     1.621 (     0      0)
"o_i:docn_initgsmaps"                                         -      24576    24576 2.457600e+04   2.675027e+01     0.002 (   360      0)     0.001 (   223      0)
"o_i:docn_initmctdom"                                         -      24576    24576 2.457600e+04   5.823153e+02     0.230 ( 22814      0)     0.000 (   953      0)
"o_i:docn_initmctavs"                                         -      24576    24576 2.457600e+04   1.719336e+02     0.113 ( 12793      0)     0.000 (   953      0)
"o_i:DOCN_RUN"                                                -      24576    24576 2.457600e+04   4.172160e+04     1.946 ( 11299      0)     1.472 (  2371      0)
"o_i:docn_run1"                                               -      24576    24576 2.457600e+04   2.600698e-02     0.000 (   728      0)     0.000 (  6439      0)
"o_i:docn"                                                    -      24576    24576 2.457600e+04   4.172146e+04     1.946 ( 11299      0)     1.472 (  2371      0)
"o_i:docn_strdata_advance"                                    -      24576    24576 2.457600e+04   4.113093e+04     1.932 (   348      0)     1.468 (  2371      0)
"o_i:docn_strd_adv_total"                                     -      24576    24576 2.457600e+04   4.113086e+04     1.932 (   348      0)     1.468 (  2371      0)
"o_i:docn_strd_adv_readLBUB"                                  -      24576    24576 2.457600e+04   3.906681e+04     1.885 ( 14089      0)     1.462 (  2762      0)
"o_i:docn_readLBUB_setup"                                     -      24576    24576 2.457600e+04   4.658702e+01     0.061 ( 23374      0)     0.000 (   679      0)
"o_i:docn_readLBUB_fbound"                                    -      24576    24576 2.457600e+04   1.098028e+00     1.095 (     0      0)     0.000 ( 24376      0)
"o_i:docn_readLBUB_bcast"                                     -      24576    24576 2.457600e+04   2.781445e+04     1.383 ( 13812      0)     0.000 (     0      0)
"o_i:docn_readLBUB_LB_setup"                                  -      24576    24576 2.457600e+04   1.980111e-02     0.000 (     0      0)     0.000 ( 16654      0)
"o_i:docn_readLBUB_LB_readpio"                                -      24576    24576 2.457600e+04   8.009252e+03     0.417 (  4891      0)     0.246 ( 23107      0)
"o_i:PIO:openfile"                                            -      24576    24576 2.457600e+04   5.000690e+03     0.247 (  5880      0)     0.166 (  8441      0)
"o_i:PIO:pio_inq_varid_file_vdesc"                            -      24576    24576 9.830400e+04   1.281587e+01     0.001 ( 22262      0)     0.000 (  6382      0)
"o_i:PIO:pio_inq_varid_file_vid"                              -      24576    24576 9.830400e+04   1.276297e+01     0.001 ( 22262      0)     0.000 (  6381      0)
"o_i:PIO:pio_inq_varndims_file_vdesc"                         -      24576    24576 4.915200e+04   3.657974e+01     0.061 ( 22860      0)     0.000 ( 20345      0)
"o_i:PIO:pio_inq_varndims_file_vid"                           -      24576    24576 4.915200e+04   3.654531e+01     0.061 ( 22860      0)     0.000 ( 20345      0)
"o_i:PIO:pio_inq_vardimid_file_vdesc"                         -      24576    24576 4.915200e+04   2.511225e+01     0.001 ( 12302      0)     0.001 ( 20349      0)
"o_i:PIO:pio_inq_vardimid_file_vid"                           -      24576    24576 4.915200e+04   2.508473e+01     0.001 ( 12302      0)     0.001 ( 20349      0)
"o_i:PIO:pio_inq_dimlen_file_dimid"                           -      24576    24576 1.474560e+05   1.548703e+01     0.001 ( 12567      0)     0.000 ( 20173      0)
"o_i:PIO:pio_inq_dimlen_file_dimid_offlen"                    -      24576    24576 1.474560e+05   1.543626e+01     0.001 ( 12569      0)     0.000 ( 17106      0)
"o_i:PIO:pio_inq_vartype_file_vdesc"                          -      24576    24576 4.915200e+04   1.165897e+01     0.001 ( 18615      0)     0.000 ( 10358      0)
"o_i:PIO:pio_inq_vartype_file_vid"                            -      24576    24576 4.915200e+04   1.163197e+01     0.001 ( 18615      0)     0.000 ( 10358      0)
"o_i:PIO:read_darray_1d_real"                                 -      24576    24576 4.915200e+04   3.848116e+03     0.273 (  7988      0)     0.046 (   927      0)
"o_i:PIO:PIOc_read_darray"                                    -      24576    24576 4.915200e+04   3.847840e+03     0.273 (  7988      0)     0.046 (   927      0)
"o_i:PIO:read_darray_nc"                                      -      24576    24576 4.915200e+04   2.233336e+02     0.227 (    24      0)     0.000 ( 23896      0)
"o_i:PIO:rearrange_io2comp"                                   -      24576    24576 4.915200e+04   3.064941e+03     0.245 (    33      0)     0.002 ( 12564      0)
"o_i:docn_readLBUB_UB_setup"                                  -      24576    24576 2.457600e+04   3.230965e-02     0.000 (     0      0)     0.000 (  5819      0)
"o_i:docn_readLBUB_UB_readpio"                                -      24576    24576 2.457600e+04   2.749728e+03     0.202 (  5748      0)     0.015 (  1173      0)
"o_i:docn_readLBUB_filemgt"                                   -      24576    24576 2.457600e+04   5.211495e-03     0.000 ( 23592      0)     0.000 ( 11239      0)
"o_i:docn_strd_adv_fill"                                      -      24576    24576 2.457600e+04   2.006019e+01     0.005 ( 18286      0)     0.000 ( 17285      0)
"o_i:docn_strd_adv_map"                                       -      24576    24576 2.457600e+04   1.697485e+03     0.126 (  2266      0)     0.000 ( 21051      0)
"o_i:docn_strd_adv_tint"                                      -      24576    24576 2.457600e+04   2.645344e+02     0.065 ( 19210      0)     0.000 (   926      0)
"o_i:docn_scatter"                                            -      24576    24576 2.457600e+04   1.672383e+02     0.051 ( 13243      0)     0.000 ( 13364      0)
"o_i:docn_datamode"                                           -      24576    24576 2.457600e+04   1.581344e+02     0.045 ( 17685      0)     0.000 ( 14916      0)
"o_i:docn_run2"                                               -      24576    24576 2.457600e+04   5.708032e-03     0.000 (     0      0)     0.000 ( 13037      0)
"CPL:comp_init_cc_ice"                                        -      24576    24576 2.457600e+04   2.168809e+06    88.649 ( 20921      0)    88.231 (  1742      0)
"i_i:comp_init"                                               -      24576    24576 2.457600e+04   2.166554e+06    88.629 ( 20921      0)    88.049 ( 19528      0)
"i_i:cice_init"                                               -      24576    24576 2.457600e+04   3.994128e+05    16.880 ( 16883      0)    15.551 (  3970      0)
"i_i:ice_HaloUpdate2DR8"                                      -      24576    24576 9.830400e+04   2.169847e+02     0.600 (     2      0)     0.000 (  4641      0)
"i_i:ice_HU2DR8_init"                                         -      24576    24576 9.830400e+04   1.029801e-01     0.001 ( 20476      0)     0.000 ( 10414      0)
"i_i:state_bound_h1"                                          -      24576    24576 2.457600e+04   6.235803e+03     1.163 (  8963      0)     0.000 (  9681      0)
"i_i:ice_HaloUpdate3DR8"                                      -      24576    24576 1.228800e+05   5.330561e+03     1.163 (  8963      0)     0.000 ( 12171      0)
"i_i:ice_HU3DR8_init"                                         -      24576    24576 1.228800e+05   8.579827e+02     0.483 ( 12384      0)     0.000 ( 10814      0)
"i_i:ice_HU3DR8_recvall"                                      -      24576    24576 1.228800e+05   7.963210e+02     1.162 (  8963      0)     0.000 (  3403      0)
"i_i:state_bound_hm"                                          -      24576    24576 2.457600e+04   1.196706e-01     0.000 (  2364      0)     0.000 ( 14296      0)
"i_i:state_bound_hc"                                          -      24576    24576 2.457600e+04   2.463256e+02     0.664 ( 19661      0)     0.000 ( 10104      0)
"i_i:state_bound_h2"                                          -      24576    24576 2.457600e+04   1.147383e+03     1.130 ( 18829      0)     0.000 ( 24191      0)
"i_i:ice_HaloUpdate4DR8"                                      -      24576    24576 2.457600e+04   8.420649e+01     1.130 ( 18829      0)     0.000 ( 24191      0)
"i_i:ice_HU4DR8_init"                                         -      24576    24576 2.457600e+04   2.274498e+01     0.150 ( 13450      0)     0.000 ( 13752      0)
"i_i:ice_HU4DR8_recvall"                                      -      24576    24576 2.457600e+04   4.666158e+01     1.130 ( 18829      0)     0.000 (  1804      0)
"i_i:state_bound_hd"                                          -      24576    24576 2.457600e+04   1.758903e-02     0.000 ( 17022      0)     0.000 (  4284      0)
"i_i:cice_mct_init"                                           -      24576    24576 2.457600e+04   1.763221e+06    72.668 ( 20920      0)    71.127 (  8966      0)
"i_i:PIO:initdecomp"                                          -      24576    24576 7.372800e+04   5.005894e+04     2.098 (     2      0)     1.972 (     0      0)
"i_i:PIO:PIOc_initdecomp"                                     -      24576    24576 7.372800e+04   5.005853e+04     2.098 (     2      0)     1.972 (     0      0)
"i_i:PIO:box_rearrange_create"                                -      24576    24576 7.372800e+04   4.833677e+04     1.969 (  1388      0)     1.967 ( 24569      0)
"i_i:PIO:pio_swapm"                                           -      24576    24576 2.211840e+05   4.533654e+04     1.960 ( 10236      0)     1.606 (  6131      0)
"CPL:comp_init_cc_glc"                                        -      24576    24576 2.457600e+04   5.537917e+01     0.006 ( 20916      0)     0.001 ( 15570      0)
"g_i:comp_init"                                               -      24576    24576 2.457600e+04   4.929195e-02     0.001 ( 20918      0)     0.000 ( 21185      0)
"CPL:comp_init_cc_wav"                                        -      24576    24576 2.457600e+04   5.176769e+01     0.003 ( 15019      0)     0.001 (  1890      0)
"w_i:comp_init"                                               -      24576    24576 2.457600e+04   1.831423e-02     0.000 (  7735      0)     0.000 (  5174      0)
"CPL:comp_init_cc_esp"                                        -      24576    24576 2.457600e+04   1.286264e+02     0.033 ( 21117      0)     0.001 (  4792      0)
"e_i:comp_init"                                               -      24576    24576 2.457600e+04   2.463674e+01     0.032 ( 21117      0)     0.000 ( 14292      0)
"CPL:comp_init_cx_all"                                        -      24576    24576 2.457600e+04   1.575869e+05     6.431 (    10      0)     6.013 ( 20922      0)
"CPL:comp_list_all"                                           -      24576    24576 2.457600e+04   1.556392e+02     0.034 ( 17917      0)     0.000 (  6183      0)
"CPL:init_maps"                                               -      24576    24576 2.457600e+04   3.841134e+03     0.287 (  1492      0)     0.035 (   292      0)
"CPL:init_aream"                                              -      24576    24576 2.457600e+04   1.089791e+03     0.260 (  2918      0)     0.000 (  4096      0)
"CPL:init_domain_check"                                       -      24576    24576 2.457600e+04   3.735607e+03     0.347 (  7730      0)     0.074 (  5928      0)
"CPL:init_areacor"                                            -      24576    24576 2.457600e+04   6.016060e+03     0.245 (   156      0)     0.241 ( 16354      0)
"CPL:init_fracs"                                              -      24576    24576 2.457600e+04   6.672227e+02     0.189 (     0      0)     0.002 ( 20276      0)
"CPL:init_aoflux"                                             -      24576    24576 2.457600e+04   9.097157e+02     0.232 ( 11800      0)     0.000 (  8305      0)
"CPL:init_atminit"                                            -      24576    24576 1.474560e+05   1.513756e+03     0.200 ( 14779      0)     0.002 ( 24312      0)
"CPL:comp_init_cc_atm2"                                       -      24576    24576 2.457600e+04   2.679830e+03     0.247 ( 10726      0)     0.004 ( 14790      0)
"CPL:init_readrestart"                                        -      24576    24576 2.457600e+04   1.491641e+03     0.177 ( 12218      0)     0.000 ( 23292      0)
"CPL:cime_run_init"                                           -      24576    24576 2.457600e+04   2.960219e+02     0.234 (  1024      0)     0.000 ( 16707      0)
"CPL:INIT_sync1_tprf"                                         -      24576    24576 2.457600e+04   3.301494e+03     0.245 (  3267      0)     0.000 (  6882      0)
"CPL:INIT_t_prf"                                              -      24576    24576 2.457600e+04   4.130823e+02     0.122 (     0      0)     0.000 ( 20917      0)
"CPL:INIT_sync2_tprf"                                         -      24576    24576 2.457600e+04   2.582758e+03     0.122 ( 10465      0)     0.000 (     0      0)
"CPL:RUN_LOOP_BSTART"                                         -      24576    24576 2.457600e+04   1.363971e+00     0.000 ( 22579      0)     0.000 (  5992      0)
"CPL:RUN_LOOP"                                                -      24576    24576 1.061683e+07   6.639258e+06   270.154 ( 21809      0)   270.135 ( 20507      0)
"CPL:CLOCK_ADVANCE"                                           -      24576    24576 1.061683e+07   1.191996e+03     0.087 ( 24092      0)     0.044 ( 13075      0)
"CPL:RUN"                                                     -      24576    24576 1.273774e+08   6.302529e+04     5.033 ( 21638      0)     1.336 ( 10725      0)
"CPL:OCNPRE1"                                                 -      24576    24576 1.061683e+07   4.869362e+03     0.254 (  4835      0)     0.177 ( 13071      0)
"CPL:ocnpre1_atm2ocn"                                         -      24576    24576 1.061683e+07   4.823923e+03     0.252 (  4835      0)     0.177 ( 13385      0)
"CPL:LNDPREP"                                                 -      24576    24576 1.061683e+07   2.061268e+03     0.146 (  8644      0)     0.059 ( 21141      0)
"CPL:lndprep_atm2lnd"                                         -      24576    24576 1.061683e+07   1.795221e+03     0.136 (  8640      0)     0.054 (  2232      0)
"CPL:lndprep_mrgx2l"                                          -      24576    24576 1.061683e+07   2.462717e+02     0.018 ( 10251      0)     0.003 ( 10926      0)
"CPL:COMM"                                                    -      24576    24576 7.429325e+07   3.324652e+05    23.865 ( 12860      0)     6.560 (  7720      0)
"CPL:C2L"                                                     -      24576    24576 1.061683e+07   1.012668e+04     0.563 ( 12286      0)     0.284 (     0      0)
"CPL:c2l_lndx2lndl"                                           -      24576    24576 1.061683e+07   5.244961e+03     0.302 ( 16397      0)     0.124 ( 10929      0)
"CPL:c2l_infoexch"                                            -      24576    24576 1.061683e+07   4.863010e+03     0.368 ( 12278      0)     0.068 (    58      0)
"CPL:ICEPREP"                                                 -      24576    24576 1.061683e+07   1.781678e+03     0.130 ( 21147      0)     0.068 (  4343      0)
"CPL:iceprep_ocn2ice"                                         -      24576    24576 1.061683e+07   3.761831e+02     0.019 ( 16000      0)     0.014 ( 20493      0)
"CPL:iceprep_atm2ice"                                         -      24576    24576 1.061683e+07   5.224873e+02     0.028 ( 15996      0)     0.020 ( 16076      0)
"CPL:iceprep_mrgx2i"                                          -      24576    24576 1.061683e+07   8.249196e+02     0.085 ( 21145      0)     0.032 ( 12395      0)
"CPL:C2I"                                                     -      24576    24576 1.061683e+07   3.659024e+03     0.217 ( 21167      0)     0.122 (  9110      0)
"CPL:c2i_icex2icei"                                           -      24576    24576 1.061683e+07   5.556637e+02     0.030 ( 15996      0)     0.021 (  3968      0)
"CPL:ice_infoexch"                                            -      24576    24576 1.061683e+07   3.090577e+03     0.195 ( 21167      0)     0.098 (  8487      0)
"CPL:ICE_RUN"                                                 -      24576    24576 1.061683e+07   7.450807e+04     4.005 ( 19606      0)     2.781 ( 16313      0)
"i:cice_run_total"                                            -      24576    24576 1.061683e+07   7.311831e+04     3.946 ( 19606      0)     2.727 ( 16313      0)
"i:cice_run_import"                                           -      24576    24576 1.061683e+07   2.063064e+03     0.185 ( 10359      0)     0.070 ( 19706      0)
"i:cice_imp_ocn"                                              -      24576    24576 1.061683e+07   2.500136e+02     0.025 ( 24094      0)     0.008 ( 13204      0)
"i:cice_imp_atm"                                              -      24576    24576 1.061683e+07   2.441453e+02     0.020 (   138      0)     0.008 ( 13207      0)
"i:cice_run_initmd"                                           -      24576    24576 1.061683e+07   3.396291e+04     1.503 (   203      0)     1.187 ( 24093      0)
"i:cice_run_presc"                                            -      24576    24576 1.061683e+07   1.864539e+04     1.144 (  5064      0)     0.630 ( 15977      0)
"i:cice_pice_strd_adv_total"                                  -      24576    24576 1.061683e+07   1.615286e+04     0.983 (  5074      0)     0.537 ( 16321      0)
"i:cice_pice_strd_adv_readLBUB"                               -      24576    24576 1.061683e+07   1.381697e+04     0.657 (   516      0)     0.500 (     4      0)
"i:cice_pice_readLBUB_setup"                                  -      24576    24576 1.061683e+07   3.781240e+00     0.016 ( 23046      0)     0.000 (  7870      0)
"i:cice_pice_readLBUB_fbound"                                 -      24576    24576 4.915200e+04   2.241819e-01     0.218 (     0      0)     0.000 ( 19764      0)
"i:cice_pice_readLBUB_bcast"                                  -      24576    24576 4.915200e+04   5.362707e+03     0.218 ( 24565      0)     0.000 (     0      0)
"i:cice_pice_readLBUB_LB_setup"                               -      24576    24576 2.457600e+04   8.441607e-03     0.000 (     0      0)     0.000 ( 23742      0)
"i:cice_pice_readLBUB_LB_readpio"                             -      24576    24576 2.457600e+04   3.729179e+03     0.227 (  1728      0)     0.120 (     1      0)
"i:PIO:openfile"                                              -      24576    24576 2.457600e+04   1.862518e+03     0.077 (  3880      0)     0.076 (     0      0)
"i:PIO:pio_inq_varid_file_vdesc"                              -      24576    24576 1.474560e+05   4.955053e+01     0.019 ( 15112      0)     0.001 (  3880      0)
"i:PIO:pio_inq_varid_file_vid"                                -      24576    24576 1.474560e+05   4.944864e+01     0.019 ( 15112      0)     0.001 (  3880      0)
"i:PIO:pio_inq_varndims_file_vdesc"                           -      24576    24576 7.372800e+04   5.265979e+01     0.055 (  8917      0)     0.000 (  5087      0)
"i:PIO:pio_inq_varndims_file_vid"                             -      24576    24576 7.372800e+04   5.261682e+01     0.055 (  8917      0)     0.000 (  5087      0)
"i:PIO:pio_inq_vardimid_file_vdesc"                           -      24576    24576 7.372800e+04   3.782480e+01     0.002 ( 17885      0)     0.001 (  1120      0)
"i:PIO:pio_inq_vardimid_file_vid"                             -      24576    24576 7.372800e+04   3.778987e+01     0.002 ( 17885      0)     0.001 (  1120      0)
"i:PIO:pio_inq_dimlen_file_dimid"                             -      24576    24576 2.211840e+05   2.526353e+01     0.004 ( 18549      0)     0.000 (  5085      0)
"i:PIO:pio_inq_dimlen_file_dimid_offlen"                      -      24576    24576 2.211840e+05   2.519337e+01     0.004 ( 18549      0)     0.000 (  5085      0)
"i:PIO:pio_inq_vartype_file_vdesc"                            -      24576    24576 7.372800e+04   1.888207e+01     0.001 ( 18212      0)     0.000 (  1118      0)
"i:PIO:pio_inq_vartype_file_vid"                              -      24576    24576 7.372800e+04   1.884946e+01     0.001 ( 18212      0)     0.000 (  1118      0)
"i:PIO:read_darray_1d_real"                                   -      24576    24576 7.372800e+04   5.962826e+03     0.355 (   324      0)     0.160 (    13      0)
"i:PIO:PIOc_read_darray"                                      -      24576    24576 7.372800e+04   5.962196e+03     0.355 (   519      0)     0.160 (    13      0)
"i:PIO:read_darray_nc"                                        -      24576    24576 7.372800e+04   4.302889e+02     0.351 (   348      0)     0.000 ( 23661      0)
"i:PIO:rearrange_io2comp"                                     -      24576    24576 7.372800e+04   5.473988e+03     0.354 (   519      0)     0.001 (     0      0)
"i:PIO:pio_swapm"                                             -      24576    24576 7.372800e+04   5.466584e+03     0.353 (   519      0)     0.001 (     0      0)
"i:cice_pice_readLBUB_UB_setup"                               -      24576    24576 4.915200e+04   4.672524e-02     0.002 ( 20504      0)     0.000 (  7604      0)
"i:cice_pice_readLBUB_UB_readpio"                             -      24576    24576 4.915200e+04   4.687981e+03     0.295 ( 12799      0)     0.100 (  2413      0)
"i:cice_pice_readLBUB_filemgt"                                -      24576    24576 1.061683e+07   2.228064e+00     0.000 ( 16896      0)     0.000 (  5899      0)
"i:cice_pice_strd_adv_map"                                    -      24576    24576 4.915200e+04   2.179148e+03     0.338 (  4972      0)     0.001 ( 20919      0)
"i:cice_pice_strd_adv_tint"                                   -      24576    24576 1.061683e+07   1.114457e+02     0.063 (  5074      0)     0.004 (  7882      0)
"i:cice_run_initflux"                                         -      24576    24576 1.061683e+07   1.045118e+02     0.005 (  7808      0)     0.004 (  6699      0)
"i:cice_run_prepradiation"                                    -      24576    24576 1.061683e+07   8.335539e+01     0.010 (  5064      0)     0.003 ( 15478      0)
"i:cice_run_therm1"                                           -      24576    24576 1.061683e+07   3.872766e+03     0.640 ( 19537      0)     0.100 (  7931      0)
"i:cice_run_dyn"                                              -      24576    24576 1.061683e+07   1.028675e+00     0.000 (  7821      0)     0.000 (  6401      0)
"i:cice_run_radiation"                                        -      24576    24576 1.061683e+07   2.033629e+03     0.698 ( 19702      0)     0.049 ( 22445      0)
"i:cice_step_radiationib"                                     -      24576    24576 1.061683e+07   1.780081e+03     0.690 ( 19702      0)     0.041 ( 22445      0)
"i:cice_step_rib_swdedd1"                                     -      24576    24576 1.061683e+07   1.931358e+02     0.032 ( 24093      0)     0.003 ( 22908      0)
"i:cice_step_rib_swdedd2"                                     -      24576    24576 1.061683e+07   1.422975e+02     0.009 (  1124      0)     0.005 ( 23615      0)
"i:cice_step_rib_swdedd7"                                     -      24576    24576 1.061683e+07   1.312409e+03     0.667 ( 19702      0)     0.024 ( 22445      0)
"i:cice_run_couplingprep"                                     -      24576    24576 1.061683e+07   2.644474e+03     1.035 ( 17471      0)     0.044 ( 22202      0)
"i:ice_HaloUpdate2DR8"                                        -      24576    24576 1.061683e+07   1.585974e+03     0.990 ( 17471      0)     0.004 (  8175      0)
"i:ice_HU2DR8_init"                                           -      24576    24576 1.061683e+07   6.788945e+00     0.001 ( 24111      0)     0.000 ( 23892      0)
"i:cice_run_diag"                                             -      24576    24576 1.061683e+07   6.916606e+03     0.315 (  8097      0)     0.241 ( 19554      0)
"i:cice_run_hist"                                             -      24576    24576 1.061683e+07   1.420364e+03     0.147 ( 18648      0)     0.040 ( 18702      0)
"i:cice_run_accum"                                            -      24576    24576 1.061683e+07   5.941797e+01     0.038 (  5064      0)     0.002 ( 22443      0)
"i:cice_run_export"                                           -      24576    24576 1.061683e+07   6.656626e+02     0.058 (  5068      0)     0.024 ( 22292      0)
"CPL:LND_RUN"                                                 -      24576    24576 1.061683e+07   4.398638e+05    20.586 ( 22435      0)    15.346 ( 24208      0)
"l:lc_lnd_import"                                             -      24576    24576 1.061683e+07   6.570548e+02     0.122 ( 16779      0)     0.022 ( 13660      0)
"l:elm_run"                                                   -      24576    24576 1.064141e+07   4.379607e+05    20.513 ( 22435      0)    15.268 ( 24208      0)
"l:shr_orb_decl"                                              -      24576    24576 1.064141e+07   1.484268e+01     0.093 ( 17615      0)     0.000 (  3748      0)
"l:decomp_vert"                                               -      24576    24576 1.064141e+07   8.280090e+01     0.055 ( 12162      0)     0.001 ( 13280      0)
"l:beggridwbal"                                               -      24576    24576 1.064141e+07   1.821056e+03     0.185 ( 20919      0)     0.052 ( 19306      0)
"l:cnpinit"                                                   -      24576    24576 1.064141e+07   1.087126e+01     0.025 (  8584      0)     0.000 ( 23589      0)
"l:cnpvegsumm"                                                -      24576    24576 1.064141e+07   1.205315e+00     0.000 ( 21499      0)     0.000 ( 19902      0)
"l:dyn_subgrid"                                               -      24576    24576 1.064141e+07   1.279258e+04     0.753 ( 11555      0)     0.345 ( 13686      0)
"l:begwbal"                                                   -      24576    24576 1.064141e+07   2.486841e+02     0.061 ( 23233      0)     0.005 ( 19308      0)
"l:begcnpbal"                                                 -      24576    24576 1.064141e+07   7.073958e-01     0.000 (  6961      0)     0.000 (  1410      0)
"l:drvinit"                                                   -      24576    24576 1.064141e+07   1.092923e+03     0.201 ( 12794      0)     0.038 ( 18610      0)
"l:canhydro"                                                  -      24576    24576 1.064141e+07   2.320399e+03     0.329 (  4478      0)     0.053 ( 19670      0)
"l:surfrad"                                                   -      24576    24576 1.064141e+07   3.949143e+03     0.291 (  7315      0)     0.121 ( 19064      0)
"l:bgp1"                                                      -      24576    24576 1.064141e+07   2.153000e+03     0.232 (  9686      0)     0.060 ( 18136      0)
"l:bgflux"                                                    -      24576    24576 1.064141e+07   2.677706e+03     0.277 (  9575      0)     0.066 ( 19489      0)
"l:canflux"                                                   -      24576    24576 1.064141e+07   1.034278e+05     6.466 ( 20138      0)     2.479 ( 12404      0)
"l:can_iter"                                                  -      24576    24576 1.064141e+07   8.374049e+04     5.556 ( 20138      0)     1.825 ( 12404      0)
"l:uflux"                                                     -      24576    24576 1.064141e+07   2.699491e+03     0.334 ( 10367      0)     0.015 ( 18443      0)
"l:bgplake"                                                   -      24576    24576 1.064141e+07   9.454566e+03     0.655 (  4061      0)     0.204 ( 14293      0)
"l:bgc"                                                       -      24576    24576 1.064141e+07   6.621940e+03     0.431 ( 19140      0)     0.180 (  4763      0)
"l:soiltemperature"                                           -      24576    24576 1.064141e+07   6.622032e+04     3.276 ( 24300      0)     2.193 ( 10865      0)
"l:SoilThermProp"                                             -      24576    24576 1.064141e+07   3.440680e+03     0.245 ( 18365      0)     0.090 ( 16488      0)
"l:SoilTempBandDiag"                                          -      24576    24576 2.128282e+07   6.528842e+03     0.442 (  1721      0)     0.177 (  1204      0)
"l:PhaseChangeH2osfc"                                         -      24576    24576 1.064141e+07   4.014786e+01     0.005 (  4048      0)     0.001 (  2652      0)
"l:PhaseChangebeta"                                           -      24576    24576 1.064141e+07   1.312178e+03     0.092 (  3288      0)     0.027 ( 19684      0)
"l:bgp2"                                                      -      24576    24576 1.064141e+07   2.838635e+03     0.213 (  7417      0)     0.080 (  4774      0)
"l:bgp2_loop_1"                                               -      24576    24576 1.064141e+07   4.303768e+02     0.025 ( 24300      0)     0.013 ( 13466      0)
"l:bgp2_loop_2"                                               -      24576    24576 1.064141e+07   7.414993e+02     0.052 ( 19949      0)     0.024 ( 12188      0)
"l:bgp2_loop_3"                                               -      24576    24576 1.064141e+07   1.124567e+03     0.066 ( 24300      0)     0.030 ( 16085      0)
"l:bgp2_loop_4"                                               -      24576    24576 1.064141e+07   2.768290e+02     0.015 ( 24300      0)     0.009 ( 16477      0)
"l:patch2col"                                                 -      24576    24576 1.064141e+07   1.439258e+03     0.250 (  1296      0)     0.042 ( 17789      0)
"l:hydro without drainage"                                    -      24576    24576 1.064141e+07   2.146531e+04     1.393 (  1722      0)     0.626 ( 19309      0)
"l:hylake"                                                    -      24576    24576 1.064141e+07   1.999924e+03     0.198 (   752      0)     0.058 ( 17789      0)
"l:snow_init"                                                 -      24576    24576 1.064141e+07   1.559306e+02     0.018 (  8422      0)     0.003 ( 23420      0)
"l:ecosysdyn"                                                 -      24576    24576 1.064141e+07   5.050623e+02     0.048 ( 17540      0)     0.016 ( 11542      0)
"l:depvel"                                                    -      24576    24576 2.128282e+07   8.520494e+00     0.014 ( 24089      0)     0.000 (  9712      0)
"l:hydro2 drainage"                                           -      24576    24576 1.064141e+07   1.501911e+03     0.139 (    78      0)     0.040 ( 16734      0)
"l:balchk"                                                    -      24576    24576 1.064141e+07   1.940042e+03     0.181 (  1841      0)     0.066 ( 17902      0)
"l:gridbalchk"                                                -      24576    24576 1.064141e+07   9.595046e+02     0.046 (  3489      0)     0.033 (  8533      0)
"l:lnd2atm"                                                   -      24576    24576 1.064141e+07   8.068331e+03     0.458 (  9129      0)     0.282 ( 12605      0)
"l:wrtdiag"                                                   -      24576    24576 1.064141e+07   9.891239e+01     0.016 (     0      0)     0.003 (  6028      0)
"l:hbuf"                                                      -      24576    24576 1.064141e+07   3.152758e+04     1.495 (  3312      0)     1.107 ( 18610      0)
"l:elm_drv_io"                                                -      24576    24576 1.064141e+07   2.538522e+02     0.194 ( 10427      0)     0.001 (  1633      0)
"l:elm_drv_io_htapes"                                         -      24576    24576 1.064141e+07   2.456000e+02     0.194 ( 10427      0)     0.001 ( 13243      0)
"l:lc_lnd_export"                                             -      24576    24576 1.064141e+07   3.102772e+02     0.015 ( 22635      0)     0.012 ( 15916      0)
"l:lc_elm2_adv_timestep"                                      -      24576    24576 1.064141e+07   8.683033e+00     0.003 ( 20926      0)     0.000 ( 16836      0)
"l:accum"                                                     -      24576    24576 1.061683e+07   5.685648e+03     0.287 ( 24084      0)     0.213 ( 20602      0)
"CPL:ATMOCNP"                                                 -      24576    24576 1.061683e+07   6.138793e+03     0.455 ( 19892      0)     0.038 ( 16341      0)
"CPL:atmocnp_fluxo"                                           -      24576    24576 1.061683e+07   5.456234e+03     0.433 ( 19892      0)     0.011 ( 22811      0)
"CPL:atmocnp_ocnalb"                                          -      24576    24576 1.061683e+07   6.560733e+02     0.048 ( 24087      0)     0.018 ( 14073      0)
"CPL:L2C"                                                     -      24576    24576 1.061683e+07   2.574864e+04     3.245 (  3474      0)     0.154 ( 24512      0)
"CPL:l2c_lndl2lndx"                                           -      24576    24576 1.061683e+07   2.570621e+04     3.243 (  3474      0)     0.152 ( 24512      0)
"lnd2cpl_run"                                                 -      24576    24576 1.061683e+07   2.674810e+01     0.002 (  5070      0)     0.001 ( 23479      0)
"CPL:LNDPOST"                                                 -      24576    24576 1.061683e+07   7.957104e+00     0.000 (  3798      0)     0.000 (  1991      0)
"CPL:I2C"                                                     -      24576    24576 1.061683e+07   6.198848e+02     0.030 ( 14773      0)     0.023 (  2506      0)
"CPL:i2c_icei2icex"                                           -      24576    24576 1.061683e+07   5.920218e+02     0.029 ( 15999      0)     0.023 (  2506      0)
"CPL:i2c_infoexch"                                            -      24576    24576 1.061683e+07   1.202995e+01     0.001 ( 14278      0)     0.000 (  1410      0)
"CPL:ICEPOST"                                                 -      24576    24576 1.061683e+07   7.196118e-01     0.000 (  5924      0)     0.000 (  9249      0)
"CPL:FRACSET"                                                 -      24576    24576 1.061683e+07   1.641694e+03     0.090 ( 24087      0)     0.065 (  7590      0)
"CPL:fracset_fracset"                                         -      24576    24576 1.061683e+07   1.638001e+03     0.090 ( 24087      0)     0.065 (  7701      0)
"CPL:ATMPREP"                                                 -      24576    24576 1.061683e+07   4.640390e+04     4.358 ( 21638      0)     0.689 ( 10934      0)
"CPL:atmprep_xao2atm"                                         -      24576    24576 1.061683e+07   3.278380e+03     0.147 ( 22562      0)     0.130 ( 11945      0)
"CPL:atmprep_ocn2atm"                                         -      24576    24576 1.061683e+07   2.954494e+03     0.133 ( 16000      0)     0.116 ( 20507      0)
"CPL:atmprep_alb2atm"                                         -      24576    24576 1.061683e+07   1.340607e+03     0.061 ( 22563      0)     0.051 ( 23272      0)
"CPL:atmprep_ice2atm"                                         -      24576    24576 1.061683e+07   3.304452e+03     0.148 ( 22562      0)     0.129 ( 22854      0)
"CPL:atmprep_lnd2atm"                                         -      24576    24576 1.061683e+07   3.321436e+04     3.818 ( 21638      0)     0.156 ( 10725      0)
"CPL:atmprep_mrgx2a"                                          -      24576    24576 1.061683e+07   2.258535e+03     0.114 ( 19533      0)     0.084 ( 19727      0)
"CPL:C2A"                                                     -      24576    24576 1.061683e+07   1.067570e+05     6.263 ( 10926      0)     2.127 ( 21609      0)
"CPL:c2a_atmx2atmg"                                           -      24576    24576 1.061683e+07   5.695781e+04     5.479 ( 10926      0)     0.321 ( 23064      0)
"CPL:c2a_infoexch"                                            -      24576    24576 1.061683e+07   4.978521e+04     3.969 ( 22260      0)     0.345 (  7714      0)
"CPL:ATM_RUN"                                                 -      24576    24576 1.061683e+07   5.308513e+06   221.484 (  7781      0)   208.387 ( 11522      0)
"a:EAMxx::run"                                                -      24576    24576 1.061683e+07   5.306345e+06   221.408 (  7781      0)   208.321 ( 11522      0)
"a:PIO:PIOc_sync"                                             -      24576    24576 2.457600e+04   4.177380e+00     0.130 (  5064      0)     0.000 (  4697      0)
"a:PIO:write_total"                                           -      24576    24576 2.457600e+04   1.069864e+00     0.081 (  5064      0)     0.000 ( 11774      0)
"a:PIO:flush_output_buffer"                                   -       2048     2048 2.048000e+03   3.502468e-01     0.041 (  5064      0)     0.000 ( 22140      0)
"a:EAMxx::EAMxx::run"                                         -      24576    24576 1.061683e+07   5.303334e+06   221.287 (  7781      0)   208.228 ( 11522      0)
"a:EAMxx::EAMxx::run-precondition-checks"                     -      24576    24576 1.061683e+07   4.221952e+00     0.000 ( 16064      0)     0.000 ( 18741      0)
"a:EAMxx::SurfaceCouplingImporter::run"                       -      24576    24576 1.061683e+07   2.200269e+04     1.472 ( 17662      0)     0.311 ( 14716      0)
"a:EAMxx::SurfaceCouplingImporter::run-precondition-checks"   -      24576    24576 1.061683e+07   1.986441e+00     0.000 ( 14416      0)     0.000 ( 17436      0)
"a:EAMxx::SurfaceCouplingImporter::run-postcondition-checks"  -      24576    24576 1.061683e+07   1.848049e+04     1.280 ( 17662      0)     0.271 ( 14722      0)
"a:EAMxx::homme::run"                                         -      24576    24576 1.061683e+07   4.874364e+06   199.434 (     7      0)   197.618 (  5070      0)
"a:EAMxx::homme::run-precondition-checks"                     -      24576    24576 1.061683e+07   2.006618e+00     0.000 (  6233      0)     0.000 (  5921      0)
"a:tl-sc prim_run_subcycle_c"                                 -      24576    24576 2.123366e+07   4.642077e+06   190.332 ( 18031      0)   188.003 ( 10738      0)
"a:tl-s prim_step_flexible"                                   -      24576    24576 2.123366e+07   4.641896e+06   190.328 ( 18031      0)   187.972 ( 10738      0)
"a:ApplyCAMForcing_tracers"                                   -      24576    24576 1.061683e+07   2.144410e+04     1.733 ( 20477      0)     0.224 ( 16292      0)
"a:tl-s deep_copy+derived_dp"                                 -      24576    24576 2.123366e+07   1.791101e+03     0.236 ( 18899      0)     0.042 ( 10320      0)
"a:ApplyCAMForcing_dynamics"                                  -      24576    24576 6.370099e+07   8.777833e+03     0.603 (    90      0)     0.273 (  2924      0)
"a:tl-ae prim_advance_exp"                                    -      24576    24576 1.274020e+08   3.579598e+06   152.145 ( 12021      0)   142.209 ( 10959      0)
"a:ttype9_imex_timestep"                                      -      24576    24576 1.274020e+08   3.043684e+06   132.543 ( 11999      0)   118.352 (  4097      0)
"a:caar compute"                                              -      24576    24576 1.274020e+09   6.639159e+05    28.823 ( 17295      0)    25.497 ( 13070      0)
"a:caar_bexchV"                                               -      24576    24576 6.370099e+08   8.222870e+05    43.437 ( 12021      0)    25.835 (  9591      0)
"a:caar limiter"                                              -      24576    24576 7.644119e+08   4.547341e+05    21.822 ( 24474      0)    15.863 (  6138      0)
"a:compute_stage_value_dirk"                                  -      24576    24576 6.370099e+08   1.086251e+06    50.417 (  9591      0)    41.729 (  6242      0)
"a:tl-ae advance_hypervis_dp"                                 -      24576    24576 1.274020e+08   5.308786e+05    28.606 ( 11969      0)    17.396 ( 18431      0)
"a:hvf-bhwk"                                                  -      24576    24576 1.274020e+08   2.705263e+05    14.794 (  5745      0)     8.611 ( 21020      0)
"a:hvf-bexch"                                                 -      24576    24576 3.822060e+08   3.138085e+05    20.123 ( 11969      0)     8.304 ( 18431      0)
"a:tl-sc vertical_remap"                                      -      24576    24576 6.370099e+07   2.085534e+05     9.508 ( 24192      0)     7.312 (  4930      0)
"a:Remap Thickness Functor"                                   -      24576    24576 6.370099e+07   1.043241e+04     0.692 (  3741      0)     0.263 ( 21196      0)
"a:Remap Scale States Functor"                                -      24576    24576 6.370099e+07   3.812178e+03     0.894 (  5609      0)     0.131 ( 12092      0)
"a:Remap Compute Grids Functor"                               -      24576    24576 6.370099e+07   1.558034e+04     1.451 ( 19533      0)     0.572 ( 19672      0)
"a:Remap Compute Remap Functor"                               -      24576    24576 6.370099e+07   1.251071e+05     6.115 (  9591      0)     4.545 (  1724      0)
"a:Remap Rescale States Functor"                              -      24576    24576 6.370099e+07   6.151210e+03     1.107 ( 12001      0)     0.193 ( 14064      0)
"a:tl-at prim_advec_tracers_compose"                          -      24576    24576 2.123366e+07   7.931257e+05    34.829 (   522      0)    26.961 ( 12003      0)
"a:compose_transport"                                         -      24576    24576 2.123366e+07   7.926713e+05    34.817 (   522      0)    26.933 ( 12003      0)
"a:compose_calc_trajectory"                                   -      24576    24576 2.123366e+07   7.758470e+04     4.055 ( 19616      0)     1.685 (  1533      0)
"a:compose_3d_levels"                                         -      24576    24576 2.123366e+07   4.566898e+04     2.350 (  8219      0)     0.915 (  2924      0)
"a:compose_v_bexchv"                                          -      24576    24576 2.123366e+07   2.996749e+04     2.883 ( 10195      0)     0.565 ( 17431      0)
"a:compose_v2x"                                               -      24576    24576 2.123366e+07   1.865395e+03     0.282 (   349      0)     0.066 ( 15628      0)
"a:compose_isl"                                               -      24576    24576 2.123366e+07   2.499933e+05    13.192 ( 19441      0)     6.307 (  7545      0)
"a:compose_hypervis_scalar"                                   -      24576    24576 2.123366e+07   1.709296e+05    12.880 ( 12251      0)     4.101 (  3854      0)
"a:compose_cedr_global"                                       -      24576    24576 2.123366e+07   2.605138e+05    13.587 (  5209      0)     5.735 ( 22898      0)
"a:repro_sum_int"                                             -      24576    24576 2.123366e+07   2.281647e+05    12.451 (  5222      0)     4.232 ( 11901      0)
"a:compose_cedr_local"                                        -      24576    24576 2.123366e+07   1.119140e+04     0.691 (   778      0)     0.295 ( 16074      0)
"a:compose_dss_q"                                             -      24576    24576 2.123366e+07   2.230472e+04     1.268 ( 16367      0)     0.655 (  8611      0)
"a:compose_vertical_remap"                                    -      24576    24576 2.123366e+07   2.675140e+04     1.298 ( 12594      0)     0.999 (  5466      0)
"a:shr_reprosum_INF_NaN_Chk"                                  -      24576    24576 2.123366e+07   4.294733e+02     0.059 ( 23952      0)     0.016 ( 24133      0)
"a:shr_reprosum_int"                                          -      24576    24576 2.123366e+07   8.285889e+04     3.725 ( 14450      0)     2.615 ( 24090      0)
"a:repro_sum_loopa"                                           -      24576    24576 2.123366e+07   2.364298e+02     0.045 ( 14893      0)     0.008 ( 15688      0)
"a:repro_sum_allr_minmax"                                     -      24576    24576 2.123366e+07   7.297246e+04     3.352 ( 14450      0)     2.178 ( 24090      0)
"a:repro_sum_loopb"                                           -      24576    24576 2.123366e+07   4.899606e+02     0.055 (  1268      0)     0.019 (  2908      0)
"a:repro_sum_allr_i8"                                         -      24576    24576 2.123366e+07   7.765394e+03     0.346 ( 10093      0)     0.242 ( 15103      0)
"a:repro_sum_finalsum"                                        -      24576    24576 2.123366e+07   6.212861e+02     0.074 ( 18756      0)     0.001 ( 16837      0)
"a:EAMxx::homme::run-postcondition-checks"                    -      24576    24576 1.061683e+07   1.510548e+04     1.214 ( 15103      0)     0.391 ( 12694      0)
"a:EAMxx::physics::run"                                       -      24576    24576 1.061683e+07   3.962544e+05    21.485 (  7803      0)     8.890 ( 11522      0)
"a:EAMxx::physics::run-precondition-checks"                   -      24576    24576 1.061683e+07   2.945358e+00     0.000 ( 18400      0)     0.000 ( 19522      0)
"a:EAMxx::mac_aero_mic::run"                                  -      24576    24576 1.061683e+07   2.015036e+05    11.566 (  8586      0)     4.040 (  4028      0)
"a:EAMxx::mac_aero_mic::run-precondition-checks"              -      24576    24576 1.061683e+07   1.770855e+00     0.000 ( 21485      0)     0.000 (  7269      0)
"a:EAMxx::tms::run"                                           -      24576    24576 1.061683e+07   1.276198e+04     0.963 ( 17711      0)     0.041 (  5870      0)
"a:EAMxx::tms::run-precondition-checks"                       -      24576    24576 1.061683e+07   1.592713e+00     0.000 ( 17653      0)     0.000 (   464      0)
"a:EAMxx::tms::run-postcondition-checks"                      -      24576    24576 1.061683e+07   7.717225e+02     0.038 ( 14255      0)     0.025 ( 22348      0)
"a:EAMxx::shoc::run"                                          -      24576    24576 1.061683e+07   7.765288e+04     4.727 ( 19758      0)     1.631 (  6474      0)
"a:EAMxx::shoc::run-precondition-checks"                      -      24576    24576 1.061683e+07   1.667034e+00     0.000 ( 22805      0)     0.000 ( 12010      0)
"a:EAMxx::shoc::preprocess"                                   -      24576    24576 1.061683e+07   4.248092e+03     0.655 (  4265      0)     0.005 (  3129      0)
"a:EAMxx::shoc::shoc_main"                                    -      24576    24576 1.061683e+07   5.240016e+04     3.737 ( 19758      0)     0.893 ( 17043      0)
"a:EAMxx::shoc::postprocess"                                  -      24576    24576 1.061683e+07   1.647224e+03     0.972 ( 13797      0)     0.009 ( 20881      0)
"a:EAMxx::shoc::run-postcondition-checks"                     -      24576    24576 1.061683e+07   1.013767e+04     0.677 ( 23930      0)     0.397 (  8270      0)
"a:EAMxx::cld_fraction::run"                                  -      24576    24576 1.061683e+07   7.339471e+03     0.748 ( 14321      0)     0.123 ( 10328      0)
"a:EAMxx::cld_fraction::run-precondition-checks"              -      24576    24576 1.061683e+07   3.375076e+00     0.000 ( 15473      0)     0.000 (  5921      0)
"a:EAMxx::cld_fraction::run-postcondition-checks"             -      24576    24576 1.061683e+07   2.741972e+03     0.118 (  8807      0)     0.108 (  2540      0)
"a:EAMxx::spa::run"                                           -      24576    24576 1.061683e+07   3.402631e+04     2.512 ( 21689      0)     0.657 ( 14336      0)
"a:EAMxx::spa::run-precondition-checks"                       -      24576    24576 1.061683e+07   2.315343e+00     0.000 (  2026      0)     0.000 ( 18050      0)
"a:EAMxx::spa::run-postcondition-checks"                      -      24576    24576 1.061683e+07   1.170625e+04     0.728 ( 12377      0)     0.407 ( 22186      0)
"a:EAMxx::p3::run"                                            -      24576    24576 1.061683e+07   6.928881e+04     5.197 (  8355      0)     1.379 ( 19942      0)
"a:EAMxx::p3::run-precondition-checks"                        -      24576    24576 1.061683e+07   9.076620e+02     0.189 (   232      0)     0.035 (  4324      0)
"a:EAMxx::p3::run-postcondition-checks"                       -      24576    24576 1.061683e+07   2.084908e+04     1.075 ( 13363      0)     0.562 ( 24168      0)
"a:EAMxx::mac_aero_mic::run-postcondition-checks"             -      24576    24576 1.061683e+07   3.027244e+00     0.000 ( 20307      0)     0.000 (  5263      0)
"a:EAMxx::rrtmgp::run"                                        -      24576    24576 1.061683e+07   1.943588e+05    11.054 ( 17065      0)     4.373 ( 11284      0)
"a:EAMxx::rrtmgp::run-precondition-checks"                    -      24576    24576 1.061683e+07   4.729759e+02     0.023 ( 13332      0)     0.018 ( 23042      0)
"a:EAMxx::rrtmgp::run-postcondition-checks"                   -      24576    24576 1.061683e+07   1.554942e+04     0.719 (   819      0)     0.566 (  4984      0)
"a:EAMxx::physics::run-postcondition-checks"                  -      24576    24576 1.061683e+07   2.191129e+00     0.000 ( 19608      0)     0.000 (  6676      0)
"a:EAMxx::SurfaceCouplingExporter::run"                       -      24576    24576 1.061683e+07   9.217193e+03     0.441 ( 15965      0)     0.338 (  4874      0)
"a:EAMxx::SurfaceCouplingExporter::run-precondition-checks"   -      24576    24576 1.061683e+07   3.509902e+00     0.000 ( 19197      0)     0.000 ( 13476      0)
"a:EAMxx::SurfaceCouplingExporter::run-postcondition-checks"  -      24576    24576 1.061683e+07   4.366626e+00     0.000 ( 14196      0)     0.000 ( 10062      0)
"a:EAMxx::EAMxx::run-postcondition-checks"                    -      24576    24576 1.061683e+07   1.845006e+00     0.000 (  4315      0)     0.000 ( 17732      0)
"a:EAMxx::IO::restart"                                        -      24576    24576 1.061683e+07   2.600817e+02     0.218 (  3986      0)     0.002 ( 19649      0)
"a:EAMxx::IO::model_restart"                                  -      24576    24576 1.061683e+07   2.496793e+02     0.218 (  3986      0)     0.002 ( 19649      0)
"a:EAMxx::IO::restart::get_new_file"                          -      24576    24576 1.061683e+07   1.604153e+00     0.000 (  7585      0)     0.000 (  3294      0)
"a:EAMxx::IO::restart::run_output_streams"                    -      24576    24576 1.061683e+07   2.193308e+02     0.217 (  3986      0)     0.001 ( 19649      0)
"a:EAMxx::IO::standard"                                       -      24576    24576 1.061683e+07   2.540157e+01     0.001 (  5783      0)     0.001 ( 16256      0)
"a:EAMxx::IO::nooutput.yaml"                                  -      24576    24576 1.061683e+07   1.847826e+01     0.001 ( 18603      0)     0.001 (  5775      0)
"a:EAMxx::IO::standard::get_new_file"                         -      24576    24576 1.061683e+07   7.660682e-01     0.000 ( 16395      0)     0.000 (  4485      0)
"a:EAMxx::IO::standard::run_output_streams"                   -      24576    24576 1.061683e+07   1.938640e+00     0.000 ( 16004      0)     0.000 (  4270      0)
"CPL:A2C"                                                     -      24576    24576 1.061683e+07   1.585947e+05    15.037 ( 12854      0)     0.987 (  7779      0)
"CPL:a2c_atma2atmx"                                           -      24576    24576 1.061683e+07   9.959096e+04    12.465 ( 17495      0)     0.199 (  8310      0)
"CPL:a2c_infoexch"                                            -      24576    24576 1.061683e+07   5.897562e+04     6.945 (  1885      0)     0.034 (     0      0)
"CPL:ATMPOST"                                                 -      24576    24576 1.061683e+07   5.480395e+00     0.000 ( 11274      0)     0.000 (  4769      0)
"CPL:HISTORY"                                                 -      24576    24576 1.061683e+07   2.734190e+01     0.003 (  2893      0)     0.001 ( 23462      0)
"CPL:cime_run_write_history"                                  -      24576    24576 1.061683e+07   2.086564e+01     0.002 (  2893      0)     0.001 (  5992      0)
"CPL:TSTAMP_WRITE"                                            -      24576    24576 1.061683e+07   8.555287e+00     0.003 ( 15871      0)     0.000 ( 23885      0)
"CPL:TPROF_WRITE"                                             -      24576    24576 1.061683e+07   3.154492e+00     0.000 (  9500      0)     0.000 ( 23727      0)
"CPL:C2O_INITWAIT"                                            -      24576    24576 1.059226e+07   4.144541e+05    18.663 (     0      0)    13.351 (  1890      0)
"l:interpMonthlyVeg"                                          -      24576    24576 1.059226e+07   1.055717e+05     4.334 ( 24084      0)     4.237 (  5063      0)
"l:readMonthlyVeg"                                            -      24576    24576 2.457600e+04   1.039141e+05     4.311 (  7728      0)     4.015 (  6373      0)
"l:PIO:openfile"                                              -      24576    24576 2.457600e+04   4.777408e+03     0.359 ( 24377      0)     0.066 (     9      0)
"l:PIO:pio_inq_varid_file_vdesc"                              -      24576    24576 1.966080e+05   9.875801e+01     0.018 ( 20572      0)     0.000 (  8206      0)
"l:PIO:pio_inq_varid_file_vid"                                -      24576    24576 1.966080e+05   9.865403e+01     0.018 ( 20572      0)     0.000 (  8206      0)
"l:PIO:pio_inq_varndims_file_vdesc"                           -      24576    24576 1.966080e+05   4.105748e+01     0.317 (  8184      0)     0.000 (  8204      0)
"l:PIO:pio_inq_varndims_file_vid"                             -      24576    24576 1.966080e+05   4.098976e+01     0.317 (  8184      0)     0.000 (  8204      0)
"l:PIO:pio_inq_vardimid_file_vdesc"                           -      24576    24576 1.966080e+05   9.558152e+01     0.005 (     9      0)     0.001 (  8317      0)
"l:PIO:pio_inq_vardimid_file_vid"                             -      24576    24576 1.966080e+05   9.552210e+01     0.005 (     9      0)     0.001 (  8317      0)
"l:PIO:pio_inq_dimname_file_dimid"                            -      24576    24576 1.671168e+06   2.700137e+02     0.013 ( 20922      0)     0.004 (  8196      0)
"l:PIO:pio_inq_dimlen_file_dimid"                             -      24576    24576 3.932160e+05   4.123094e+01     0.005 (  5083      0)     0.001 (  8196      0)
"l:PIO:pio_inq_dimlen_file_dimid_offlen"                      -      24576    24576 3.932160e+05   4.113307e+01     0.005 (  5082      0)     0.001 (  8196      0)
"l:PIO:pio_inquire_file"                                      -      24576    24576 7.372800e+05   8.028618e+01     0.005 (  5083      0)     0.001 (  8186      0)
"l:PIO:pio_inq_ndims_file"                                    -      24576    24576 7.372800e+05   8.012573e+01     0.005 (  5083      0)     0.001 (  8184      0)
"l:PIO:initdecomp"                                            -      24576    24576 2.457600e+04   2.575220e+04     1.048 (   211      0)     1.029 (  5075      0)
"l:PIO:PIOc_initdecomp"                                       -      24576    24576 2.457600e+04   2.575183e+04     1.048 (   211      0)     1.028 (  5075      0)
"l:PIO:box_rearrange_create"                                  -      24576    24576 2.457600e+04   2.521589e+04     1.026 (   610      0)     1.026 (  5071      0)
"l:PIO:pio_swapm"                                             -      24576    24576 2.703360e+05   9.295743e+04     3.902 (  8203      0)     2.158 (  6288      0)
"l:PIO:read_darray_3d_double"                                 -      24576    24576 1.966080e+05   7.026581e+04     2.891 (  8203      0)     2.522 (  8188      0)
"l:PIO:PIOc_read_darray"                                      -      24576    24576 1.966080e+05   7.026521e+04     2.891 (  8203      0)     2.522 (  8188      0)
"l:PIO:read_darray_nc"                                        -      24576    24576 1.966080e+05   1.307830e+03     1.584 (  6288      0)     0.000 ( 22826      0)
"l:PIO:rearrange_io2comp"                                     -      24576    24576 1.966080e+05   6.879948e+04     2.889 (  8203      0)     1.237 (  6288      0)
"l:PIO:closefile"                                             -      24576    24576 2.457600e+04   3.364334e+01     0.046 (  4632      0)     0.000 ( 20110      0)
"l:PIO:PIOc_closefile"                                        -      24576    24576 2.457600e+04   3.360754e+01     0.046 (  4632      0)     0.000 ( 20110      0)
"l:surfalb"                                                   -      24576    24576 1.059226e+07   2.068265e+04     1.067 (  8706      0)     0.677 (  2161      0)
"l:urbsurfalb"                                                -      24576    24576 1.059226e+07   4.080645e+03     0.204 (  2834      0)     0.132 (   198      0)
"CPL:OCNT_RUN"                                                -      24576    24576 1.059226e+07   4.913467e+03     0.240 (     0      0)     0.107 ( 21615      0)
"o:DOCN_RUN"                                                  -      24576    24576 1.059226e+07   4.666197e+03     0.222 ( 20926      0)     0.097 ( 21615      0)
"o:docn_run1"                                                 -      24576    24576 1.059226e+07   9.958864e+00     0.001 ( 14212      0)     0.000 ( 19544      0)
"o:docn"                                                      -      24576    24576 1.059226e+07   4.634079e+03     0.220 ( 20926      0)     0.096 ( 21615      0)
"o:docn_strdata_advance"                                      -      24576    24576 1.059226e+07   2.846517e+03     0.138 ( 24208      0)     0.022 ( 18546      0)
"o:docn_strd_adv_total"                                       -      24576    24576 1.059226e+07   2.833222e+03     0.137 ( 24208      0)     0.022 ( 18546      0)
"o:docn_strd_adv_readLBUB"                                    -      24576    24576 1.059226e+07   1.023341e+03     0.123 (  3673      0)     0.011 (     0      0)
"o:docn_readLBUB_setup"                                       -      24576    24576 1.059226e+07   3.468959e+00     0.001 (  1648      0)     0.000 ( 21412      0)
"o:docn_readLBUB_filemgt"                                     -      24576    24576 1.059226e+07   1.904846e+00     0.000 ( 10395      0)     0.000 (   108      0)
"o:docn_strd_adv_tint"                                        -      24576    24576 1.059226e+07   9.040536e+01     0.006 ( 22161      0)     0.003 ( 16498      0)
"o:docn_scatter"                                              -      24576    24576 1.059226e+07   1.529908e+03     0.077 ( 20926      0)     0.059 (   196      0)
"o:docn_datamode"                                             -      24576    24576 1.059226e+07   4.958092e+01     0.003 (  5404      0)     0.002 (  4397      0)
"o:docn_run2"                                                 -      24576    24576 1.059226e+07   8.782800e-01     0.003 (     0      0)     0.000 ( 21854      0)
"CPL:O2CT"                                                    -      24576    24576 1.059226e+07   2.691776e+04     3.999 ( 24208      0)     0.028 ( 19367      0)
"CPL:o2c_ocno2ocnx"                                           -      24576    24576 1.059226e+07   2.611438e+02     0.014 ( 14774      0)     0.009 (  2838      0)
"CPL:o2c_infoexch"                                            -      24576    24576 1.059226e+07   2.663789e+04     3.987 ( 24208      0)     0.017 ( 19367      0)
"CPL:OCNPOSTT"                                                -      24576    24576 1.059226e+07   4.864775e+00     0.000 (  7092      0)     0.000 ( 23599      0)
"i:cice_pice_readLBUB_LB_copy"                                -      24576    24576 2.457600e+04   2.166654e-02     0.000 (  8172      0)     0.000 ( 12427      0)
"o:docn_readLBUB_fbound"                                      -      24576    24576 2.457600e+04   3.531253e-03     0.000 (     0      0)     0.000 ( 21190      0)
"o:docn_readLBUB_bcast"                                       -      24576    24576 2.457600e+04   1.595200e+02     0.014 ( 24208      0)     0.000 (   980      0)
"o:docn_readLBUB_LB_copy"                                     -      24576    24576 2.457600e+04   2.255339e-02     0.000 (  7237      0)     0.000 (   531      0)
"o:docn_readLBUB_UB_setup"                                    -      24576    24576 2.457600e+04   9.893676e-03     0.000 (     0      0)     0.000 (  1102      0)
"o:docn_readLBUB_UB_readpio"                                  -      24576    24576 2.457600e+04   8.337050e+02     0.113 (  3683      0)     0.009 ( 15433      0)
"o:PIO:pio_inq_varid_file_vdesc"                              -      24576    24576 4.915200e+04   1.036635e+01     0.004 (  1120      0)     0.000 ( 22150      0)
"o:PIO:pio_inq_varid_file_vid"                                -      24576    24576 4.915200e+04   1.033685e+01     0.004 (  1118      0)     0.000 ( 22150      0)
"o:PIO:pio_inq_varndims_file_vdesc"                           -      24576    24576 2.457600e+04   4.270310e+00     0.000 ( 15205      0)     0.000 (  9263      0)
"o:PIO:pio_inq_varndims_file_vid"                             -      24576    24576 2.457600e+04   4.251627e+00     0.000 ( 15206      0)     0.000 (  9263      0)
"o:PIO:pio_inq_vardimid_file_vdesc"                           -      24576    24576 2.457600e+04   1.084850e+01     0.001 ( 21397      0)     0.000 (  4744      0)
"o:PIO:pio_inq_vardimid_file_vid"                             -      24576    24576 2.457600e+04   1.083079e+01     0.001 ( 21397      0)     0.000 (  4744      0)
"o:PIO:pio_inq_dimlen_file_dimid"                             -      24576    24576 7.372800e+04   6.717358e+00     0.000 ( 17353      0)     0.000 (  7415      0)
"o:PIO:pio_inq_dimlen_file_dimid_offlen"                      -      24576    24576 7.372800e+04   6.679967e+00     0.000 ( 17365      0)     0.000 (  7411      0)
"o:PIO:pio_inq_vartype_file_vdesc"                            -      24576    24576 2.457600e+04   5.431551e+00     0.000 (  7218      0)     0.000 (   258      0)
"o:PIO:pio_inq_vartype_file_vid"                              -      24576    24576 2.457600e+04   5.414799e+00     0.000 (  7218      0)     0.000 (  1262      0)
"o:PIO:read_darray_1d_real"                                   -      24576    24576 2.457600e+04   7.900846e+02     0.111 (  3683      0)     0.007 (     3      0)
"o:PIO:PIOc_read_darray"                                      -      24576    24576 2.457600e+04   7.899887e+02     0.111 (  3683      0)     0.007 (     3      0)
"o:PIO:read_darray_nc"                                        -      24576    24576 2.457600e+04   4.811431e+01     0.110 (  2628      0)     0.000 ( 22972      0)
"o:PIO:rearrange_io2comp"                                     -      24576    24576 2.457600e+04   7.370433e+02     0.111 (  3683      0)     0.000 (     0      0)
"o:PIO:pio_swapm"                                             -      24576    24576 2.457600e+04   7.360606e+02     0.111 (  3683      0)     0.000 (     0      0)
"o:docn_strd_adv_fill"                                        -      24576    24576 2.457600e+04   6.025422e+00     0.000 ( 10080      0)     0.000 ( 24390      0)
"o:docn_strd_adv_map"                                         -      24576    24576 2.457600e+04   1.653733e+03     0.105 ( 21568      0)     0.000 ( 20674      0)
"CPL:RUN_LOOP_BSTOP"                                          -      24576    24576 2.457600e+04   2.382964e+01     0.001 (     3      0)     0.000 ( 19561      0)
"CPL:FINAL"                                                   -      24576    24576 2.457600e+04   1.896050e+04     0.819 (  8998      0)     0.720 ( 15663      0)
"CPL:cime_final"                                              -      24576    24576 2.457600e+04   1.896045e+04     0.819 (  8998      0)     0.720 ( 15663      0)
"o_f:DOCN_FINAL"                                              -      24576    24576 2.457600e+04   8.685285e-03     0.000 (     0      0)     0.000 (   228      0)
"a_f:EAMxx::finalize"                                         y      24576    24576 2.457600e+04   1.068300e+04     0.773 (  3324      0)     0.057 ( 18462      0)
"a_f:PIO:PIOc_sync"                                           -      24576    24576 2.457600e+04   6.544086e-01     0.018 ( 23040      0)     0.000 ( 15848      0)
"a_f:PIO:write_total"                                         -      24576    24576 4.915200e+04   8.321620e+02     0.460 ( 21552      0)     0.000 (  6543      0)
"a_f:PIO:flush_output_buffer"                                 -       2048     2048 4.096000e+03   2.778676e-01     0.009 ( 24084      0)     0.000 ( 13968      0)
"a_f:PIO:PIOc_closefile"                                      -      24576    24576 4.915200e+04   1.209801e+03     0.699 (  9948      0)     0.000 ( 14444      0)
"a_f:PIO:PIOc_closefile_write_mode"                           -      24576    24576 2.457600e+04   8.315456e+02     0.460 ( 21552      0)     0.000 (  7415      0)
"a_f:PIO:PIOc_freedecomp"                                     -      24576    24576 3.194880e+05   3.525927e+00     0.001 (  3132      0)     0.000 (  7981      0)
"PIO:finalize"                                                -      24576    24576 2.457600e+05   6.922675e+03     0.716 ( 23461      0)     0.001 ( 23772      0)
"PIO:PIOc_finalize"                                           -      24576    24576 2.457600e+05   6.917397e+03     0.715 (  6020      0)     0.001 ( 23772      0)
"CPL:FINAL_sync1_tprf"                                        -      24576    24576 2.457600e+04   3.494861e+01     0.001 ( 23139      0)     0.000 (     0      0)
"CPL:FINAL_t_prf"                                             y          0        0 0.000000e+00   0.000000e+00     0.000 (     0      0)     0.000 (     0      0)

