
***** GLOBAL STATISTICS (  6144 MPI TASKS) *****

$Id: gptl.c,v 1.157 2011-03-28 20:55:18 rosinski Exp $
'count' is cumulative. All other stats are max/min
'on' indicates whether the timer was active during output, and so stats are lower or upper bounds.

name                                                         on  processes  threads        count      walltotal   wallmax (proc   thrd  )   wallmin (proc   thrd  )
"CPL:INIT"                                                    -       6144     6144 6.144000e+03   2.216042e+06   394.002 (  4404      0)   345.774 (  3089      0)
"CPL:cime_pre_init1"                                          -       6144     6144 6.144000e+03   1.010252e+05    49.759 (  4406      0)     1.533 (  3086      0)
"CPL:mpi_init"                                                -       6144     6144 6.144000e+03   9.673056e+04    49.065 (  4408      0)     0.838 (  3086      0)
"CPL:ESMF_Initialize"                                         -       6144     6144 6.144000e+03   8.390500e+01     0.041 (  1693      0)     0.000 (   124      0)
"CPL:cime_pre_init2"                                          -       6144     6144 6.144000e+03   7.815507e+03     1.396 (  3534      0)     0.614 (     6      0)
"CPL:seq_infodata_init"                                       -       6144     6144 6.144000e+03   6.602589e+02     0.365 (  1776      0)     0.001 (   877      0)
"CPL:seq_timemgr_clockInit"                                   -       6144     6144 6.144000e+03   1.671059e+02     0.043 (  3232      0)     0.022 (  1584      0)
"CPL:cime_init"                                               -       6144     6144 6.144000e+03   2.107117e+06   343.587 (    11      0)   342.842 (  3467      0)
"CPL:init_comps"                                              -       6144     6144 6.144000e+03   2.105351e+06   343.304 (    11      0)   342.553 (  3467      0)
"CPL:comp_init_pre_all"                                       -       6144     6144 6.144000e+03   4.125610e-01     0.001 (  4050      0)     0.000 (  3817      0)
"comp_init_cc_iac"                                            -       6144     6144 6.144000e+03   2.460676e+01     0.016 (  1698      0)     0.001 (  3104      0)
"z_i:comp_init"                                               -       6144     6144 6.144000e+03   7.924991e-01     0.013 (  1692      0)     0.000 (  4346      0)
"CPL:comp_init_cc_atm"                                        -       6144     6144 6.144000e+03   8.678727e+05   141.890 (    11      0)   141.138 (  3473      0)
"a_i:comp_init"                                               -       6144     6144 1.228800e+04   8.677757e+05   141.884 (     0      0)   141.123 (  3471      0)
"a_i:EAMxx::init"                                             -       6144     6144 4.300800e+04   8.616075e+05   141.379 (     0      0)   138.877 (  4534      0)
"a_i:EAMxx::create_output_managers"                           -       6144     6144 6.144000e+03   2.594780e+01     0.214 (   486      0)     0.000 (  3169      0)
"a_i:EAMxx::create_atm_processes"                             -       6144     6144 6.144000e+03   3.568048e+03     1.117 (     7      0)     0.230 (  3478      0)
"a_i:EAMxx::create_grids"                                     -       6144     6144 6.144000e+03   1.478668e+05    24.181 (     0      0)    24.011 (  3533      0)
"a_i:EAMxx::build_grids"                                      -       6144     6144 6.144000e+03   1.417702e+05    23.087 (  2550      0)    23.062 (  2424      0)
"a_i:PartitioningTime"                                        -       6144     6144 6.144000e+03   1.811353e-03     0.000 (  5841      0)     0.000 (  3196      0)
"a_i:repro_sum_int"                                           -       6144     6144 6.144000e+03   4.561218e+02     0.170 (   480      0)     0.017 (  1702      0)
"a_i:PIO:spio_get_att_tc"                                     -       6144     6144 6.696960e+05   2.852719e+02     0.049 (  1107      0)     0.045 (  1236      0)
"a_i:PIO:spio_get_vars_tc"                                    -       6144     6144 1.228800e+05   2.123172e+03     0.502 (  4096      0)     0.251 (  3030      0)
"a_i:PIO:PIOc_closefile"                                      -       6144     6144 7.987200e+04   4.027382e+02     2.808 (  4632      0)     0.000 (  4250      0)
"a_i:EAMxx::SurfaceCouplingImporter::set_grids"               -       6144     6144 6.144000e+03   5.496300e+00     0.016 (  3473      0)     0.000 (  1798      0)
"a_i:EAMxx::homme::set_grids"                                 -       6144     6144 6.144000e+03   2.407456e+03     0.448 (  3475      0)     0.364 (  5758      0)
"a_i:EAMxx::physics::set_grids"                               -       6144     6144 6.144000e+03   3.121097e+03     0.524 (  3734      0)     0.442 (  3473      0)
"a_i:EAMxx::mac_aero_mic::set_grids"                          -       6144     6144 6.144000e+03   1.362261e+03     0.239 (  1154      0)     0.159 (  3472      0)
"a_i:EAMxx::tms::set_grids"                                   -       6144     6144 6.144000e+03   1.343298e+01     0.002 (   651      0)     0.001 (  1694      0)
"a_i:EAMxx::shoc::set_grids"                                  -       6144     6144 6.144000e+03   2.567644e+00     0.012 (  1702      0)     0.000 (   492      0)
"a_i:EAMxx::cld_fraction::set_grids"                          -       6144     6144 6.144000e+03   5.088668e-01     0.001 (  1693      0)     0.000 (  4308      0)
"a_i:EAMxx::spa::set_grids"                                   -       6144     6144 6.144000e+03   1.325088e+03     0.235 (  1232      0)     0.146 (  3472      0)
"a_i:EAMxx::p3::set_grids"                                    -       6144     6144 6.144000e+03   4.153474e+00     0.063 (  1702      0)     0.000 (  4260      0)
"a_i:EAMxx::rrtmgp::set_grids"                                -       6144     6144 6.144000e+03   1.726016e+03     0.293 (  5460      0)     0.223 (  1700      0)
"a_i:EAMxx::SurfaceCouplingExporter::set_grids"               -       6144     6144 6.144000e+03   4.643582e+01     0.035 (  5728      0)     0.002 (  5568      0)
"a_i:EAMxx::create_fields"                                    -       6144     6144 6.144000e+03   1.746799e+03     0.302 (  3383      0)     0.271 (  4364      0)
"a_i:EAMxx::initialize_fields"                                -       6144     6144 6.144000e+03   2.401862e+05    39.141 (  3996      0)    39.044 (  2526      0)
"a_i:PIO:PIOc_initdecomp"                                     -       6144     6144 7.987200e+04   6.427614e+04    10.470 (  2131      0)    10.452 (  2725      0)
"a_i:PIO:box_rearrange_create"                                -       6144     6144 7.987200e+04   6.406099e+04    10.427 (  5373      0)    10.426 (   111      0)
"a_i:PIO:pio_swapm"                                           -       6144     6144 3.747840e+05   1.531452e+05    30.866 (   678      0)     3.359 (  2580      0)
"a_i:PIO:PIOc_read_darray"                                    -       6144     6144 1.351680e+05   1.330807e+05    22.526 (  1657      0)    19.766 (  2346      0)
"a_i:PIO:read_darray_nc"                                      -       6144     6144 1.351680e+05   9.398915e+03    21.308 (  1188      0)     0.000 (  4621      0)
"a_i:PIO:rearrange_io2comp"                                   -       6144     6144 1.351680e+05   1.166645e+05    22.155 (    75      0)     0.449 (  2580      0)
"a_i:EAMxx::initialize_atm_procs"                             -       6144     6144 6.144000e+03   4.655123e+05    76.451 (  6016      0)    74.481 (  4525      0)
"a_i:EAMxx::SurfaceCouplingImporter::init"                    -       6144     6144 6.144000e+03   3.805445e+00     0.012 (  1695      0)     0.000 (  5292      0)
"a_i:EAMxx::homme::init"                                      -       6144     6144 6.144000e+03   3.368284e+05    54.917 (  1767      0)    54.659 (  1703      0)
"a_i:compose_init"                                            -       6144     6144 6.144000e+03   3.425384e+02     0.250 (  3466      0)     0.025 (  4884      0)
"a_i:sl_init1"                                                -       6144     6144 6.144000e+03   4.241547e+03     0.878 (  3535      0)     0.641 (   288      0)
"a_i:EAMxx::tms::init"                                        -       6144     6144 6.144000e+03   7.014638e-02     0.002 (  3470      0)     0.000 (  3229      0)
"a_i:EAMxx::shoc::init"                                       -       6144     6144 6.144000e+03   1.783956e+01     0.025 (  2857      0)     0.001 (   454      0)
"a_i:EAMxx::cld_fraction::init"                               -       6144     6144 6.144000e+03   2.022685e-01     0.001 (  3472      0)     0.000 (  3555      0)
"a_i:EAMxx::spa::init"                                        -       6144     6144 6.144000e+03   1.123313e+05    21.500 (  6016      0)    18.201 (  1770      0)
"a_i:EAMxx::p3::init"                                         -       6144     6144 6.144000e+03   1.487419e+03     0.393 (  4081      0)     0.046 (  1740      0)
"a_i:EAMxx::rrtmgp::init"                                     -       6144     6144 6.144000e+03   1.478411e+04     3.058 (  6019      0)     0.050 (  2652      0)
"a_i:EAMxx::SurfaceCouplingExporter::init"                    -       6144     6144 6.144000e+03   3.049312e+01     0.079 (  5290      0)     0.002 (  1256      0)
"a_i:EAMxx::initialize_output_managers"                       -       6144     6144 6.144000e+03   2.701145e+03     0.453 (  2256      0)     0.437 (  4513      0)
"a_i:EAMxx::IO::standard"                                     -       6144     6144 6.144000e+03   1.715265e+03     0.338 (     0      0)     0.250 (  2459      0)
"a_i:EAMxx::IO::nooutput.yaml"                                -       6144     6144 6.144000e+03   1.715258e+03     0.338 (     0      0)     0.250 (  2459      0)
"a_i:EAMxx::IO::standard::get_new_file"                       -       6144     6144 6.144000e+03   1.708999e+03     0.326 (     0      0)     0.250 (  2459      0)
"a_i:PIO:PIOc_createfile"                                     -       6144     6144 6.144000e+03   1.298621e+03     0.259 (     8      0)     0.184 (  4394      0)
"a_i:PIO:write_total"                                         -       6144     6144 2.027520e+05   1.325372e+03     0.309 (  1728      0)     0.186 (  2459      0)
"a_i:PIO:spio_put_att_tc"                                     -       6144     6144 1.843200e+05   1.303021e+01     0.060 (  3456      0)     0.000 (  1237      0)
"a_i:PIO:spio_put_vars_tc"                                    -       6144     6144 6.144000e+03   1.197037e+01     0.005 (  4548      0)     0.000 (  2345      0)
"a_i:PIO:flush_output_buffer"                                 -        512      512 1.024000e+03   2.915961e+00     0.007 (  2736      0)     0.004 (  3228      0)
"a_i:EAMxx::IO::standard::run_output_streams"                 -       6144     6144 6.144000e+03   8.948087e-04     0.000 (  3645      0)     0.000 (  5304      0)
"a_i:EAMxx::IO::standard::update_snapshot_tally"              -       6144     6144 6.144000e+03   6.236692e+00     0.012 (   264      0)     0.000 (  1854      0)
"a_i:PIO:PIOc_sync"                                           -       6144     6144 6.144000e+03   1.754529e+00     0.003 (  2160      0)     0.000 (  4359      0)
"CPL:comp_init_cc_lnd"                                        -       6144     6144 6.144000e+03   7.070043e+05   115.076 (  4293      0)   115.067 (  1526      0)
"l_i:comp_init"                                               -       6144     6144 6.144000e+03   7.068936e+05   115.071 (  4577      0)   115.043 (  2144      0)
"l_i:elm_init1"                                               -       6144     6144 6.144000e+03   1.658359e+05    27.016 (   432      0)    26.930 (  1701      0)
"l_i:PIO:openfile"                                            -       6144     6144 1.413120e+05   1.551937e+04     2.988 (  1542      0)     2.008 (  5544      0)
"l_i:PIO:pio_inq_dimid_file_dimid"                            -       6144     6144 3.809280e+05   3.079926e+02     0.077 (  1069      0)     0.023 (     0      0)
"l_i:PIO:pio_inq_dimlen_file_dimid"                           -       6144     6144 2.211840e+06   4.947874e+02     0.132 (    51      0)     0.018 (  2085      0)
"l_i:PIO:pio_inq_dimlen_file_dimid_offlen"                    -       6144     6144 2.211840e+06   4.943001e+02     0.132 (    51      0)     0.018 (  2085      0)
"l_i:PIO:pio_inq_varid_file_vdesc"                            -       6144     6144 2.850816e+06   2.506054e+03     1.991 (  1016      0)     0.088 (  2100      0)
"l_i:PIO:pio_inq_varid_file_vid"                              -       6144     6144 2.850816e+06   2.482491e+03     1.985 (  1016      0)     0.081 (  2100      0)
"l_i:PIO:get_var_1d_int"                                      -       6144     6144 3.686400e+04   1.221222e+03     0.208 (  3154      0)     0.143 (  5489      0)
"l_i:PIO:spio_get_vars_tc"                                    -       6144     6144 1.222656e+06   4.945167e+03     0.853 (    35      0)     0.727 (  3474      0)
"l_i:PIO:closefile"                                           -       6144     6144 1.228800e+05   2.084767e+02     0.483 (  1056      0)     0.001 (  4167      0)
"l_i:PIO:PIOc_closefile"                                      -       6144     6144 1.228800e+05   2.083443e+02     0.483 (  1056      0)     0.001 (  4167      0)
"l_i:PIO:pio_inq_varndims_file_vdesc"                         -       6144     6144 1.357824e+06   5.127201e+02     1.849 (  2043      0)     0.016 (  2051      0)
"l_i:PIO:pio_inq_varndims_file_vid"                           -       6144     6144 1.357824e+06   5.123330e+02     1.848 (  2043      0)     0.016 (  2051      0)
"l_i:PIO:pio_inq_vardimid_file_vdesc"                         -       6144     6144 1.357824e+06   1.013546e+03     0.242 (     2      0)     0.041 (  2100      0)
"l_i:PIO:pio_inq_vardimid_file_vid"                           -       6144     6144 1.357824e+06   1.013216e+03     0.242 (     2      0)     0.041 (  2100      0)
"l_i:PIO:pio_inq_dimname_file_dimid"                          -       6144     6144 4.884480e+06   1.225698e+03     0.287 (     8      0)     0.062 (  2064      0)
"l_i:PIO:initdecomp"                                          -       6144     6144 1.597440e+05   4.348732e+04     7.315 (   766      0)     6.726 (  3471      0)
"l_i:PIO:PIOc_initdecomp"                                     -       6144     6144 1.597440e+05   4.346717e+04     7.311 (   766      0)     6.723 (  3471      0)
"l_i:PIO:box_rearrange_create"                                -       6144     6144 1.597440e+05   4.074622e+04     6.633 (  6099      0)     6.625 (  3883      0)
"l_i:PIO:pio_swapm"                                           -       6144     6144 1.824768e+06   5.722954e+05    98.618 (  2097      0)    33.198 (   672      0)
"l_i:PIO:read_darray_1d_double"                               -       6144     6144 5.038080e+05   2.104232e+05    34.508 (  2075      0)    32.843 (  2046      0)
"l_i:PIO:PIOc_read_darray"                                    -       6144     6144 1.345536e+06   5.686020e+05    93.273 (  2064      0)    89.667 (  2044      0)
"l_i:PIO:read_darray_nc"                                      -       6144     6144 1.345536e+06   2.722064e+04    63.293 (   672      0)     0.000 (  3968      0)
"l_i:PIO:rearrange_io2comp"                                   -       6144     6144 1.345536e+06   5.385220e+05    92.926 (  2067      0)    28.231 (   672      0)
"l_i:PIO:pio_inquire_file"                                    -       6144     6144 1.769472e+06   2.960525e+02     0.063 (   674      0)     0.015 (  2076      0)
"l_i:PIO:pio_inq_ndims_file"                                  -       6144     6144 1.769472e+06   2.956350e+02     0.063 (   674      0)     0.015 (  2076      0)
"l_i:PIO:read_darray_1d_int"                                  -       6144     6144 4.300800e+04   1.242323e+04     2.043 (  3432      0)     1.963 (  2041      0)
"l_i:PIO:read_darray_3d_double"                               -       6144     6144 1.105920e+05   2.633738e+04     4.353 (  2081      0)     4.068 (  1021      0)
"l_i:PIO:read_darray_3d_int"                                  -       6144     6144 6.144000e+03   7.422450e+02     0.125 (  3372      0)     0.113 (  1036      0)
"l_i:PIO:read_darray_4d_double"                               -       6144     6144 8.601600e+04   5.561890e+04     9.108 (  2051      0)     8.935 (  2040      0)
"l_i:PIO:get_var_1d_text"                                     -       6144     6144 1.228800e+04   7.172159e+01     0.018 (  5539      0)     0.002 (  5813      0)
"l_i:PIO:get_var_1d_double"                                   -       6144     6144 8.847360e+05   3.372361e+03     0.562 (     8      0)     0.468 (  3479      0)
"l_i:PIO:get_var_0d_double"                                   -       6144     6144 6.144000e+04   1.512280e+02     0.027 (  6060      0)     0.019 (  1694      0)
"l_i:PIO:read_darray_2d_double"                               -       6144     6144 5.713920e+05   2.611174e+05    42.843 (  3252      0)    41.336 (  2044      0)
"l_i:PIO:read_darray_2d_int"                                  -       6144     6144 2.457600e+04   1.942955e+03     0.326 (  4020      0)     0.295 (  1861      0)
"l_i:gather_1darray_int_total"                                -       6144     6144 3.072000e+04   2.690999e+03     1.290 (     0      0)     0.212 (    19      0)
"l_i:scatter_1darray_int_total"                               -       6144     6144 3.072000e+04   1.003006e+04     1.827 (     9      0)     0.739 (     0      0)
"l_i:init_filters"                                            -       6144     6144 6.144000e+03   7.498994e+00     0.012 (  1692      0)     0.000 (  4276      0)
"l_i:elm_init2"                                               -       6144     6144 6.144000e+03   5.390546e+05    87.755 (     0      0)    87.733 (  2144      0)
"l_i:init_orbd"                                               -       6144     6144 6.144000e+03   5.917488e-01     0.014 (  3474      0)     0.000 (   224      0)
"l_i:PIO:get_var_0d_int"                                      -       6144     6144 1.290240e+05   2.251325e+03     0.474 (  2043      0)     0.335 (  4147      0)
"l_i:PIO:get_var_2d_double"                                   -       6144     6144 7.372800e+04   6.658742e+02     0.116 (    32      0)     0.084 (  3060      0)
"l_i:PIO:get_var_3d_double"                                   -       6144     6144 2.457600e+04   1.354324e+02     0.028 (  3479      0)     0.021 (  1332      0)
"l_i:init_accflds"                                            -       6144     6144 6.144000e+03   1.024126e+01     0.002 (  2360      0)     0.001 (  4166      0)
"l_i:init_dyn_subgrid"                                        -       6144     6144 6.144000e+03   8.368608e+01     0.033 (  1497      0)     0.002 (  4916      0)
"l_i:subgridRest_write-read"                                  -       6144     6144 6.144000e+03   5.581915e+04     9.094 (  3252      0)     9.058 (  1604      0)
"l_i:init_map2gc"                                             -       6144     6144 6.144000e+03   5.356135e+00     0.001 (  5352      0)     0.001 (  4369      0)
"l_i:init_elm_interface_data & pflotran"                      -       6144     6144 6.144000e+03   1.333872e-03     0.000 (  4057      0)     0.000 (   240      0)
"l_i:init_wlog"                                               -       6144     6144 6.144000e+03   1.390501e-02     0.012 (     0      0)     0.000 (   108      0)
"l_i:elm_init3"                                               -       6144     6144 6.144000e+03   4.331553e+01     0.023 (  5227      0)     0.000 (  4344      0)
"CPL:comp_init_cc_rof"                                        -       6144     6144 6.144000e+03   2.720797e+01     0.006 (  3096      0)     0.002 (    38      0)
"r_i:comp_init"                                               -       6144     6144 6.144000e+03   5.689513e-01     0.000 (  4091      0)     0.000 (     0      0)
"CPL:comp_init_cc_ocn"                                        -       6144     6144 6.144000e+03   2.513199e+05    40.923 (  1701      0)    40.898 (  3903      0)
"o_i:comp_init"                                               -       6144     6144 6.144000e+03   2.512635e+05    40.918 (  1694      0)    40.862 (  5864      0)
"o_i:docn_readnml"                                            -       6144     6144 6.144000e+03   3.048121e+03     0.684 (  5049      0)     0.404 (     0      0)
"o_i:DOCN_INIT"                                               -       6144     6144 6.144000e+03   2.480695e+05    40.463 (     3      0)    40.186 (  3941      0)
"o_i:docn_strdata_init"                                       -       6144     6144 6.144000e+03   2.401641e+05    39.188 (     3      0)    38.898 (  3947      0)
"o_i:PIO:initdecomp"                                          -       6144     6144 1.843200e+04   2.907586e+03     0.488 (     1      0)     0.456 (     0      0)
"o_i:PIO:PIOc_initdecomp"                                     -       6144     6144 1.843200e+04   2.907525e+03     0.488 (     1      0)     0.456 (     0      0)
"o_i:PIO:box_rearrange_create"                                -       6144     6144 1.843200e+04   2.788190e+03     0.454 (  5733      0)     0.454 (   880      0)
"o_i:PIO:pio_swapm"                                           -       6144     6144 6.758400e+04   2.944054e+03     0.554 (  2819      0)     0.374 (     0      0)
"o_i:docn_initgsmaps"                                         -       6144     6144 6.144000e+03   2.048879e+00     0.000 (  1834      0)     0.000 (   817      0)
"o_i:docn_initmctdom"                                         -       6144     6144 6.144000e+03   4.501127e+00     0.004 (  5931      0)     0.000 (  5271      0)
"o_i:docn_initmctavs"                                         -       6144     6144 6.144000e+03   1.814045e+00     0.002 (  3470      0)     0.000 (  2136      0)
"o_i:DOCN_RUN"                                                -       6144     6144 6.144000e+03   7.896855e+03     1.322 (  4416      0)     1.232 (  5843      0)
"o_i:docn_run1"                                               -       6144     6144 6.144000e+03   4.842745e-03     0.000 (  1663      0)     0.000 (  2342      0)
"o_i:docn"                                                    -       6144     6144 6.144000e+03   7.896833e+03     1.322 (  4416      0)     1.232 (  5843      0)
"o_i:docn_strdata_advance"                                    -       6144     6144 6.144000e+03   7.894658e+03     1.322 (  4416      0)     1.232 (  5843      0)
"o_i:docn_strd_adv_total"                                     -       6144     6144 6.144000e+03   7.894642e+03     1.322 (  4416      0)     1.232 (  5843      0)
"o_i:docn_strd_adv_readLBUB"                                  -       6144     6144 6.144000e+03   7.599207e+03     1.303 (  2592      0)     1.199 (  6122      0)
"o_i:docn_readLBUB_setup"                                     -       6144     6144 6.144000e+03   2.210987e-02     0.000 (  3015      0)     0.000 (  4206      0)
"o_i:docn_readLBUB_fbound"                                    -       6144     6144 6.144000e+03   1.094819e+00     1.094 (     0      0)     0.000 (  2713      0)
"o_i:docn_readLBUB_bcast"                                     -       6144     6144 6.144000e+03   6.785648e+03     1.135 (  3216      0)     0.000 (     0      0)
"o_i:docn_readLBUB_LB_setup"                                  -       6144     6144 6.144000e+03   1.055837e-03     0.000 (     0      0)     0.000 (  4263      0)
"o_i:docn_readLBUB_LB_readpio"                                -       6144     6144 6.144000e+03   5.265450e+02     0.114 (  5004      0)     0.068 (  4052      0)
"o_i:PIO:openfile"                                            -       6144     6144 6.144000e+03   3.243545e+02     0.057 (   564      0)     0.043 (  3475      0)
"o_i:PIO:pio_inq_varid_file_vdesc"                            -       6144     6144 2.457600e+04   4.804418e+00     0.001 (  6136      0)     0.000 (    22      0)
"o_i:PIO:pio_inq_varid_file_vid"                              -       6144     6144 2.457600e+04   4.790858e+00     0.001 (  6136      0)     0.000 (    22      0)
"o_i:PIO:pio_inq_varndims_file_vdesc"                         -       6144     6144 1.228800e+04   9.506855e+00     0.018 (    24      0)     0.001 (    17      0)
"o_i:PIO:pio_inq_varndims_file_vid"                           -       6144     6144 1.228800e+04   9.498472e+00     0.018 (    24      0)     0.001 (    17      0)
"o_i:PIO:pio_inq_vardimid_file_vdesc"                         -       6144     6144 1.228800e+04   1.037405e+01     0.002 (   397      0)     0.001 (  3451      0)
"o_i:PIO:pio_inq_vardimid_file_vid"                           -       6144     6144 1.228800e+04   1.036682e+01     0.002 (   397      0)     0.001 (  3449      0)
"o_i:PIO:pio_inq_dimlen_file_dimid"                           -       6144     6144 3.686400e+04   6.238389e+00     0.001 (   593      0)     0.001 (    43      0)
"o_i:PIO:pio_inq_dimlen_file_dimid_offlen"                    -       6144     6144 3.686400e+04   6.225459e+00     0.001 (   593      0)     0.001 (    43      0)
"o_i:PIO:pio_inq_vartype_file_vdesc"                          -       6144     6144 1.228800e+04   5.011791e+00     0.001 (    11      0)     0.001 (  1485      0)
"o_i:PIO:pio_inq_vartype_file_vid"                            -       6144     6144 1.228800e+04   5.004193e+00     0.001 (    11      0)     0.001 (  1221      0)
"o_i:PIO:read_darray_1d_real"                                 -       6144     6144 1.228800e+04   3.454054e+02     0.114 (  1192      0)     0.020 (  4576      0)
"o_i:PIO:PIOc_read_darray"                                    -       6144     6144 1.228800e+04   3.453648e+02     0.114 (  1192      0)     0.020 (  4576      0)
"o_i:PIO:read_darray_nc"                                      -       6144     6144 1.228800e+04   2.561376e+01     0.108 (  1680      0)     0.000 (  4687      0)
"o_i:PIO:rearrange_io2comp"                                   -       6144     6144 1.228800e+04   3.022205e+02     0.111 (  1192      0)     0.001 (  2604      0)
"o_i:docn_readLBUB_UB_setup"                                  -       6144     6144 6.144000e+03   4.813971e-03     0.000 (     0      0)     0.000 (   769      0)
"o_i:docn_readLBUB_UB_readpio"                                -       6144     6144 6.144000e+03   2.849725e+02     0.100 (  1285      0)     0.005 (  4518      0)
"o_i:docn_readLBUB_filemgt"                                   -       6144     6144 6.144000e+03   1.225851e-03     0.000 (  1004      0)     0.000 (  4240      0)
"o_i:docn_strd_adv_fill"                                      -       6144     6144 6.144000e+03   8.791683e-01     0.001 (  3474      0)     0.000 (  4211      0)
"o_i:docn_strd_adv_map"                                       -       6144     6144 6.144000e+03   2.900304e+02     0.069 (  3039      0)     0.002 (  5852      0)
"o_i:docn_strd_adv_tint"                                      -       6144     6144 6.144000e+03   4.058042e+00     0.002 (  2113      0)     0.000 (  1927      0)
"o_i:docn_scatter"                                            -       6144     6144 6.144000e+03   1.218181e+00     0.002 (  3472      0)     0.000 (  2949      0)
"o_i:docn_datamode"                                           -       6144     6144 6.144000e+03   3.390478e-01     0.001 (  3476      0)     0.000 (  4365      0)
"o_i:docn_run2"                                               -       6144     6144 6.144000e+03   1.030889e-03     0.000 (     0      0)     0.000 (    48      0)
"CPL:comp_init_cc_ice"                                        -       6144     6144 6.144000e+03   2.771472e+05    45.118 (  2669      0)    45.093 (   675      0)
"i_i:comp_init"                                               -       6144     6144 6.144000e+03   2.770181e+05    45.114 (  2664      0)    45.049 (  4945      0)
"i_i:cice_init"                                               -       6144     6144 6.144000e+03   2.821688e+04     4.633 (  1691      0)     4.555 (  4605      0)
"i_i:ice_HaloUpdate2DR8"                                      -       6144     6144 2.457600e+04   1.570924e+01     0.244 (     1      0)     0.000 (  4360      0)
"i_i:ice_HU2DR8_init"                                         -       6144     6144 2.457600e+04   2.180185e-02     0.000 (  1194      0)     0.000 (  3536      0)
"i_i:state_bound_h1"                                          -       6144     6144 6.144000e+03   5.925510e+00     0.031 (  1691      0)     0.000 (  4264      0)
"i_i:ice_HaloUpdate3DR8"                                      -       6144     6144 3.072000e+04   6.612772e+00     0.032 (  1691      0)     0.000 (  4264      0)
"i_i:ice_HU3DR8_init"                                         -       6144     6144 3.072000e+04   4.782345e-02     0.001 (  1701      0)     0.000 (  4264      0)
"i_i:ice_HU3DR8_recvall"                                      -       6144     6144 3.072000e+04   5.522653e+00     0.031 (  1691      0)     0.000 (  1795      0)
"i_i:state_bound_hm"                                          -       6144     6144 6.144000e+03   4.071643e+00     0.001 (  2784      0)     0.000 (     3      0)
"i_i:state_bound_hc"                                          -       6144     6144 6.144000e+03   5.380050e-02     0.001 (  1432      0)     0.000 (  4211      0)
"i_i:state_bound_h2"                                          -       6144     6144 6.144000e+03   1.371290e+00     0.018 (  3474      0)     0.000 (  2147      0)
"i_i:ice_HaloUpdate4DR8"                                      -       6144     6144 6.144000e+03   3.430780e-01     0.000 (  2845      0)     0.000 (  4270      0)
"i_i:ice_HU4DR8_init"                                         -       6144     6144 6.144000e+03   2.914441e-02     0.000 (  2563      0)     0.000 (  1934      0)
"i_i:ice_HU4DR8_recvall"                                      -       6144     6144 6.144000e+03   2.260741e-03     0.000 (  2050      0)     0.000 (  1788      0)
"i_i:state_bound_hd"                                          -       6144     6144 6.144000e+03   3.463546e-03     0.000 (  2298      0)     0.000 (  5112      0)
"i_i:cice_mct_init"                                           -       6144     6144 6.144000e+03   2.486622e+05    40.509 (  4210      0)    40.424 (  1563      0)
"i_i:PIO:initdecomp"                                          -       6144     6144 1.843200e+04   2.952404e+03     6.282 (    11      0)     0.451 (     0      0)
"i_i:PIO:PIOc_initdecomp"                                     -       6144     6144 1.843200e+04   2.952340e+03     6.282 (     8      0)     0.451 (     0      0)
"i_i:PIO:box_rearrange_create"                                -       6144     6144 1.843200e+04   2.752432e+03     0.448 (  5001      0)     0.448 (   791      0)
"i_i:PIO:pio_swapm"                                           -       6144     6144 5.529600e+04   2.592126e+03     0.444 (  3036      0)     0.365 (   496      0)
"CPL:comp_init_cc_glc"                                        -       6144     6144 6.144000e+03   1.855519e+01     0.006 (     8      0)     0.001 (  4745      0)
"g_i:comp_init"                                               -       6144     6144 6.144000e+03   1.026717e-02     0.000 (  4568      0)     0.000 (  2137      0)
"CPL:comp_init_cc_wav"                                        -       6144     6144 6.144000e+03   1.857436e+01     0.005 (  2410      0)     0.001 (  4200      0)
"w_i:comp_init"                                               -       6144     6144 6.144000e+03   4.456365e-03     0.000 (  3848      0)     0.000 (  5894      0)
"CPL:comp_init_cc_esp"                                        -       6144     6144 6.144000e+03   1.695712e+01     0.004 (   296      0)     0.000 (  2327      0)
"e_i:comp_init"                                               -       6144     6144 6.144000e+03   5.401656e-03     0.000 (  5968      0)     0.000 (  3178      0)
"CPL:comp_init_cx_all"                                        -       6144     6144 6.144000e+03   1.900571e+03     0.321 (   583      0)     0.302 (  5404      0)
"CPL:comp_list_all"                                           -       6144     6144 6.144000e+03   4.200164e-01     0.021 (  3470      0)     0.000 (  1352      0)
"CPL:init_maps"                                               -       6144     6144 6.144000e+03   2.740755e+02     0.149 (  3478      0)     0.018 (  4168      0)
"CPL:init_aream"                                              -       6144     6144 6.144000e+03   1.056031e+02     0.133 (  3920      0)     0.000 (  5934      0)
"CPL:init_domain_check"                                       -       6144     6144 6.144000e+03   8.367335e+02     0.179 (  6092      0)     0.046 (  3470      0)
"CPL:init_areacor"                                            -       6144     6144 6.144000e+03   1.472768e+02     0.024 (  3961      0)     0.024 (  5166      0)
"CPL:init_fracs"                                              -       6144     6144 6.144000e+03   1.765040e+01     0.006 (     0      0)     0.002 (  1484      0)
"CPL:init_aoflux"                                             -       6144     6144 6.144000e+03   7.808299e+00     0.019 (  3468      0)     0.001 (     0      0)
"CPL:init_atminit"                                            -       6144     6144 3.686400e+04   4.177458e+01     0.023 (  4607      0)     0.004 (  1696      0)
"CPL:comp_init_cc_atm2"                                       -       6144     6144 6.144000e+03   1.363731e+02     0.028 (  3402      0)     0.005 (  1691      0)
"CPL:init_readrestart"                                        -       6144     6144 6.144000e+03   1.576725e+00     0.027 (  1699      0)     0.000 (   168      0)
"CPL:cime_run_init"                                           -       6144     6144 6.144000e+03   1.271119e+00     0.041 (     0      0)     0.000 (  3995      0)
"CPL:INIT_sync1_tprf"                                         -       6144     6144 6.144000e+03   2.223110e+02     0.041 (   663      0)     0.000 (     0      0)
"CPL:INIT_t_prf"                                              -       6144     6144 6.144000e+03   2.188598e+00     0.088 (     0      0)     0.000 (   901      0)
"CPL:INIT_sync2_tprf"                                         -       6144     6144 6.144000e+03   5.390760e+02     0.088 (   901      0)     0.000 (     0      0)
"CPL:RUN_LOOP_BSTART"                                         -       6144     6144 6.144000e+03   2.167239e-01     0.000 (   897      0)     0.000 (     0      0)
"CPL:RUN_LOOP"                                                -       6144     6144 2.654208e+06   3.536715e+06   575.642 (  1029      0)   575.626 (  1526      0)
"CPL:CLOCK_ADVANCE"                                           -       6144     6144 2.654208e+06   2.547244e+02     0.053 (  4748      0)     0.036 (  1024      0)
"CPL:RUN"                                                     -       6144     6144 3.184435e+07   2.993339e+04     9.015 (  3852      0)     2.649 (  1904      0)
"CPL:OCNPRE1"                                                 -       6144     6144 2.654208e+06   2.234203e+03     0.434 (  5085      0)     0.291 (  1507      0)
"CPL:ocnpre1_atm2ocn"                                         -       6144     6144 2.654208e+06   2.230900e+03     0.433 (  5085      0)     0.291 (  1507      0)
"CPL:LNDPREP"                                                 -       6144     6144 2.654208e+06   5.685784e+02     0.150 (   708      0)     0.035 (  6111      0)
"CPL:lndprep_atm2lnd"                                         -       6144     6144 2.654208e+06   3.659370e+02     0.110 (   708      0)     0.025 (  1449      0)
"CPL:lndprep_mrgx2l"                                          -       6144     6144 2.654208e+06   1.972665e+02     0.049 (  2085      0)     0.003 (  2761      0)
"CPL:COMM"                                                    -       6144     6144 1.857331e+07   1.599192e+05    43.759 (  3335      0)     9.944 (   424      0)
"CPL:C2L"                                                     -       6144     6144 2.654208e+06   2.503369e+03     0.472 (  3326      0)     0.337 (   708      0)
"CPL:c2l_lndx2lndl"                                           -       6144     6144 2.654208e+06   1.071898e+03     0.267 (  3029      0)     0.097 (  4689      0)
"CPL:c2l_infoexch"                                            -       6144     6144 2.654208e+06   1.426744e+03     0.342 (  1149      0)     0.121 (  5646      0)
"CPL:ICEPREP"                                                 -       6144     6144 2.654208e+06   1.682374e+03     0.295 (  1387      0)     0.263 (  1903      0)
"CPL:iceprep_ocn2ice"                                         -       6144     6144 2.654208e+06   2.782410e+02     0.050 (  1437      0)     0.041 (  1906      0)
"CPL:iceprep_atm2ice"                                         -       6144     6144 2.654208e+06   4.992347e+02     0.088 (  4891      0)     0.077 (  4616      0)
"CPL:iceprep_mrgx2i"                                          -       6144     6144 2.654208e+06   8.914680e+02     0.159 (  1391      0)     0.140 (  1114      0)
"CPL:C2I"                                                     -       6144     6144 2.654208e+06   1.923434e+03     0.334 (  4616      0)     0.279 (  1387      0)
"CPL:c2i_icex2icei"                                           -       6144     6144 2.654208e+06   4.871597e+02     0.085 (  1951      0)     0.075 (  5600      0)
"CPL:ice_infoexch"                                            -       6144     6144 2.654208e+06   1.432493e+03     0.258 (  4616      0)     0.194 (  1386      0)
"CPL:ICE_RUN"                                                 -       6144     6144 2.654208e+06   2.546616e+04     5.400 (  4903      0)     3.901 (  2036      0)
"i:cice_run_total"                                            -       6144     6144 2.654208e+06   2.447394e+04     5.236 (  4903      0)     3.741 (  2010      0)
"i:cice_run_import"                                           -       6144     6144 2.654208e+06   2.001068e+03     0.409 (  4170      0)     0.278 (  2225      0)
"i:cice_imp_ocn"                                              -       6144     6144 2.654208e+06   2.021700e+02     0.057 (  2795      0)     0.031 (  2188      0)
"i:cice_imp_atm"                                              -       6144     6144 2.654208e+06   1.983771e+02     0.069 (  2795      0)     0.030 (  4526      0)
"i:cice_run_initmd"                                           -       6144     6144 2.654208e+06   6.119250e+03     1.073 (  1498      0)     0.882 (  4350      0)
"i:cice_run_presc"                                            -       6144     6144 2.654208e+06   5.233090e+03     0.882 (  3051      0)     0.801 (  5894      0)
"i:cice_pice_strd_adv_total"                                  -       6144     6144 2.654208e+06   2.913502e+03     0.486 (  4716      0)     0.433 (  3772      0)
"i:cice_pice_strd_adv_readLBUB"                               -       6144     6144 2.654208e+06   2.302612e+03     0.453 (  1632      0)     0.337 (     6      0)
"i:cice_pice_readLBUB_setup"                                  -       6144     6144 2.654208e+06   8.215830e-01     0.000 (   997      0)     0.000 (  4240      0)
"i:cice_pice_readLBUB_fbound"                                 -       6144     6144 1.228800e+04   2.439201e-01     0.243 (     0      0)     0.000 (  1416      0)
"i:cice_pice_readLBUB_bcast"                                  -       6144     6144 1.228800e+04   1.494310e+03     0.243 (    21      0)     0.001 (     0      0)
"i:cice_pice_readLBUB_LB_setup"                               -       6144     6144 6.144000e+03   2.647611e-03     0.000 (     0      0)     0.000 (  2503      0)
"i:cice_pice_readLBUB_LB_readpio"                             -       6144     6144 6.144000e+03   2.227704e+02     0.085 (  2436      0)     0.023 (     0      0)
"i:PIO:openfile"                                              -       6144     6144 6.144000e+03   9.159790e+01     0.015 (  5364      0)     0.015 (     0      0)
"i:PIO:pio_inq_varid_file_vdesc"                              -       6144     6144 3.686400e+04   8.453240e+00     0.002 (  6134      0)     0.001 (    22      0)
"i:PIO:pio_inq_varid_file_vid"                                -       6144     6144 3.686400e+04   8.437133e+00     0.002 (  6135      0)     0.001 (    22      0)
"i:PIO:pio_inq_varndims_file_vdesc"                           -       6144     6144 1.843200e+04   4.654572e+01     0.045 (  4765      0)     0.001 (  4791      0)
"i:PIO:pio_inq_varndims_file_vid"                             -       6144     6144 1.843200e+04   4.653470e+01     0.045 (  4765      0)     0.001 (  4791      0)
"i:PIO:pio_inq_vardimid_file_vdesc"                           -       6144     6144 1.843200e+04   1.821111e+01     0.003 (  3184      0)     0.002 (  4585      0)
"i:PIO:pio_inq_vardimid_file_vid"                             -       6144     6144 1.843200e+04   1.820232e+01     0.003 (  3184      0)     0.002 (  4585      0)
"i:PIO:pio_inq_dimlen_file_dimid"                             -       6144     6144 5.529600e+04   1.122416e+01     0.002 (  5450      0)     0.001 (   111      0)
"i:PIO:pio_inq_dimlen_file_dimid_offlen"                      -       6144     6144 5.529600e+04   1.120577e+01     0.002 (  5450      0)     0.001 (   139      0)
"i:PIO:pio_inq_vartype_file_vdesc"                            -       6144     6144 1.843200e+04   8.954944e+00     0.002 (  4639      0)     0.001 (  4929      0)
"i:PIO:pio_inq_vartype_file_vid"                              -       6144     6144 1.843200e+04   8.945431e+00     0.002 (  4639      0)     0.001 (  6111      0)
"i:PIO:read_darray_1d_real"                                   -       6144     6144 1.843200e+04   5.370549e+02     0.181 (  1644      0)     0.035 (   367      0)
"i:PIO:PIOc_read_darray"                                      -       6144     6144 1.843200e+04   5.370057e+02     0.181 (  1644      0)     0.035 (   367      0)
"i:PIO:read_darray_nc"                                        -       6144     6144 1.843200e+04   4.274960e+01     0.161 (   252      0)     0.000 (  5416      0)
"i:PIO:rearrange_io2comp"                                     -       6144     6144 1.843200e+04   4.734580e+02     0.165 (   127      0)     0.000 (     0      0)
"i:PIO:pio_swapm"                                             -       6144     6144 1.843200e+04   4.728730e+02     0.165 (   127      0)     0.000 (     0      0)
"i:cice_pice_readLBUB_UB_setup"                               -       6144     6144 1.228800e+04   5.531468e-03     0.000 (     0      0)     0.000 (  1162      0)
"i:cice_pice_readLBUB_UB_readpio"                             -       6144     6144 1.228800e+04   5.756068e+02     0.179 (  1632      0)     0.032 (   297      0)
"i:cice_pice_readLBUB_filemgt"                                -       6144     6144 2.654208e+06   7.093494e-01     0.000 (  3785      0)     0.000 (  5928      0)
"i:cice_pice_strd_adv_map"                                    -       6144     6144 1.228800e+04   5.386142e+02     0.130 (     5      0)     0.009 (  1644      0)
"i:cice_pice_strd_adv_tint"                                   -       6144     6144 2.654208e+06   6.106565e+01     0.011 (  2931      0)     0.009 (  5622      0)
"i:cice_run_initflux"                                         -       6144     6144 2.654208e+06   2.321879e+02     0.042 (  4095      0)     0.034 (  1022      0)
"i:cice_run_prepradiation"                                    -       6144     6144 2.654208e+06   8.769118e+01     0.022 (  4842      0)     0.013 (  2049      0)
"i:cice_run_therm1"                                           -       6144     6144 2.654208e+06   3.493899e+03     1.131 (  4848      0)     0.494 (  4270      0)
"i:cice_run_dyn"                                              -       6144     6144 2.654208e+06   1.396583e-01     0.000 (  5202      0)     0.000 (  1435      0)
"i:cice_run_radiation"                                        -       6144     6144 2.654208e+06   2.132615e+03     1.151 (  4927      0)     0.253 (  1942      0)
"i:cice_step_radiationib"                                     -       6144     6144 2.654208e+06   1.914152e+03     1.117 (  4927      0)     0.218 (  1942      0)
"i:cice_step_rib_swdedd1"                                     -       6144     6144 2.654208e+06   1.660906e+02     0.039 (  4292      0)     0.011 (  5899      0)
"i:cice_step_rib_swdedd2"                                     -       6144     6144 2.654208e+06   1.355163e+02     0.024 (  4867      0)     0.021 (  1258      0)
"i:cice_step_rib_swdedd7"                                     -       6144     6144 2.654208e+06   1.500087e+03     1.041 (  4927      0)     0.163 (  5062      0)
"i:cice_run_couplingprep"                                     -       6144     6144 2.654208e+06   1.463582e+03     0.340 (  4295      0)     0.217 (  4875      0)
"i:ice_HaloUpdate2DR8"                                        -       6144     6144 2.654208e+06   1.246856e+02     0.128 (  4295      0)     0.007 (  2235      0)
"i:ice_HU2DR8_init"                                           -       6144     6144 2.654208e+06   2.090861e+00     0.001 (   856      0)     0.000 (  3344      0)
"i:cice_run_diag"                                             -       6144     6144 2.654208e+06   1.615483e+03     0.275 (   496      0)     0.203 (  4835      0)
"i:cice_run_hist"                                             -       6144     6144 2.654208e+06   1.377316e+03     0.250 (  4160      0)     0.178 (  5891      0)
"i:cice_run_accum"                                            -       6144     6144 2.654208e+06   2.792299e+01     0.005 (  4372      0)     0.004 (   644      0)
"i:cice_run_export"                                           -       6144     6144 2.654208e+06   6.329599e+02     0.116 (  4863      0)     0.096 (  1883      0)
"CPL:LND_RUN"                                                 -       6144     6144 2.654208e+06   3.249524e+05    62.743 (   379      0)    44.061 (  6052      0)
"l:lc_lnd_import"                                             -       6144     6144 2.654208e+06   1.294828e+03     0.280 (   248      0)     0.109 (  2847      0)
"l:elm_run"                                                   -       6144     6144 2.660352e+06   3.228887e+05    62.430 (   379      0)    43.676 (  6052      0)
"l:shr_orb_decl"                                              -       6144     6144 2.660352e+06   2.831824e+00     0.001 (  5533      0)     0.000 (   648      0)
"l:decomp_vert"                                               -       6144     6144 2.660352e+06   4.070816e+01     0.011 (  5378      0)     0.003 (   846      0)
"l:beggridwbal"                                               -       6144     6144 2.660352e+06   1.493306e+03     0.294 (   430      0)     0.203 (  4380      0)
"l:cnpinit"                                                   -       6144     6144 2.660352e+06   2.618781e+00     0.001 (  4718      0)     0.000 (  1465      0)
"l:cnpvegsumm"                                                -       6144     6144 2.660352e+06   2.942041e-01     0.000 (  4869      0)     0.000 (  1882      0)
"l:dyn_subgrid"                                               -       6144     6144 2.660352e+06   9.566626e+03     1.808 (   654      0)     1.364 (  3441      0)
"l:begwbal"                                                   -       6144     6144 2.660352e+06   1.850020e+02     0.046 (   430      0)     0.019 (  3441      0)
"l:begcnpbal"                                                 -       6144     6144 2.660352e+06   2.872267e-01     0.000 (   994      0)     0.000 (  2409      0)
"l:drvinit"                                                   -       6144     6144 2.660352e+06   8.743861e+02     0.171 (   966      0)     0.129 (  3421      0)
"l:canhydro"                                                  -       6144     6144 2.660352e+06   1.696353e+03     0.368 (   737      0)     0.211 (  3312      0)
"l:surfrad"                                                   -       6144     6144 2.660352e+06   3.405551e+03     0.681 (  1117      0)     0.470 (  2885      0)
"l:bgp1"                                                      -       6144     6144 2.660352e+06   1.945884e+03     0.446 (   430      0)     0.241 (  3441      0)
"l:bgflux"                                                    -       6144     6144 2.660352e+06   2.655256e+03     0.571 (  3963      0)     0.270 (  1382      0)
"l:canflux"                                                   -       6144     6144 2.660352e+06   1.059710e+05    25.307 (   977      0)    11.195 (  4067      0)
"l:can_iter"                                                  -       6144     6144 2.660352e+06   8.645672e+04    21.550 (   977      0)     8.527 (  4067      0)
"l:uflux"                                                     -       6144     6144 2.660352e+06   1.539886e+03     0.490 (   654      0)     0.100 (  5491      0)
"l:bgplake"                                                   -       6144     6144 2.660352e+06   8.019428e+03     1.894 (   186      0)     0.834 (  3860      0)
"l:bgc"                                                       -       6144     6144 2.660352e+06   5.760892e+03     1.205 (   848      0)     0.718 (  3099      0)
"l:soiltemperature"                                           -       6144     6144 2.660352e+06   6.982803e+04    13.365 (  6075      0)     9.794 (  3421      0)
"l:SoilThermProp"                                             -       6144     6144 2.660352e+06   3.249467e+03     0.741 (   654      0)     0.379 (  3441      0)
"l:SoilTempBandDiag"                                          -       6144     6144 5.320704e+06   6.393533e+03     1.705 (   100      0)     0.686 (  5491      0)
"l:PhaseChangeH2osfc"                                         -       6144     6144 2.660352e+06   3.263136e+01     0.010 (   825      0)     0.003 (  3151      0)
"l:PhaseChangebeta"                                           -       6144     6144 2.660352e+06   1.287022e+03     0.330 (   654      0)     0.110 (  4921      0)
"l:bgp2"                                                      -       6144     6144 2.660352e+06   2.748010e+03     0.563 (  6075      0)     0.347 (  1190      0)
"l:bgp2_loop_1"                                               -       6144     6144 2.660352e+06   4.969241e+02     0.102 (  6075      0)     0.064 (  1190      0)
"l:bgp2_loop_2"                                               -       6144     6144 2.660352e+06   8.833974e+02     0.172 (  6075      0)     0.115 (  4021      0)
"l:bgp2_loop_3"                                               -       6144     6144 2.660352e+06   1.064072e+03     0.236 (  5346      0)     0.119 (  3099      0)
"l:bgp2_loop_4"                                               -       6144     6144 2.660352e+06   2.887868e+02     0.057 (  1039      0)     0.039 (  3441      0)
"l:patch2col"                                                 -       6144     6144 2.660352e+06   1.343251e+03     0.272 (  6075      0)     0.179 (  3442      0)
"l:hydro without drainage"                                    -       6144     6144 2.660352e+06   2.282404e+04     4.792 (   654      0)     2.941 (  3442      0)
"l:hylake"                                                    -       6144     6144 2.660352e+06   1.973890e+03     0.779 (   192      0)     0.252 (    82      0)
"l:snow_init"                                                 -       6144     6144 2.660352e+06   1.394250e+02     0.053 (  1185      0)     0.009 (  5487      0)
"l:ecosysdyn"                                                 -       6144     6144 2.660352e+06   5.019017e+02     0.097 (  1039      0)     0.067 (  4021      0)
"l:depvel"                                                    -       6144     6144 5.320704e+06   2.823388e+00     0.001 (  3186      0)     0.000 (   836      0)
"l:hydro2 drainage"                                           -       6144     6144 2.660352e+06   1.446022e+03     0.345 (  5903      0)     0.172 (  3735      0)
"l:balchk"                                                    -       6144     6144 2.660352e+06   1.674357e+03     0.307 (  1039      0)     0.241 (  3441      0)
"l:gridbalchk"                                                -       6144     6144 2.660352e+06   9.814784e+02     0.177 (   654      0)     0.144 (  2133      0)
"l:lnd2atm"                                                   -       6144     6144 2.660352e+06   7.739153e+03     1.406 (  1039      0)     1.126 (  3151      0)
"l:wrtdiag"                                                   -       6144     6144 2.660352e+06   2.752515e+01     0.023 (     0      0)     0.004 (  2948      0)
"l:hbuf"                                                      -       6144     6144 2.660352e+06   3.038060e+04     5.607 (   143      0)     4.429 (  1190      0)
"l:elm_drv_io"                                                -       6144     6144 2.660352e+06   8.027093e+00     0.019 (     0      0)     0.001 (  1622      0)
"l:elm_drv_io_htapes"                                         -       6144     6144 2.660352e+06   6.500073e+00     0.019 (     0      0)     0.001 (  2072      0)
"l:lc_lnd_export"                                             -       6144     6144 2.660352e+06   2.696845e+02     0.048 (  4610      0)     0.042 (  6142      0)
"l:lc_elm2_adv_timestep"                                      -       6144     6144 2.660352e+06   2.126555e+00     0.001 (  2996      0)     0.000 (  4466      0)
"l:accum"                                                     -       6144     6144 2.654208e+06   5.624410e+03     0.964 (  5868      0)     0.857 (    49      0)
"CPL:ATMOCNP"                                                 -       6144     6144 2.654208e+06   4.444072e+03     1.052 (  5042      0)     0.169 (  5900      0)
"CPL:atmocnp_fluxo"                                           -       6144     6144 2.654208e+06   3.745169e+03     0.945 (  5042      0)     0.050 (  5900      0)
"CPL:atmocnp_ocnalb"                                          -       6144     6144 2.654208e+06   6.909034e+02     0.151 (  2039      0)     0.087 (  3770      0)
"CPL:L2C"                                                     -       6144     6144 2.654208e+06   2.915661e+04     9.798 (  3953      0)     0.216 (  1071      0)
"CPL:l2c_lndl2lndx"                                           -       6144     6144 2.654208e+06   2.914521e+04     9.796 (  3953      0)     0.214 (  1071      0)
"lnd2cpl_run"                                                 -       6144     6144 2.654208e+06   7.160762e+00     0.001 (  3108      0)     0.001 (  5120      0)
"CPL:LNDPOST"                                                 -       6144     6144 2.654208e+06   2.114654e+00     0.000 (  1005      0)     0.000 (  1032      0)
"CPL:I2C"                                                     -       6144     6144 2.654208e+06   5.161419e+02     0.090 (  3555      0)     0.078 (   856      0)
"CPL:i2c_icei2icex"                                           -       6144     6144 2.654208e+06   5.063468e+02     0.088 (  3555      0)     0.076 (   856      0)
"CPL:i2c_infoexch"                                            -       6144     6144 2.654208e+06   4.710064e+00     0.001 (  3322      0)     0.001 (  5632      0)
"CPL:ICEPOST"                                                 -       6144     6144 2.654208e+06   5.982446e-01     0.000 (  1784      0)     0.000 (  5531      0)
"CPL:FRACSET"                                                 -       6144     6144 2.654208e+06   6.672654e+02     0.115 (  1266      0)     0.104 (  1904      0)
"CPL:fracset_fracset"                                         -       6144     6144 2.654208e+06   6.659590e+02     0.115 (  1266      0)     0.104 (  1904      0)
"CPL:ATMPREP"                                                 -       6144     6144 2.654208e+06   2.030241e+04     7.314 (  3852      0)     1.294 (  1449      0)
"CPL:atmprep_xao2atm"                                         -       6144     6144 2.654208e+06   1.427269e+03     0.280 (  5617      0)     0.208 (  1048      0)
"CPL:atmprep_ocn2atm"                                         -       6144     6144 2.654208e+06   1.061523e+03     0.199 (  2017      0)     0.156 (  3045      0)
"CPL:atmprep_alb2atm"                                         -       6144     6144 2.654208e+06   4.103371e+02     0.079 (  2040      0)     0.059 (  1614      0)
"CPL:atmprep_ice2atm"                                         -       6144     6144 2.654208e+06   1.768731e+03     0.324 (  6104      0)     0.259 (   762      0)
"CPL:atmprep_lnd2atm"                                         -       6144     6144 2.654208e+06   1.323797e+04     6.189 (  3852      0)     0.173 (  1449      0)
"CPL:atmprep_mrgx2a"                                          -       6144     6144 2.654208e+06   2.379902e+03     0.450 (  5703      0)     0.363 (  5074      0)
"CPL:C2A"                                                     -       6144     6144 2.654208e+06   2.063328e+04     6.329 (  1648      0)     0.835 (  3919      0)
"CPL:c2a_atmx2atmg"                                           -       6144     6144 2.654208e+06   1.756502e+04     5.822 (  1666      0)     0.564 (  3919      0)
"CPL:c2a_infoexch"                                            -       6144     6144 2.654208e+06   3.064439e+03     1.657 (  1263      0)     0.154 (  2161      0)
"CPL:ATM_RUN"                                                 -       6144     6144 2.654208e+06   2.955620e+06   494.939 (  1945      0)   469.959 (  3326      0)
"a:EAMxx::run"                                                -       6144     6144 2.654208e+06   2.954354e+06   494.734 (  1945      0)   469.751 (  3326      0)
"a:PIO:PIOc_sync"                                             -       6144     6144 6.144000e+03   1.688766e-01     0.000 (  3108      0)     0.000 (  4748      0)
"a:PIO:write_total"                                           -       6144     6144 6.144000e+03   1.539384e-01     0.000 (  3108      0)     0.000 (  4746      0)
"a:PIO:flush_output_buffer"                                   -        512      512 5.120000e+02   6.837946e-02     0.000 (  3108      0)     0.000 (  2136      0)
"a:EAMxx::EAMxx::run"                                         -       6144     6144 2.654208e+06   2.953860e+06   494.655 (  1945      0)   469.671 (  3326      0)
"a:EAMxx::EAMxx::run-precondition-checks"                     -       6144     6144 2.654208e+06   1.058931e+00     0.000 (  1425      0)     0.000 (  4932      0)
"a:EAMxx::SurfaceCouplingImporter::run"                       -       6144     6144 2.654208e+06   2.072728e+03     0.529 (   261      0)     0.290 (  2010      0)
"a:EAMxx::SurfaceCouplingImporter::run-precondition-checks"   -       6144     6144 2.654208e+06   4.937239e-01     0.000 (  3330      0)     0.000 (   373      0)
"a:EAMxx::SurfaceCouplingImporter::run-postcondition-checks"  -       6144     6144 2.654208e+06   1.624930e+03     0.455 (   261      0)     0.218 (  2502      0)
"a:EAMxx::homme::run"                                         -       6144     6144 2.654208e+06   2.739589e+06   446.053 (  4383      0)   445.708 (   261      0)
"a:EAMxx::homme::run-precondition-checks"                     -       6144     6144 2.654208e+06   5.859598e-01     0.000 (  5370      0)     0.000 (  2335      0)
"a:tl-sc prim_run_subcycle_c"                                 -       6144     6144 5.308416e+06   2.682933e+06   436.914 (  1023      0)   436.352 (  2829      0)
"a:tl-s prim_step_flexible"                                   -       6144     6144 5.308416e+06   2.682908e+06   436.910 (  1023      0)   436.348 (  2829      0)
"a:ApplyCAMForcing_tracers"                                   -       6144     6144 2.654208e+06   4.660079e+03     0.958 (  4067      0)     0.679 (  2670      0)
"a:tl-s deep_copy+derived_dp"                                 -       6144     6144 5.308416e+06   8.672293e+02     0.169 (   731      0)     0.131 (  5394      0)
"a:ApplyCAMForcing_dynamics"                                  -       6144     6144 1.592525e+07   4.813236e+03     0.843 (  2349      0)     0.721 (  3086      0)
"a:tl-ae prim_advance_exp"                                    -       6144     6144 3.185050e+07   2.274124e+06   379.282 (  3990      0)   365.425 (  1987      0)
"a:ttype9_imex_timestep"                                      -       6144     6144 3.185050e+07   2.005938e+06   338.473 (  3990      0)   320.295 (   668      0)
"a:caar compute"                                              -       6144     6144 3.185050e+08   7.079924e+05   129.029 (  5164      0)   101.063 (  2670      0)
"a:caar_bexchV"                                               -       6144     6144 1.592525e+08   3.570853e+05    76.662 (  2670      0)    43.946 (  1843      0)
"a:caar limiter"                                              -       6144     6144 1.911030e+08   1.273280e+05    26.474 (  4636      0)    18.489 (  3826      0)
"a:compute_stage_value_dirk"                                  -       6144     6144 1.592525e+08   7.992765e+05   136.435 (  3712      0)   126.296 (  1343      0)
"a:tl-ae advance_hypervis_dp"                                 -       6144     6144 3.185050e+07   2.671826e+05    53.482 (   668      0)    37.123 (  3455      0)
"a:hvf-bhwk"                                                  -       6144     6144 3.185050e+07   1.475302e+05    27.951 (  3174      0)    21.601 (  5466      0)
"a:hvf-bexch"                                                 -       6144     6144 9.555149e+07   1.383221e+05    33.538 (   668      0)    14.710 (  5164      0)
"a:tl-sc vertical_remap"                                      -       6144     6144 1.592525e+07   1.321284e+05    23.653 (  5164      0)    19.067 (  2671      0)
"a:Remap Thickness Functor"                                   -       6144     6144 1.592525e+07   3.100759e+03     0.553 (  3477      0)     0.438 (  2670      0)
"a:Remap Scale States Functor"                                -       6144     6144 1.592525e+07   1.265655e+03     0.230 (  1855      0)     0.182 (  3910      0)
"a:Remap Compute Grids Functor"                               -       6144     6144 1.592525e+07   1.060108e+04     1.934 (  5164      0)     1.527 (  2670      0)
"a:Remap Compute Remap Functor"                               -       6144     6144 1.592525e+07   9.363104e+04    16.904 (  5164      0)    13.413 (  2671      0)
"a:Remap Rescale States Functor"                              -       6144     6144 1.592525e+07   2.191247e+03     0.427 (  4487      0)     0.300 (  4002      0)
"a:tl-at prim_advec_tracers_compose"                          -       6144     6144 5.308416e+06   2.409614e+05    43.295 (  2740      0)    30.288 (  3989      0)
"a:compose_transport"                                         -       6144     6144 5.308416e+06   2.408930e+05    43.284 (  2740      0)    30.277 (  3989      0)
"a:compose_calc_trajectory"                                   -       6144     6144 5.308416e+06   2.927446e+04     5.821 (  3108      0)     4.182 (  2407      0)
"a:compose_3d_levels"                                         -       6144     6144 5.308416e+06   1.717794e+04     3.286 (  5164      0)     2.531 (  2670      0)
"a:compose_v_bexchv"                                          -       6144     6144 5.308416e+06   1.105940e+04     3.052 (  2828      0)     1.190 (  1063      0)
"a:compose_v2x"                                               -       6144     6144 5.308416e+06   1.015786e+03     0.210 (  5801      0)     0.140 (  2828      0)
"a:compose_isl"                                               -       6144     6144 5.308416e+06   6.307996e+04    13.400 (  4210      0)     8.132 (  4022      0)
"a:compose_hypervis_scalar"                                   -       6144     6144 5.308416e+06   6.530821e+04    16.388 (  1660      0)     6.293 (  2422      0)
"a:compose_cedr_global"                                       -       6144     6144 5.308416e+06   5.956292e+04    13.966 (   161      0)     5.686 (  4837      0)
"a:repro_sum_int"                                             -       6144     6144 5.308416e+06   4.646680e+04    11.811 (   162      0)     3.583 (  4833      0)
"a:compose_cedr_local"                                        -       6144     6144 5.308416e+06   8.226974e+03     1.537 (   203      0)     1.125 (  2671      0)
"a:compose_dss_q"                                             -       6144     6144 5.308416e+06   1.540073e+04     2.718 (  1811      0)     2.231 (  4003      0)
"a:compose_vertical_remap"                                    -       6144     6144 5.308416e+06   2.512622e+04     4.402 (  5834      0)     3.643 (  2670      0)
"a:shr_reprosum_INF_NaN_Chk"                                  -       6144     6144 5.308416e+06   3.785259e+02     0.082 (  1373      0)     0.061 (  5663      0)
"a:shr_reprosum_int"                                          -       6144     6144 5.308416e+06   7.682776e+03     1.791 (  2671      0)     0.822 (  1811      0)
"a:repro_sum_loopa"                                           -       6144     6144 5.308416e+06   1.942371e+02     0.032 (  4354      0)     0.031 (  5220      0)
"a:repro_sum_allr_minmax"                                     -       6144     6144 5.308416e+06   5.550874e+03     1.447 (  2671      0)     0.480 (  1811      0)
"a:repro_sum_loopb"                                           -       6144     6144 5.308416e+06   4.844050e+02     0.128 (  1721      0)     0.077 (  1119      0)
"a:repro_sum_allr_i8"                                         -       6144     6144 5.308416e+06   1.420603e+03     0.253 (  1719      0)     0.200 (  4383      0)
"a:repro_sum_finalsum"                                        -       6144     6144 5.308416e+06   6.621045e+00     0.002 (  4428      0)     0.001 (  4769      0)
"a:EAMxx::homme::run-postcondition-checks"                    -       6144     6144 2.654208e+06   3.772483e+03     0.716 (  1843      0)     0.584 (  3984      0)
"a:EAMxx::physics::run"                                       -       6144     6144 2.654208e+06   2.093474e+05    47.941 (  1945      0)    23.055 (  3326      0)
"a:EAMxx::physics::run-precondition-checks"                   -       6144     6144 2.654208e+06   7.378798e-01     0.000 (  3272      0)     0.000 (  2220      0)
"a:EAMxx::mac_aero_mic::run"                                  -       6144     6144 2.654208e+06   6.331594e+04    16.483 (  1950      0)     7.453 (  3094      0)
"a:EAMxx::mac_aero_mic::run-precondition-checks"              -       6144     6144 2.654208e+06   4.430368e-01     0.000 (  5577      0)     0.000 (  5897      0)
"a:EAMxx::tms::run"                                           -       6144     6144 2.654208e+06   4.014427e+02     0.140 (  3512      0)     0.055 (   244      0)
"a:EAMxx::tms::run-precondition-checks"                       -       6144     6144 2.654208e+06   3.984176e-01     0.000 (  1045      0)     0.000 (  3527      0)
"a:EAMxx::tms::run-postcondition-checks"                      -       6144     6144 2.654208e+06   2.705807e+02     0.089 (  2889      0)     0.040 (   478      0)
"a:EAMxx::shoc::run"                                          -       6144     6144 2.654208e+06   2.215812e+04     4.107 (  1879      0)     3.329 (  2806      0)
"a:EAMxx::shoc::run-precondition-checks"                      -       6144     6144 2.654208e+06   4.145823e-01     0.000 (   685      0)     0.000 (  1348      0)
"a:EAMxx::shoc::preprocess"                                   -       6144     6144 2.654208e+06   1.886651e+02     0.303 (  5982      0)     0.005 (  3317      0)
"a:EAMxx::shoc::shoc_main"                                    -       6144     6144 2.654208e+06   1.556000e+04     2.946 (  4655      0)     2.321 (  3270      0)
"a:EAMxx::shoc::postprocess"                                  -       6144     6144 2.654208e+06   1.221349e+02     0.191 (  1590      0)     0.009 (  4879      0)
"a:EAMxx::shoc::run-postcondition-checks"                     -       6144     6144 2.654208e+06   3.978727e+03     0.673 (  5081      0)     0.629 (  2300      0)
"a:EAMxx::cld_fraction::run"                                  -       6144     6144 2.654208e+06   1.363151e+03     0.266 (  2291      0)     0.210 (  3308      0)
"a:EAMxx::cld_fraction::run-precondition-checks"              -       6144     6144 2.654208e+06   8.367813e-01     0.000 (  3403      0)     0.000 (  4714      0)
"a:EAMxx::cld_fraction::run-postcondition-checks"             -       6144     6144 2.654208e+06   1.229112e+03     0.208 (  1733      0)     0.191 (  1084      0)
"a:EAMxx::spa::run"                                           -       6144     6144 2.654208e+06   1.049796e+04     1.959 (  4740      0)     1.607 (  1462      0)
"a:EAMxx::spa::run-precondition-checks"                       -       6144     6144 2.654208e+06   5.782657e-01     0.000 (   253      0)     0.000 (  1390      0)
"a:EAMxx::spa::run-postcondition-checks"                      -       6144     6144 2.654208e+06   6.971548e+03     1.226 (  2111      0)     1.043 (  1462      0)
"a:EAMxx::p3::run"                                            -       6144     6144 2.654208e+06   2.879723e+04    11.024 (  1950      0)     2.077 (  3098      0)
"a:EAMxx::p3::run-precondition-checks"                        -       6144     6144 2.654208e+06   4.253929e+02     0.802 (  4989      0)     0.065 (  1122      0)
"a:EAMxx::p3::run-postcondition-checks"                       -       6144     6144 2.654208e+06   7.279490e+03     1.478 (  3579      0)     0.949 (  4423      0)
"a:EAMxx::mac_aero_mic::run-postcondition-checks"             -       6144     6144 2.654208e+06   7.554428e-01     0.000 (  6057      0)     0.000 (  2696      0)
"a:EAMxx::rrtmgp::run"                                        -       6144     6144 2.654208e+06   1.459343e+05    33.702 (  4865      0)    14.850 (  2876      0)
"a:EAMxx::rrtmgp::run-precondition-checks"                    -       6144     6144 2.654208e+06   2.077541e+02     0.038 (  4407      0)     0.032 (  4138      0)
"a:EAMxx::rrtmgp::run-postcondition-checks"                   -       6144     6144 2.654208e+06   5.365260e+03     0.994 (  4423      0)     0.809 (   638      0)
"a:EAMxx::physics::run-postcondition-checks"                  -       6144     6144 2.654208e+06   5.814220e-01     0.000 (  5145      0)     0.000 (  1116      0)
"a:EAMxx::SurfaceCouplingExporter::run"                       -       6144     6144 2.654208e+06   2.620228e+03     0.501 (  3517      0)     0.382 (  6118      0)
"a:EAMxx::SurfaceCouplingExporter::run-precondition-checks"   -       6144     6144 2.654208e+06   9.012441e-01     0.000 (  4423      0)     0.000 (  4841      0)
"a:EAMxx::SurfaceCouplingExporter::run-postcondition-checks"  -       6144     6144 2.654208e+06   1.080809e+00     0.000 (  1701      0)     0.000 (  2622      0)
"a:EAMxx::EAMxx::run-postcondition-checks"                    -       6144     6144 2.654208e+06   4.522337e-01     0.000 (  2049      0)     0.000 (  2183      0)
"a:EAMxx::IO::restart"                                        -       6144     6144 2.654208e+06   1.646018e+01     0.008 (  2586      0)     0.002 (  4476      0)
"a:EAMxx::IO::model_restart"                                  -       6144     6144 2.654208e+06   1.353301e+01     0.008 (  2586      0)     0.002 (   453      0)
"a:EAMxx::IO::restart::get_new_file"                          -       6144     6144 2.654208e+06   4.057214e-01     0.000 (  2742      0)     0.000 (  5045      0)
"a:EAMxx::IO::restart::run_output_streams"                    -       6144     6144 2.654208e+06   5.463214e+00     0.007 (  2586      0)     0.001 (    67      0)
"a:EAMxx::IO::standard"                                       -       6144     6144 2.654208e+06   7.608985e+00     0.002 (  3159      0)     0.001 (  4186      0)
"a:EAMxx::IO::nooutput.yaml"                                  -       6144     6144 2.654208e+06   5.431080e+00     0.001 (  5846      0)     0.001 (  4821      0)
"a:EAMxx::IO::standard::get_new_file"                         -       6144     6144 2.654208e+06   1.865917e-01     0.000 (    53      0)     0.000 (  2266      0)
"a:EAMxx::IO::standard::run_output_streams"                   -       6144     6144 2.654208e+06   4.778121e-01     0.000 (  2514      0)     0.000 (  2219      0)
"CPL:A2C"                                                     -       6144     6144 2.654208e+06   8.740383e+04    25.277 (  3318      0)     1.937 (  1447      0)
"CPL:a2c_atma2atmx"                                           -       6144     6144 2.654208e+06   6.052559e+04    22.872 (  4420      0)     0.444 (  1449      0)
"CPL:a2c_infoexch"                                            -       6144     6144 2.654208e+06   2.687056e+04    13.025 (  3519      0)     0.054 (     0      0)
"CPL:ATMPOST"                                                 -       6144     6144 2.654208e+06   1.402549e+00     0.000 (  2868      0)     0.000 (  1187      0)
"CPL:HISTORY"                                                 -       6144     6144 2.654208e+06   7.027504e+00     0.002 (  1965      0)     0.001 (  1094      0)
"CPL:cime_run_write_history"                                  -       6144     6144 2.654208e+06   5.548374e+00     0.002 (  1965      0)     0.001 (  1564      0)
"CPL:TSTAMP_WRITE"                                            -       6144     6144 2.654208e+06   1.955084e+00     0.001 (  5656      0)     0.000 (  3352      0)
"CPL:TPROF_WRITE"                                             -       6144     6144 2.654208e+06   7.656874e-01     0.000 (  1439      0)     0.000 (  4660      0)
"CPL:C2O_INITWAIT"                                            -       6144     6144 2.648064e+06   3.905366e+04    10.255 (    11      0)     3.543 (  4784      0)
"l:interpMonthlyVeg"                                          -       6144     6144 2.648064e+06   1.127028e+04     1.841 (  1788      0)     1.824 (  1965      0)
"l:readMonthlyVeg"                                            -       6144     6144 6.144000e+03   1.126814e+04     1.841 (  1788      0)     1.805 (  1694      0)
"l:PIO:openfile"                                              -       6144     6144 6.144000e+03   2.468569e+02     0.064 (  5463      0)     0.014 (  3813      0)
"l:PIO:pio_inq_varid_file_vdesc"                              -       6144     6144 4.915200e+04   2.245284e+01     0.008 (  5149      0)     0.000 (  2050      0)
"l:PIO:pio_inq_varid_file_vid"                                -       6144     6144 4.915200e+04   2.243276e+01     0.008 (  5149      0)     0.000 (  2050      0)
"l:PIO:pio_inq_varndims_file_vdesc"                           -       6144     6144 4.915200e+04   1.727238e+01     0.091 (  2041      0)     0.001 (  2051      0)
"l:PIO:pio_inq_varndims_file_vid"                             -       6144     6144 4.915200e+04   1.725738e+01     0.091 (  2041      0)     0.001 (  2051      0)
"l:PIO:pio_inq_vardimid_file_vdesc"                           -       6144     6144 4.915200e+04   4.168050e+01     0.009 (   497      0)     0.002 (  2086      0)
"l:PIO:pio_inq_vardimid_file_vid"                             -       6144     6144 4.915200e+04   4.166752e+01     0.009 (   497      0)     0.002 (  2076      0)
"l:PIO:pio_inq_dimname_file_dimid"                            -       6144     6144 4.177920e+05   1.073974e+02     0.021 (    38      0)     0.003 (  2100      0)
"l:PIO:pio_inq_dimlen_file_dimid"                             -       6144     6144 9.830400e+04   1.714237e+01     0.003 (   353      0)     0.001 (  2100      0)
"l:PIO:pio_inq_dimlen_file_dimid_offlen"                      -       6144     6144 9.830400e+04   1.711929e+01     0.003 (   353      0)     0.001 (  2100      0)
"l:PIO:pio_inquire_file"                                      -       6144     6144 1.843200e+05   3.155992e+01     0.006 (  1906      0)     0.001 (  2100      0)
"l:PIO:pio_inq_ndims_file"                                    -       6144     6144 1.843200e+05   3.152130e+01     0.006 (  1906      0)     0.001 (  2100      0)
"l:PIO:initdecomp"                                            -       6144     6144 6.144000e+03   1.645548e+03     0.268 (  4535      0)     0.268 (   449      0)
"l:PIO:PIOc_initdecomp"                                       -       6144     6144 6.144000e+03   1.645362e+03     0.268 (  4535      0)     0.268 (   449      0)
"l:PIO:box_rearrange_create"                                  -       6144     6144 6.144000e+03   1.640909e+03     0.267 (  3950      0)     0.267 (   893      0)
"l:PIO:pio_swapm"                                             -       6144     6144 6.758400e+04   1.007789e+04     1.748 (  2049      0)     0.773 (  2016      0)
"l:PIO:read_darray_3d_double"                                 -       6144     6144 4.915200e+04   8.988349e+03     1.498 (  2051      0)     1.391 (  2044      0)
"l:PIO:PIOc_read_darray"                                      -       6144     6144 4.915200e+04   8.988228e+03     1.498 (  2051      0)     1.391 (  2044      0)
"l:PIO:read_darray_nc"                                        -       6144     6144 4.915200e+04   3.454867e+02     0.884 (  2016      0)     0.000 (  4727      0)
"l:PIO:rearrange_io2comp"                                     -       6144     6144 4.915200e+04   8.575320e+03     1.494 (  2051      0)     0.550 (  2016      0)
"l:PIO:closefile"                                             -       6144     6144 6.144000e+03   2.970470e+00     0.014 (  1236      0)     0.000 (  2565      0)
"l:PIO:PIOc_closefile"                                        -       6144     6144 6.144000e+03   2.961981e+00     0.014 (  1236      0)     0.000 (  4762      0)
"l:surfalb"                                                   -       6144     6144 2.648064e+06   2.120797e+04     4.102 (  1485      0)     2.888 (   805      0)
"l:urbsurfalb"                                                -       6144     6144 2.648064e+06   4.063114e+03     0.754 (   461      0)     0.545 (    49      0)
"CPL:OCNT_RUN"                                                -       6144     6144 2.648064e+06   1.432254e+03     0.315 (     0      0)     0.177 (  5772      0)
"o:DOCN_RUN"                                                  -       6144     6144 2.648064e+06   1.313211e+03     0.253 (  6052      0)     0.158 (  5772      0)
"o:docn_run1"                                                 -       6144     6144 2.648064e+06   2.442864e+00     0.000 (  1841      0)     0.000 (  4395      0)
"o:docn"                                                      -       6144     6144 2.648064e+06   1.305735e+03     0.252 (  6052      0)     0.156 (  5772      0)
"o:docn_strdata_advance"                                      -       6144     6144 2.648064e+06   8.310980e+02     0.168 (  6052      0)     0.080 (  5772      0)
"o:docn_strd_adv_total"                                       -       6144     6144 2.648064e+06   8.277592e+02     0.168 (  6052      0)     0.079 (  5772      0)
"o:docn_strd_adv_readLBUB"                                    -       6144     6144 2.648064e+06   4.747799e+02     0.142 (   698      0)     0.017 (     0      0)
"o:docn_readLBUB_setup"                                       -       6144     6144 2.648064e+06   7.980810e-01     0.000 (  2644      0)     0.000 (  1754      0)
"o:docn_readLBUB_filemgt"                                     -       6144     6144 2.648064e+06   4.615843e-01     0.000 (  3335      0)     0.000 (  5830      0)
"o:docn_strd_adv_tint"                                        -       6144     6144 2.648064e+06   5.398287e+01     0.011 (  5375      0)     0.008 (  1509      0)
"o:docn_scatter"                                              -       6144     6144 2.648064e+06   2.505015e+02     0.050 (  2882      0)     0.038 (  5293      0)
"o:docn_datamode"                                             -       6144     6144 2.648064e+06   5.359134e+01     0.010 (  3013      0)     0.008 (  3092      0)
"o:docn_run2"                                                 -       6144     6144 2.648064e+06   3.174805e-01     0.004 (     0      0)     0.000 (  2409      0)
"CPL:O2CT"                                                    -       6144     6144 2.648064e+06   1.777161e+04    12.459 (  1193      0)     0.042 (  6071      0)
"CPL:o2c_ocno2ocnx"                                           -       6144     6144 2.648064e+06   2.163689e+02     0.038 (   912      0)     0.032 (  1906      0)
"CPL:o2c_infoexch"                                            -       6144     6144 2.648064e+06   1.755041e+04    12.423 (  1193      0)     0.006 (   873      0)
"CPL:OCNPOSTT"                                                -       6144     6144 2.648064e+06   1.478137e+00     0.000 (  1342      0)     0.000 (  5071      0)
"i:cice_pice_readLBUB_LB_copy"                                -       6144     6144 6.144000e+03   7.413793e-03     0.000 (  5124      0)     0.000 (   889      0)
"o:docn_readLBUB_fbound"                                      -       6144     6144 6.144000e+03   8.571583e-04     0.000 (     0      0)     0.000 (    20      0)
"o:docn_readLBUB_bcast"                                       -       6144     6144 6.144000e+03   1.748606e+02     0.051 (  3442      0)     0.000 (  5537      0)
"o:docn_readLBUB_LB_copy"                                     -       6144     6144 6.144000e+03   7.807782e-03     0.000 (  4233      0)     0.000 (  2289      0)
"o:docn_readLBUB_UB_setup"                                    -       6144     6144 6.144000e+03   2.566586e-03     0.000 (     0      0)     0.000 (  2728      0)
"o:docn_readLBUB_UB_readpio"                                  -       6144     6144 6.144000e+03   2.926623e+02     0.093 (   714      0)     0.015 (     0      0)
"o:PIO:pio_inq_varid_file_vdesc"                              -       6144     6144 1.228800e+04   3.291501e+00     0.002 (  5540      0)     0.000 (   818      0)
"o:PIO:pio_inq_varid_file_vid"                                -       6144     6144 1.228800e+04   3.283646e+00     0.002 (  5540      0)     0.000 (   818      0)
"o:PIO:pio_inq_varndims_file_vdesc"                           -       6144     6144 6.144000e+03   2.606217e+00     0.000 (  6133      0)     0.000 (   822      0)
"o:PIO:pio_inq_varndims_file_vid"                             -       6144     6144 6.144000e+03   2.601320e+00     0.000 (  6133      0)     0.000 (   822      0)
"o:PIO:pio_inq_vardimid_file_vdesc"                           -       6144     6144 6.144000e+03   6.265019e+00     0.001 (  5317      0)     0.000 (  1075      0)
"o:PIO:pio_inq_vardimid_file_vid"                             -       6144     6144 6.144000e+03   6.260245e+00     0.001 (  5317      0)     0.000 (  1078      0)
"o:PIO:pio_inq_dimlen_file_dimid"                             -       6144     6144 1.843200e+04   3.772294e+00     0.001 (  5461      0)     0.000 (  5655      0)
"o:PIO:pio_inq_dimlen_file_dimid_offlen"                      -       6144     6144 1.843200e+04   3.762019e+00     0.001 (  5461      0)     0.000 (  5656      0)
"o:PIO:pio_inq_vartype_file_vdesc"                            -       6144     6144 6.144000e+03   2.933941e+00     0.001 (  3014      0)     0.000 (   401      0)
"o:PIO:pio_inq_vartype_file_vid"                              -       6144     6144 6.144000e+03   2.928799e+00     0.001 (  3013      0)     0.000 (   401      0)
"o:PIO:read_darray_1d_real"                                   -       6144     6144 6.144000e+03   2.699207e+02     0.089 (   714      0)     0.011 (     1      0)
"o:PIO:PIOc_read_darray"                                      -       6144     6144 6.144000e+03   2.699023e+02     0.089 (   714      0)     0.011 (     1      0)
"o:PIO:read_darray_nc"                                        -       6144     6144 6.144000e+03   2.250827e+01     0.088 (   996      0)     0.000 (  4648      0)
"o:PIO:rearrange_io2comp"                                     -       6144     6144 6.144000e+03   2.449070e+02     0.088 (   714      0)     0.000 (     0      0)
"o:PIO:pio_swapm"                                             -       6144     6144 6.144000e+03   2.448201e+02     0.088 (   714      0)     0.000 (     0      0)
"o:docn_strd_adv_fill"                                        -       6144     6144 6.144000e+03   5.559132e-01     0.000 (  1456      0)     0.000 (  5315      0)
"o:docn_strd_adv_map"                                         -       6144     6144 6.144000e+03   2.832979e+02     0.073 (  4053      0)     0.002 (  2530      0)
"CPL:RUN_LOOP_BSTOP"                                          -       6144     6144 6.144000e+03   1.371449e+01     0.002 (  6134      0)     0.000 (  1385      0)
"CPL:FINAL"                                                   -       6144     6144 6.144000e+03   3.005996e+03     0.491 (     0      0)     0.489 (  5186      0)
"CPL:cime_final"                                              -       6144     6144 6.144000e+03   3.005987e+03     0.491 (     0      0)     0.489 (  5186      0)
"o_f:DOCN_FINAL"                                              -       6144     6144 6.144000e+03   1.604683e-03     0.000 (     0      0)     0.000 (  3630      0)
"a_f:EAMxx::finalize"                                         y       6144     6144 6.144000e+03   1.757888e+03     0.455 (  4464      0)     0.224 (  6062      0)
"a_f:PIO:PIOc_sync"                                           -       6144     6144 6.144000e+03   1.284741e-01     0.000 (  3468      0)     0.000 (  3076      0)
"a_f:PIO:write_total"                                         -       6144     6144 1.228800e+04   4.812845e+00     0.016 (  4584      0)     0.000 (  3076      0)
"a_f:PIO:flush_output_buffer"                                 -        512      512 1.024000e+03   6.319127e-02     0.000 (  3468      0)     0.000 (  2316      0)
"a_f:PIO:PIOc_closefile"                                      -       6144     6144 1.228800e+04   9.200664e+01     0.217 (  4452      0)     0.000 (  3740      0)
"a_f:PIO:PIOc_closefile_write_mode"                           -       6144     6144 6.144000e+03   4.694205e+00     0.016 (  4584      0)     0.000 (  3916      0)
"a_f:PIO:PIOc_freedecomp"                                     -       6144     6144 7.987200e+04   9.872784e-01     0.002 (    24      0)     0.000 (   217      0)
"PIO:finalize"                                                -       6144     6144 6.144000e+04   1.007876e+03     0.231 (  1345      0)     0.002 (   540      0)
"PIO:PIOc_finalize"                                           -       6144     6144 6.144000e+04   1.006337e+03     0.231 (  1345      0)     0.002 (   540      0)
"CPL:FINAL_sync1_tprf"                                        -       6144     6144 6.144000e+03   8.754722e+00     0.001 (  1570      0)     0.000 (     0      0)
"CPL:FINAL_t_prf"                                             y          0        0 0.000000e+00   0.000000e+00     0.000 (     0      0)     0.000 (     0      0)

