
***** GLOBAL STATISTICS ( 24576 MPI TASKS) *****

$Id: gptl.c,v 1.157 2011-03-28 20:55:18 rosinski Exp $
'count' is cumulative. All other stats are max/min
'on' indicates whether the timer was active during output, and so stats are lower or upper bounds.

name                                                         on  processes  threads        count      walltotal   wallmax (proc   thrd  )   wallmin (proc   thrd  )
"CPL:INIT"                                                    -      24576    24576 2.457600e+04   2.461268e+07  1320.718 (    13      0)   718.499 ( 20655      0)
"CPL:cime_pre_init1"                                          -      24576    24576 2.457600e+04   7.025862e+06   605.108 (    13      0)     2.891 ( 20660      0)
"CPL:mpi_init"                                                -      24576    24576 2.457600e+04   6.995062e+06   603.870 (    13      0)     1.652 ( 20652      0)
"CPL:ESMF_Initialize"                                         -      24576    24576 2.457600e+04   1.873630e+00     0.000 (  6559      0)     0.000 (   297      0)
"CPL:cime_pre_init2"                                          -      24576    24576 2.457600e+04   9.493516e+04     3.878 ( 16017      0)     3.127 (    10      0)
"CPL:seq_infodata_init"                                       -      24576    24576 2.457600e+04   9.306331e+03     1.355 ( 23609      0)     0.004 (  6888      0)
"CPL:seq_timemgr_clockInit"                                   -      24576    24576 2.457600e+04   5.745953e+01     0.016 ( 15978      0)     0.001 ( 17316      0)
"CPL:cime_init"                                               -      24576    24576 2.457600e+04   1.749188e+07   712.485 (    11      0)   711.725 ( 15530      0)
"CPL:init_comps"                                              -      24576    24576 2.457600e+04   1.748949e+07   712.388 (    11      0)   711.628 ( 15530      0)
"CPL:comp_init_pre_all"                                       -      24576    24576 2.457600e+04   1.545203e+00     0.000 ( 20868      0)     0.000 ( 14643      0)
"CPL:comp_init_cc_atm"                                        -      24576    24576 2.457600e+04   5.188323e+06   211.850 (    11      0)   211.097 ( 15530      0)
"a_i:comp_init"                                               -      24576    24576 4.915200e+04   5.187371e+06   211.846 (     0      0)   211.056 ( 15539      0)
"a_i:EAMxx::init"                                             -      24576    24576 1.720320e+05   5.125748e+06   210.643 (    60      0)   206.741 ( 15347      0)
"a_i:EAMxx::create_output_managers"                           -      24576    24576 2.457600e+04   5.405825e+02     0.236 ( 23234      0)     0.000 ( 17294      0)
"a_i:EAMxx::create_atm_processes"                             -      24576    24576 2.457600e+04   1.454875e+04     1.554 (   104      0)     0.222 ( 16064      0)
"a_i:EAMxx::create_grids"                                     -      24576    24576 2.457600e+04   1.068568e+06    43.792 (     0      0)    43.292 ( 14297      0)
"a_i:EAMxx::build_grids"                                      -      24576    24576 2.457600e+04   1.035365e+06    42.131 (     0      0)    42.076 ( 16002      0)
"a_i:PartitioningTime"                                        -      24576    24576 2.457600e+04   5.271767e-03     0.000 (  1207      0)     0.000 ( 24429      0)
"a_i:repro_sum_int"                                           -      24576    24576 2.457600e+04   5.852327e+03     0.269 ( 11006      0)     0.001 ( 16002      0)
"a_i:PIO:spio_get_att_tc"                                     -      24576    24576 2.678784e+06   1.273218e+03     0.106 (  7255      0)     0.024 (    10      0)
"a_i:PIO:spio_get_vars_tc"                                    -      24576    24576 4.915200e+05   3.489490e+03     0.194 ( 10416      0)     0.079 ( 16030      0)
"a_i:PIO:PIOc_closefile"                                      -      24576    24576 3.194880e+05   4.839324e+03     4.941 ( 18564      0)     0.000 ( 23319      0)
"a_i:EAMxx::SurfaceCouplingImporter::set_grids"               -      24576    24576 2.457600e+04   1.289636e+01     0.080 ( 16020      0)     0.000 ( 15026      0)
"a_i:EAMxx::homme::set_grids"                                 -      24576    24576 2.457600e+04   8.235897e+03     0.575 (   152      0)     0.242 (   398      0)
"a_i:EAMxx::physics::set_grids"                               -      24576    24576 2.457600e+04   1.909069e+04     0.872 (   444      0)     0.536 (   145      0)
"a_i:EAMxx::mac_aero_mic::set_grids"                          -      24576    24576 2.457600e+04   1.138890e+04     0.558 (   444      0)     0.222 (   145      0)
"a_i:EAMxx::tms::set_grids"                                   -      24576    24576 2.457600e+04   2.540720e+01     0.163 (  1624      0)     0.000 (  2941      0)
"a_i:EAMxx::shoc::set_grids"                                  -      24576    24576 2.457600e+04   2.211765e+01     0.006 ( 16025      0)     0.000 (  3108      0)
"a_i:EAMxx::cld_fraction::set_grids"                          -      24576    24576 2.457600e+04   5.075759e+00     0.001 ( 16005      0)     0.000 ( 21684      0)
"a_i:EAMxx::spa::set_grids"                                   -      24576    24576 2.457600e+04   1.124687e+04     0.553 (   444      0)     0.139 (  1627      0)
"a_i:EAMxx::p3::set_grids"                                    -      24576    24576 2.457600e+04   8.787131e+01     0.008 ( 16058      0)     0.003 ( 14737      0)
"a_i:EAMxx::rrtmgp::set_grids"                                -      24576    24576 2.457600e+04   7.700094e+03     0.317 ( 18503      0)     0.308 ( 16057      0)
"a_i:EAMxx::SurfaceCouplingExporter::set_grids"               -      24576    24576 2.457600e+04   3.182566e+02     0.022 ( 22026      0)     0.008 (  1566      0)
"a_i:EAMxx::create_fields"                                    -      24576    24576 2.457600e+04   4.042242e+03     0.249 ( 16057      0)     0.150 ( 18500      0)
"a_i:EAMxx::initialize_fields"                                -      24576    24576 2.457600e+04   1.961901e+06    79.890 ( 14892      0)    79.781 ( 11324      0)
"a_i:PIO:PIOc_initdecomp"                                     -      24576    24576 3.194880e+05   3.313856e+05    13.485 (  3834      0)    13.435 ( 16022      0)
"a_i:PIO:box_rearrange_create"                                -      24576    24576 3.194880e+05   3.299203e+05    13.426 (  7013      0)    13.423 ( 12267      0)
"a_i:PIO:pio_swapm"                                           -      24576    24576 1.499136e+06   9.459529e+05    46.681 ( 21617      0)     9.337 ( 11244      0)
"a_i:PIO:PIOc_read_darray"                                    -      24576    24576 5.406720e+05   8.337869e+05    36.562 ( 20152      0)    31.366 ( 19565      0)
"a_i:PIO:read_darray_nc"                                      -      24576    24576 5.406720e+05   5.032530e+04    31.978 (   384      0)     0.000 (  3280      0)
"a_i:PIO:rearrange_io2comp"                                   -      24576    24576 5.406720e+05   6.974227e+05    35.606 ( 13970      0)     0.719 (  6024      0)
"a_i:EAMxx::initialize_atm_procs"                             -      24576    24576 2.457600e+04   2.030061e+06    84.058 ( 11894      0)    80.690 (    36      0)
"a_i:EAMxx::SurfaceCouplingImporter::init"                    -      24576    24576 2.457600e+04   1.372409e+02     0.164 (  1688      0)     0.000 ( 20936      0)
"a_i:EAMxx::homme::init"                                      -      24576    24576 2.457600e+04   4.181896e+05    17.902 (  1666      0)    15.175 ( 12120      0)
"a_i:compose_init"                                            -      24576    24576 2.457600e+04   1.682833e+03     0.325 ( 15986      0)     0.008 (  3396      0)
"a_i:sl_init1"                                                -      24576    24576 2.457600e+04   2.475000e+04     1.204 ( 21297      0)     0.150 (  2866      0)
"a_i:EAMxx::tms::init"                                        -      24576    24576 2.457600e+04   9.453959e-02     0.000 (  6902      0)     0.000 (  3050      0)
"a_i:EAMxx::shoc::init"                                       -      24576    24576 2.457600e+04   5.296452e+02     0.792 ( 22951      0)     0.001 (  1052      0)
"a_i:EAMxx::cld_fraction::init"                               -      24576    24576 2.457600e+04   6.324914e-01     0.000 (  4011      0)     0.000 ( 14354      0)
"a_i:EAMxx::spa::init"                                        -      24576    24576 2.457600e+04   1.552780e+06    68.373 (  5452      0)    62.285 ( 16030      0)
"a_i:EAMxx::p3::init"                                         -      24576    24576 2.457600e+04   2.023625e+04     1.387 (  9178      0)     0.042 (  2188      0)
"a_i:EAMxx::rrtmgp::init"                                     -      24576    24576 2.457600e+04   3.781616e+04     3.359 (  4019      0)     0.046 (   922      0)
"a_i:EAMxx::SurfaceCouplingExporter::init"                    -      24576    24576 2.457600e+04   2.197801e+02     0.221 ( 11894      0)     0.002 (    30      0)
"a_i:EAMxx::initialize_output_managers"                       -      24576    24576 2.457600e+04   4.608650e+04     1.912 ( 17448      0)     1.872 (  4244      0)
"a_i:EAMxx::IO::standard"                                     -      24576    24576 2.457600e+04   3.817989e+04     1.897 (    12      0)     1.230 ( 11689      0)
"a_i:EAMxx::IO::nooutput.yaml"                                -      24576    24576 2.457600e+04   3.817985e+04     1.897 (    12      0)     1.230 ( 11689      0)
"a_i:EAMxx::IO::standard::get_new_file"                       -      24576    24576 2.457600e+04   3.814298e+04     1.880 ( 23640      0)     1.230 ( 11689      0)
"a_i:PIO:PIOc_createfile"                                     -      24576    24576 2.457600e+04   1.653072e+04     0.980 ( 23666      0)     0.352 ( 11689      0)
"a_i:PIO:write_total"                                         -      24576    24576 8.110080e+05   1.729164e+04     1.847 ( 20532      0)     0.353 ( 11689      0)
"a_i:PIO:spio_put_att_tc"                                     -      24576    24576 7.372800e+05   6.889494e+02     0.849 (  1296      0)     0.000 (  8118      0)
"a_i:PIO:spio_put_vars_tc"                                    -      24576    24576 2.457600e+04   6.154144e+01     0.023 (  4500      0)     0.001 ( 16885      0)
"a_i:PIO:flush_output_buffer"                                 -       2048     2048 4.096000e+03   5.668834e+01     0.028 (  3048      0)     0.005 ( 16008      0)
"a_i:EAMxx::IO::standard::run_output_streams"                 -      24576    24576 2.457600e+04   2.725364e-03     0.000 ( 12731      0)     0.000 (  6456      0)
"a_i:EAMxx::IO::standard::update_snapshot_tally"              -      24576    24576 2.457600e+04   3.679489e+01     0.018 (  5880      0)     0.000 (  1350      0)
"a_i:PIO:PIOc_sync"                                           -      24576    24576 2.457600e+04   1.044324e+01     0.005 ( 15696      0)     0.000 ( 16589      0)
"CPL:comp_init_cc_lnd"                                        -      24576    24576 2.457600e+04   9.956289e+06   405.126 ( 16639      0)   405.118 ( 15530      0)
"l_i:comp_init"                                               -      24576    24576 2.457600e+04   9.955599e+06   405.120 (     0      0)   405.088 (    53      0)
"l_i:elm_init1"                                               -      24576    24576 2.457600e+04   2.010275e+06    81.848 ( 23709      0)    81.667 ( 22584      0)
"l_i:PIO:openfile"                                            -      24576    24576 5.652480e+05   2.900955e+05    13.199 (  5074      0)    10.668 ( 19270      0)
"l_i:PIO:pio_inq_dimid_file_dimid"                            -      24576    24576 1.523712e+06   1.939034e+02     0.039 ( 18656      0)     0.004 ( 21342      0)
"l_i:PIO:pio_inq_dimlen_file_dimid"                           -      24576    24576 9.142272e+06   5.267503e+02     0.046 (  1020      0)     0.010 ( 18141      0)
"l_i:PIO:pio_inq_dimlen_file_dimid_offlen"                    -      24576    24576 9.142272e+06   5.240848e+02     0.046 (  1020      0)     0.010 ( 18141      0)
"l_i:PIO:pio_inq_varid_file_vdesc"                            -      24576    24576 1.145242e+07   6.996448e+03     2.392 (  8096      0)     0.018 (  9303      0)
"l_i:PIO:pio_inq_varid_file_vid"                              -      24576    24576 1.145242e+07   6.992026e+03     2.392 (  8096      0)     0.017 (  9303      0)
"l_i:PIO:get_var_1d_int"                                      -      24576    24576 1.474560e+05   4.442314e+03     0.190 (  9229      0)     0.171 ( 13650      0)
"l_i:PIO:spio_get_vars_tc"                                    -      24576    24576 4.890624e+06   1.150369e+05     4.901 (  2301      0)     4.540 ( 13314      0)
"l_i:PIO:closefile"                                           -      24576    24576 4.915200e+05   4.271250e+02     0.373 (  1284      0)     0.001 (   886      0)
"l_i:PIO:PIOc_closefile"                                      -      24576    24576 4.915200e+05   4.266924e+02     0.373 (  1284      0)     0.001 (  5278      0)
"l_i:PIO:pio_inq_varndims_file_vdesc"                         -      24576    24576 5.578752e+06   1.204980e+03     3.558 (  8185      0)     0.010 ( 19811      0)
"l_i:PIO:pio_inq_varndims_file_vid"                           -      24576    24576 5.578752e+06   1.203553e+03     3.558 (  8185      0)     0.010 ( 19811      0)
"l_i:PIO:pio_inq_vardimid_file_vdesc"                         -      24576    24576 5.578752e+06   1.380647e+03     0.139 (  1104      0)     0.024 ( 16957      0)
"l_i:PIO:pio_inq_vardimid_file_vid"                           -      24576    24576 5.578752e+06   1.379341e+03     0.139 (  1110      0)     0.024 ( 16885      0)
"l_i:PIO:pio_inq_dimname_file_dimid"                          -      24576    24576 2.027520e+07   1.592071e+03     0.151 (  1105      0)     0.024 ( 16356      0)
"l_i:PIO:initdecomp"                                          -      24576    24576 6.389760e+05   5.208128e+05    21.428 (     3      0)    20.932 ( 17688      0)
"l_i:PIO:PIOc_initdecomp"                                     -      24576    24576 6.389760e+05   5.207933e+05    21.427 (     3      0)    20.932 ( 17688      0)
"l_i:PIO:box_rearrange_create"                                -      24576    24576 6.389760e+05   5.099454e+05    20.754 (  6117      0)    20.747 ( 10268      0)
"l_i:PIO:pio_swapm"                                           -      24576    24576 7.446528e+06   8.590242e+06   367.697 ( 16869      0)   121.543 ( 22380      0)
"l_i:PIO:read_darray_1d_double"                               -      24576    24576 2.015232e+06   2.903307e+06   118.294 ( 22260      0)   117.465 (  8185      0)
"l_i:PIO:PIOc_read_darray"                                    -      24576    24576 5.529600e+06   8.537252e+06   347.984 ( 17862      0)   342.937 (  8185      0)
"l_i:PIO:read_darray_nc"                                      -      24576    24576 5.529600e+06   4.164630e+05   245.435 ( 22380      0)     0.000 ( 17973      0)
"l_i:PIO:rearrange_io2comp"                                   -      24576    24576 5.529600e+06   8.116452e+06   347.893 ( 17862      0)   102.114 ( 22380      0)
"l_i:PIO:pio_inquire_file"                                    -      24576    24576 7.372800e+06   3.913732e+02     0.037 (  1112      0)     0.006 ( 16884      0)
"l_i:PIO:pio_inq_ndims_file"                                  -      24576    24576 7.372800e+06   3.897493e+02     0.037 (  1105      0)     0.006 ( 16884      0)
"l_i:PIO:read_darray_1d_int"                                  -      24576    24576 1.720320e+05   2.810417e+05    11.460 ( 16891      0)    11.380 (  8185      0)
"l_i:PIO:read_darray_3d_double"                               -      24576    24576 4.423680e+05   1.910249e+05     7.862 ( 23591      0)     7.166 (  8185      0)
"l_i:PIO:read_darray_3d_int"                                  -      24576    24576 2.457600e+04   7.422673e+03     0.318 ( 23778      0)     0.272 (  4128      0)
"l_i:PIO:read_darray_4d_double"                               -      24576    24576 3.440640e+05   8.266634e+05    33.679 ( 13387      0)    33.128 (  8188      0)
"l_i:PIO:get_var_1d_text"                                     -      24576    24576 4.915200e+04   5.369422e+02     0.076 ( 19308      0)     0.007 (  1676      0)
"l_i:PIO:get_var_1d_double"                                   -      24576    24576 3.538944e+06   7.846408e+03     0.368 ( 12586      0)     0.091 ( 18627      0)
"l_i:PIO:get_var_0d_double"                                   -      24576    24576 2.457600e+05   5.467108e+02     0.029 ( 21204      0)     0.020 ( 13612      0)
"l_i:PIO:read_darray_2d_double"                               -      24576    24576 2.433024e+06   4.315561e+06   175.932 ( 17856      0)   173.074 (  8185      0)
"l_i:PIO:read_darray_2d_int"                                  -      24576    24576 9.830400e+04   1.224278e+04     0.522 (  2916      0)     0.448 (  8185      0)
"l_i:gather_1darray_int_total"                                -      24576    24576 1.228800e+05   2.744620e+04     2.152 (     0      0)     0.698 (   151      0)
"l_i:scatter_1darray_int_total"                               -      24576    24576 1.228800e+05   5.435024e+04     2.560 (    11      0)     1.174 (     0      0)
"l_i:init_filters"                                            -      24576    24576 2.457600e+04   4.517141e+00     0.008 (   180      0)     0.000 ( 15453      0)
"l_i:elm_init2"                                               -      24576    24576 2.457600e+04   7.920349e+06   322.306 (     0      0)   322.273 (   929      0)
"l_i:init_orbd"                                               -      24576    24576 2.457600e+04   8.372473e-01     0.000 ( 22801      0)     0.000 (  5150      0)
"l_i:PIO:get_var_0d_int"                                      -      24576    24576 5.160960e+05   1.059916e+05     5.635 ( 12829      0)     4.243 ( 16763      0)
"l_i:PIO:get_var_2d_double"                                   -      24576    24576 2.949120e+05   1.269713e+03     0.054 ( 12024      0)     0.042 ( 12415      0)
"l_i:PIO:get_var_3d_double"                                   -      24576    24576 9.830400e+04   3.890276e+02     0.022 (  2725      0)     0.009 (     0      0)
"l_i:init_accflds"                                            -      24576    24576 2.457600e+04   8.138025e+00     0.002 ( 19544      0)     0.000 ( 10264      0)
"l_i:init_dyn_subgrid"                                        -      24576    24576 2.457600e+04   1.579199e+01     0.002 (   152      0)     0.001 ( 13244      0)
"l_i:subgridRest_write-read"                                  -      24576    24576 2.457600e+04   1.764922e+06    71.827 ( 16248      0)    71.797 (    19      0)
"l_i:init_map2gc"                                             -      24576    24576 2.457600e+04   5.727128e+00     0.000 (  1621      0)     0.000 ( 13250      0)
"l_i:init_elm_interface_data & pflotran"                      -      24576    24576 2.457600e+04   2.094067e-03     0.000 ( 17096      0)     0.000 (  2594      0)
"l_i:init_wlog"                                               -      24576    24576 2.457600e+04   1.284448e-02     0.006 (     0      0)     0.000 (  9487      0)
"l_i:elm_init3"                                               -      24576    24576 2.457600e+04   3.516795e-02     0.000 ( 22950      0)     0.000 ( 14129      0)
"CPL:comp_init_cc_rof"                                        -      24576    24576 2.457600e+04   7.538770e+01     0.003 (  3216      0)     0.001 ( 16637      0)
"r_i:comp_init"                                               -      24576    24576 2.457600e+04   1.622737e+00     0.000 ( 10933      0)     0.000 (     0      0)
"CPL:comp_init_cc_ocn"                                        -      24576    24576 2.457600e+04   1.111247e+06    45.218 ( 21539      0)    45.216 ( 15530      0)
"o_i:comp_init"                                               -      24576    24576 2.457600e+04   1.111092e+06    45.215 ( 21528      0)    45.180 ( 21331      0)
"o_i:docn_readnml"                                            -      24576    24576 2.457600e+04   2.307714e+03     0.120 (   164      0)     0.083 (     0      0)
"o_i:DOCN_INIT"                                               -      24576    24576 2.457600e+04   1.108781e+06    45.128 (  5882      0)    45.064 (  2255      0)
"o_i:docn_strdata_init"                                       -      24576    24576 2.457600e+04   1.095739e+06    44.599 (  6452      0)    44.559 (   156      0)
"o_i:PIO:initdecomp"                                          -      24576    24576 7.372800e+04   4.559552e+04     1.916 (     1      0)     1.792 (     0      0)
"o_i:PIO:PIOc_initdecomp"                                     -      24576    24576 7.372800e+04   4.559525e+04     1.916 (     1      0)     1.792 (     0      0)
"o_i:PIO:box_rearrange_create"                                -      24576    24576 7.372800e+04   4.399288e+04     1.790 (  4114      0)     1.790 ( 15952      0)
"o_i:PIO:pio_swapm"                                           -      24576    24576 2.703360e+05   4.178853e+04     1.840 (  7164      0)     1.454 (  2904      0)
"o_i:docn_initgsmaps"                                         -      24576    24576 2.457600e+04   2.575032e+01     0.002 (  4548      0)     0.001 (  7466      0)
"o_i:docn_initmctdom"                                         -      24576    24576 2.457600e+04   4.901279e+00     0.000 ( 15152      0)     0.000 (  4610      0)
"o_i:docn_initmctavs"                                         -      24576    24576 2.457600e+04   1.289400e+00     0.000 ( 24055      0)     0.000 (  6541      0)
"o_i:DOCN_RUN"                                                -      24576    24576 2.457600e+04   1.300981e+04     0.535 ( 21336      0)     0.466 (  2243      0)
"o_i:docn_run1"                                               -      24576    24576 2.457600e+04   2.521295e-02     0.000 ( 17635      0)     0.000 (  8979      0)
"o_i:docn"                                                    -      24576    24576 2.457600e+04   1.300966e+04     0.535 ( 21336      0)     0.466 (  2243      0)
"o_i:docn_strdata_advance"                                    -      24576    24576 2.457600e+04   1.300590e+04     0.534 ( 21336      0)     0.466 (  2243      0)
"o_i:docn_strd_adv_total"                                     -      24576    24576 2.457600e+04   1.300585e+04     0.534 ( 21336      0)     0.466 (  2243      0)
"o_i:docn_strd_adv_readLBUB"                                  -      24576    24576 2.457600e+04   1.257597e+04     0.530 (  4944      0)     0.463 (   193      0)
"o_i:docn_readLBUB_setup"                                     -      24576    24576 2.457600e+04   7.121470e-03     0.000 (  8475      0)     0.000 ( 22805      0)
"o_i:docn_readLBUB_fbound"                                    -      24576    24576 2.457600e+04   2.369349e-01     0.234 (     0      0)     0.000 ( 24060      0)
"o_i:docn_readLBUB_bcast"                                     -      24576    24576 2.457600e+04   5.725418e+03     0.235 (     1      0)     0.000 (     0      0)
"o_i:docn_readLBUB_LB_setup"                                  -      24576    24576 2.457600e+04   5.726105e-03     0.000 (     0      0)     0.000 ( 14663      0)
"o_i:docn_readLBUB_LB_readpio"                                -      24576    24576 2.457600e+04   5.657016e+03     0.261 (    60      0)     0.216 ( 10409      0)
"o_i:PIO:openfile"                                            -      24576    24576 2.457600e+04   5.135374e+03     0.210 (     0      0)     0.193 ( 24564      0)
"o_i:PIO:pio_inq_varid_file_vdesc"                            -      24576    24576 9.830400e+04   5.302502e+02     0.045 ( 10653      0)     0.000 ( 16195      0)
"o_i:PIO:pio_inq_varid_file_vid"                              -      24576    24576 9.830400e+04   5.302106e+02     0.045 ( 10653      0)     0.000 ( 16195      0)
"o_i:PIO:pio_inq_varndims_file_vdesc"                         -      24576    24576 4.915200e+04   4.845695e+01     0.043 (   132      0)     0.000 ( 10561      0)
"o_i:PIO:pio_inq_varndims_file_vid"                           -      24576    24576 4.915200e+04   4.842915e+01     0.043 (   132      0)     0.000 ( 10561      0)
"o_i:PIO:pio_inq_vardimid_file_vdesc"                         -      24576    24576 4.915200e+04   2.926926e+01     0.001 ( 12249      0)     0.001 ( 10560      0)
"o_i:PIO:pio_inq_vardimid_file_vid"                           -      24576    24576 4.915200e+04   2.924794e+01     0.001 ( 12243      0)     0.001 ( 10560      0)
"o_i:PIO:pio_inq_dimlen_file_dimid"                           -      24576    24576 1.474560e+05   1.764383e+01     0.001 ( 12230      0)     0.001 ( 10564      0)
"o_i:PIO:pio_inq_dimlen_file_dimid_offlen"                    -      24576    24576 1.474560e+05   1.760125e+01     0.001 ( 12230      0)     0.001 ( 10564      0)
"o_i:PIO:pio_inq_vartype_file_vdesc"                          -      24576    24576 4.915200e+04   1.538727e+01     0.001 (    10      0)     0.000 ( 22629      0)
"o_i:PIO:pio_inq_vartype_file_vid"                            -      24576    24576 4.915200e+04   1.536527e+01     0.001 (     5      0)     0.000 ( 22629      0)
"o_i:PIO:read_darray_1d_real"                                 -      24576    24576 4.915200e+04   8.499625e+02     0.076 (  4944      0)     0.007 ( 12086      0)
"o_i:PIO:PIOc_read_darray"                                    -      24576    24576 4.915200e+04   8.497961e+02     0.076 (  4944      0)     0.007 ( 12086      0)
"o_i:PIO:read_darray_nc"                                      -      24576    24576 4.915200e+04   4.527510e+01     0.066 (  5640      0)     0.000 ( 18357      0)
"o_i:PIO:rearrange_io2comp"                                   -      24576    24576 4.915200e+04   7.614529e+02     0.067 (  7959      0)     0.001 ( 19884      0)
"o_i:docn_readLBUB_UB_setup"                                  -      24576    24576 2.457600e+04   1.636764e-02     0.000 (     0      0)     0.000 (  9655      0)
"o_i:docn_readLBUB_UB_readpio"                                -      24576    24576 2.457600e+04   1.191807e+03     0.071 (  6987      0)     0.007 (    60      0)
"o_i:docn_readLBUB_filemgt"                                   -      24576    24576 2.457600e+04   4.937919e-03     0.000 ( 23407      0)     0.000 ( 14784      0)
"o_i:docn_strd_adv_fill"                                      -      24576    24576 2.457600e+04   7.959663e+00     0.000 ( 24187      0)     0.000 ( 18593      0)
"o_i:docn_strd_adv_map"                                       -      24576    24576 2.457600e+04   4.213287e+02     0.035 ( 21328      0)     0.000 ( 21119      0)
"o_i:docn_strd_adv_tint"                                      -      24576    24576 2.457600e+04   3.671221e-01     0.000 ( 12827      0)     0.000 (  1875      0)
"o_i:docn_scatter"                                            -      24576    24576 2.457600e+04   3.255102e+00     0.000 ( 13125      0)     0.000 (  2917      0)
"o_i:docn_datamode"                                           -      24576    24576 2.457600e+04   3.060727e-01     0.000 (  4386      0)     0.000 ( 16018      0)
"o_i:docn_run2"                                               -      24576    24576 2.457600e+04   3.719583e-02     0.000 ( 17379      0)     0.000 (  4020      0)
"CPL:comp_init_cc_ice"                                        -      24576    24576 2.457600e+04   1.225578e+06    49.934 (  2638      0)    49.829 ( 14508      0)
"i_i:comp_init"                                               -      24576    24576 2.457600e+04   1.224537e+06    49.931 (   229      0)    49.826 (  2079      0)
"i_i:cice_init"                                               -      24576    24576 2.457600e+04   2.594276e+05    10.557 (  5388      0)    10.556 ( 12220      0)
"i_i:ice_HaloUpdate2DR8"                                      -      24576    24576 9.830400e+04   8.550513e+00     0.598 (     1      0)     0.000 ( 11419      0)
"i_i:ice_HU2DR8_init"                                         -      24576    24576 9.830400e+04   4.577189e-02     0.000 (  8805      0)     0.000 (  5799      0)
"i_i:state_bound_h1"                                          -      24576    24576 2.457600e+04   3.095062e+00     0.001 ( 13052      0)     0.000 (  5286      0)
"i_i:ice_HaloUpdate3DR8"                                      -      24576    24576 1.228800e+05   3.125778e+00     0.001 ( 13052      0)     0.000 ( 12951      0)
"i_i:ice_HU3DR8_init"                                         -      24576    24576 1.228800e+05   2.903827e-01     0.000 ( 18430      0)     0.000 ( 18546      0)
"i_i:ice_HU3DR8_recvall"                                      -      24576    24576 1.228800e+05   7.734543e-01     0.001 ( 13052      0)     0.000 ( 23311      0)
"i_i:state_bound_hm"                                          -      24576    24576 2.457600e+04   8.394459e-02     0.000 ( 18154      0)     0.000 (  4701      0)
"i_i:state_bound_hc"                                          -      24576    24576 2.457600e+04   4.115137e-01     0.000 (  5904      0)     0.000 ( 18819      0)
"i_i:state_bound_h2"                                          -      24576    24576 2.457600e+04   2.547217e+00     0.000 ( 18625      0)     0.000 (  8365      0)
"i_i:ice_HaloUpdate4DR8"                                      -      24576    24576 2.457600e+04   1.868614e+00     0.000 ( 18625      0)     0.000 (  8365      0)
"i_i:ice_HU4DR8_init"                                         -      24576    24576 2.457600e+04   3.315339e-01     0.000 (  6492      0)     0.000 (  5365      0)
"i_i:ice_HU4DR8_recvall"                                      -      24576    24576 2.457600e+04   4.930508e-02     0.000 ( 18625      0)     0.000 (   119      0)
"i_i:state_bound_hd"                                          -      24576    24576 2.457600e+04   1.204850e-02     0.000 ( 19720      0)     0.000 ( 16812      0)
"i_i:cice_mct_init"                                           -      24576    24576 2.457600e+04   9.650939e+05    39.374 (   227      0)    39.269 (  5393      0)
"i_i:PIO:initdecomp"                                          -      24576    24576 7.372800e+04   4.481282e+04     1.886 (     6      0)     1.750 ( 24574      0)
"i_i:PIO:PIOc_initdecomp"                                     -      24576    24576 7.372800e+04   4.481247e+04     1.886 (     6      0)     1.750 ( 24574      0)
"i_i:PIO:box_rearrange_create"                                -      24576    24576 7.372800e+04   4.298241e+04     1.749 (  7542      0)     1.749 ( 17423      0)
"i_i:PIO:pio_swapm"                                           -      24576    24576 2.211840e+05   4.032036e+04     1.744 ( 10572      0)     1.436 (   781      0)
"CPL:comp_init_cc_glc"                                        -      24576    24576 2.457600e+04   7.530113e+01     0.004 (  7512      0)     0.002 (  9677      0)
"g_i:comp_init"                                               -      24576    24576 2.457600e+04   4.020834e-02     0.000 ( 16726      0)     0.000 ( 21270      0)
"CPL:comp_init_cc_wav"                                        -      24576    24576 2.457600e+04   6.926654e+01     0.003 ( 12350      0)     0.002 (     0      0)
"w_i:comp_init"                                               -      24576    24576 2.457600e+04   1.192186e-02     0.000 ( 10614      0)     0.000 (  2242      0)
"CPL:comp_init_cc_esp"                                        -      24576    24576 2.457600e+04   5.952113e+01     0.003 (  7428      0)     0.002 (     3      0)
"e_i:comp_init"                                               -      24576    24576 2.457600e+04   1.730337e-02     0.000 (  6277      0)     0.000 ( 21314      0)
"CPL:comp_init_cc_iac"                                        -      24576    24576 2.457600e+04   6.831085e+01     0.003 ( 15670      0)     0.002 (     0      0)
"z_i:comp_init"                                               -      24576    24576 2.457600e+04   1.281482e-02     0.000 (  7791      0)     0.000 (  4173      0)
"CPL:comp_init_cx_all"                                        -      24576    24576 2.457600e+04   7.706238e+03     0.354 (     0      0)     0.248 (   231      0)
"CPL:comp_list_all"                                           -      24576    24576 2.457600e+04   1.003893e-01     0.000 (  6285      0)     0.000 (   181      0)
"CPL:init_maps"                                               -      24576    24576 2.457600e+04   9.078973e+02     0.048 ( 19225      0)     0.036 (   133      0)
"CPL:init_aream"                                              -      24576    24576 2.457600e+04   1.324529e+01     0.011 ( 16910      0)     0.000 ( 24575      0)
"CPL:init_domain_check"                                       -      24576    24576 2.457600e+04   4.102853e+02     0.018 (   117      0)     0.006 ( 19225      0)
"CPL:init_areacor"                                            -      24576    24576 2.457600e+04   1.574701e+02     0.006 ( 10602      0)     0.006 ( 22473      0)
"CPL:init_fracs"                                              -      24576    24576 2.457600e+04   4.043546e+01     0.011 (     0      0)     0.001 (   352      0)
"CPL:init_aoflux"                                             -      24576    24576 2.457600e+04   3.404432e+00     0.002 ( 17226      0)     0.000 ( 19228      0)
"CPL:init_atminit"                                            -      24576    24576 1.474560e+05   5.477212e+01     0.012 (   189      0)     0.002 ( 10490      0)
"CPL:comp_init_cc_atm2"                                       -      24576    24576 2.457600e+04   3.704016e+02     0.016 (   501      0)     0.006 (   189      0)
"CPL:init_readrestart"                                        -      24576    24576 2.457600e+04   1.864739e+00     0.000 (  1920      0)     0.000 ( 16174      0)
"CPL:cime_run_init"                                           -      24576    24576 2.457600e+04   3.720562e+00     0.007 (     0      0)     0.000 ( 18281      0)
"CPL:INIT_sync1_tprf"                                         -      24576    24576 2.457600e+04   1.767060e+02     0.007 (     7      0)     0.000 (     0      0)
"CPL:INIT_t_prf"                                              -      24576    24576 2.457600e+04   6.527860e+00     0.059 (     0      0)     0.000 (  5139      0)
"CPL:INIT_sync2_tprf"                                         -      24576    24576 2.457600e+04   1.450711e+03     0.059 (  5139      0)     0.000 (     0      0)
"CPL:RUN_LOOP_BSTART"                                         -      24576    24576 2.457600e+04   1.063698e+00     0.000 (  7966      0)     0.000 (  9531      0)
"CPL:RUN_LOOP"                                                -      24576    24576 1.061683e+07   6.268219e+06   255.057 ( 19262      0)   255.052 ( 15530      0)
"CPL:CLOCK_ADVANCE"                                           -      24576    24576 1.061683e+07   1.169318e+03     0.056 (   316      0)     0.044 ( 14240      0)
"CPL:RUN"                                                     -      24576    24576 1.273774e+08   5.853854e+04     3.399 ( 17886      0)     1.324 ( 10729      0)
"CPL:OCNPRE1"                                                 -      24576    24576 1.061683e+07   5.001089e+03     0.226 ( 19677      0)     0.182 ( 13076      0)
"CPL:ocnpre1_atm2ocn"                                         -      24576    24576 1.061683e+07   4.989795e+03     0.225 ( 19677      0)     0.182 ( 13076      0)
"CPL:LNDPREP"                                                 -      24576    24576 1.061683e+07   2.070267e+03     0.110 (  7572      0)     0.064 ( 21141      0)
"CPL:lndprep_atm2lnd"                                         -      24576    24576 1.061683e+07   1.801064e+03     0.100 (  6083      0)     0.056 ( 13176      0)
"CPL:lndprep_mrgx2l"                                          -      24576    24576 1.061683e+07   2.465336e+02     0.014 (   386      0)     0.003 ( 10726      0)
"CPL:COMM"                                                    -      24576    24576 7.429325e+07   2.169674e+05    14.689 ( 24209      0)     4.115 (  3007      0)
"CPL:C2L"                                                     -      24576    24576 1.061683e+07   1.048239e+04     0.509 ( 23233      0)     0.299 (     0      0)
"CPL:c2l_lndx2lndl"                                           -      24576    24576 1.061683e+07   5.028340e+03     0.254 (  2873      0)     0.127 ( 17030      0)
"CPL:c2l_infoexch"                                            -      24576    24576 1.061683e+07   5.434978e+03     0.347 ( 20468      0)     0.086 (    10      0)
"CPL:ICEPREP"                                                 -      24576    24576 1.061683e+07   1.837765e+03     0.082 ( 18494      0)     0.071 ( 12968      0)
"CPL:iceprep_ocn2ice"                                         -      24576    24576 1.061683e+07   4.008882e+02     0.019 (  5908      0)     0.014 (  1128      0)
"CPL:iceprep_atm2ice"                                         -      24576    24576 1.061683e+07   5.574964e+02     0.025 (  6257      0)     0.021 ( 10783      0)
"CPL:iceprep_mrgx2i"                                          -      24576    24576 1.061683e+07   8.274505e+02     0.040 ( 18494      0)     0.032 ( 12947      0)
"CPL:C2I"                                                     -      24576    24576 1.061683e+07   4.535794e+03     0.199 ( 23279      0)     0.165 (     2      0)
"CPL:c2i_icex2icei"                                           -      24576    24576 1.061683e+07   6.151836e+02     0.031 ( 21679      0)     0.023 ( 15416      0)
"CPL:ice_infoexch"                                            -      24576    24576 1.061683e+07   3.907607e+03     0.174 ( 23074      0)     0.138 (     2      0)
"CPL:ICE_RUN"                                                 -      24576    24576 1.061683e+07   9.186180e+04     4.557 ( 19691      0)     3.539 ( 23482      0)
"i:cice_run_total"                                            -      24576    24576 1.061683e+07   8.783812e+04     4.393 ( 19689      0)     3.424 ( 20326      0)
"i:cice_run_import"                                           -      24576    24576 1.061683e+07   2.388329e+03     0.119 (  6116      0)     0.087 ( 15872      0)
"i:cice_imp_ocn"                                              -      24576    24576 1.061683e+07   2.545847e+02     0.016 ( 13519      0)     0.009 ( 11257      0)
"i:cice_imp_atm"                                              -      24576    24576 1.061683e+07   2.327599e+02     0.019 ( 13519      0)     0.009 ( 15671      0)
"i:cice_run_initmd"                                           -      24576    24576 1.061683e+07   5.159087e+04     2.265 (     1      0)     2.002 ( 23174      0)
"i:cice_run_presc"                                            -      24576    24576 1.061683e+07   1.278063e+04     0.539 ( 20700      0)     0.437 (  2422      0)
"i:cice_pice_strd_adv_total"                                  -      24576    24576 1.061683e+07   1.035689e+04     0.435 ( 18331      0)     0.348 (  2687      0)
"i:cice_pice_strd_adv_readLBUB"                               -      24576    24576 1.061683e+07   9.071867e+03     0.409 (  3151      0)     0.341 (  4277      0)
"i:cice_pice_readLBUB_setup"                                  -      24576    24576 1.061683e+07   3.441614e+00     0.000 ( 18331      0)     0.000 (   290      0)
"i:cice_pice_readLBUB_fbound"                                 -      24576    24576 4.915200e+04   2.413911e-01     0.235 (     0      0)     0.000 (  5979      0)
"i:cice_pice_readLBUB_bcast"                                  -      24576    24576 4.915200e+04   5.781057e+03     0.236 ( 10649      0)     0.000 (     0      0)
"i:cice_pice_readLBUB_LB_setup"                               -      24576    24576 2.457600e+04   6.925491e-03     0.000 (     0      0)     0.000 ( 10739      0)
"i:cice_pice_readLBUB_LB_readpio"                             -      24576    24576 2.457600e+04   1.737347e+03     0.097 (  2580      0)     0.058 (     1      0)
"i:PIO:openfile"                                              -      24576    24576 2.457600e+04   1.259527e+03     0.055 (  6444      0)     0.051 (     1      0)
"i:PIO:pio_inq_varid_file_vdesc"                              -      24576    24576 1.474560e+05   7.575669e+01     0.024 (  4207      0)     0.000 (  6778      0)
"i:PIO:pio_inq_varid_file_vid"                                -      24576    24576 1.474560e+05   7.569764e+01     0.024 (  4207      0)     0.000 (  6776      0)
"i:PIO:pio_inq_varndims_file_vdesc"                           -      24576    24576 7.372800e+04   2.494143e+01     0.017 (  3565      0)     0.001 (     1      0)
"i:PIO:pio_inq_varndims_file_vid"                             -      24576    24576 7.372800e+04   2.490200e+01     0.017 (  3565      0)     0.001 (     1      0)
"i:PIO:pio_inq_vardimid_file_vdesc"                           -      24576    24576 7.372800e+04   4.467085e+01     0.002 ( 20884      0)     0.001 ( 22778      0)
"i:PIO:pio_inq_vardimid_file_vid"                             -      24576    24576 7.372800e+04   4.463836e+01     0.002 ( 20884      0)     0.001 ( 22778      0)
"i:PIO:pio_inq_dimlen_file_dimid"                             -      24576    24576 2.211840e+05   2.700262e+01     0.001 ( 14865      0)     0.001 (  3708      0)
"i:PIO:pio_inq_dimlen_file_dimid_offlen"                      -      24576    24576 2.211840e+05   2.693666e+01     0.001 ( 14865      0)     0.001 (  3708      0)
"i:PIO:pio_inq_vartype_file_vdesc"                            -      24576    24576 7.372800e+04   2.121410e+01     0.002 (     7      0)     0.000 ( 22629      0)
"i:PIO:pio_inq_vartype_file_vid"                              -      24576    24576 7.372800e+04   2.118089e+01     0.002 (     9      0)     0.000 ( 22629      0)
"i:PIO:read_darray_1d_real"                                   -      24576    24576 7.372800e+04   1.561025e+03     0.112 (  3168      0)     0.008 (  2593      0)
"i:PIO:PIOc_read_darray"                                      -      24576    24576 7.372800e+04   1.560826e+03     0.112 (  3168      0)     0.008 (  2593      0)
"i:PIO:read_darray_nc"                                        -      24576    24576 7.372800e+04   9.554158e+01     0.107 (   216      0)     0.000 ( 14149      0)
"i:PIO:rearrange_io2comp"                                     -      24576    24576 7.372800e+04   1.416151e+03     0.109 (   301      0)     0.001 ( 20652      0)
"i:PIO:pio_swapm"                                             -      24576    24576 7.372800e+04   1.410748e+03     0.109 (   301      0)     0.001 ( 20652      0)
"i:cice_pice_readLBUB_UB_setup"                               -      24576    24576 4.915200e+04   2.062795e-02     0.000 (     0      0)     0.000 ( 20574      0)
"i:cice_pice_readLBUB_UB_readpio"                             -      24576    24576 4.915200e+04   1.516699e+03     0.102 (  3164      0)     0.042 ( 24356      0)
"i:cice_pice_readLBUB_filemgt"                                -      24576    24576 1.061683e+07   2.213690e+00     0.000 (  4985      0)     0.000 (  3681      0)
"i:cice_pice_strd_adv_map"                                    -      24576    24576 4.915200e+04   1.124152e+03     0.086 ( 18364      0)     0.001 ( 13503      0)
"i:cice_pice_strd_adv_tint"                                   -      24576    24576 1.061683e+07   1.168119e+02     0.006 ( 19329      0)     0.004 (  8530      0)
"i:cice_run_initflux"                                         -      24576    24576 1.061683e+07   1.084105e+02     0.005 ( 20352      0)     0.004 ( 15565      0)
"i:cice_run_prepradiation"                                    -      24576    24576 1.061683e+07   8.259887e+01     0.007 ( 19478      0)     0.003 ( 10894      0)
"i:cice_run_therm1"                                           -      24576    24576 1.061683e+07   3.027633e+03     0.475 ( 19538      0)     0.101 (  1220      0)
"i:cice_run_dyn"                                              -      24576    24576 1.061683e+07   7.651718e-01     0.000 (  6510      0)     0.000 ( 15729      0)
"i:cice_run_radiation"                                        -      24576    24576 1.061683e+07   2.034178e+03     0.729 ( 19690      0)     0.050 ( 22413      0)
"i:cice_step_radiationib"                                     -      24576    24576 1.061683e+07   1.792213e+03     0.721 ( 19690      0)     0.043 ( 22413      0)
"i:cice_step_rib_swdedd1"                                     -      24576    24576 1.061683e+07   2.028336e+02     0.016 (  5553      0)     0.003 ( 23540      0)
"i:cice_step_rib_swdedd2"                                     -      24576    24576 1.061683e+07   1.379551e+02     0.008 ( 19538      0)     0.005 (  7545      0)
"i:cice_step_rib_swdedd7"                                     -      24576    24576 1.061683e+07   1.321393e+03     0.698 ( 19690      0)     0.024 ( 22497      0)
"i:cice_run_couplingprep"                                     -      24576    24576 1.061683e+07   2.532344e+03     1.007 ( 19691      0)     0.047 ( 23625      0)
"i:ice_HaloUpdate2DR8"                                        -      24576    24576 1.061683e+07   1.421672e+03     0.960 ( 19691      0)     0.004 ( 23617      0)
"i:ice_HU2DR8_init"                                           -      24576    24576 1.061683e+07   7.436756e+00     0.001 ( 14586      0)     0.000 (  6360      0)
"i:cice_run_diag"                                             -      24576    24576 1.061683e+07   1.086299e+04     0.462 (  8097      0)     0.398 ( 19378      0)
"i:cice_run_hist"                                             -      24576    24576 1.061683e+07   1.440809e+03     0.067 (  9099      0)     0.043 ( 18670      0)
"i:cice_run_accum"                                            -      24576    24576 1.061683e+07   6.107779e+01     0.003 (  9924      0)     0.002 ( 18398      0)
"i:cice_run_export"                                           -      24576    24576 1.061683e+07   7.443349e+02     0.036 ( 17801      0)     0.027 ( 22664      0)
"CPL:LND_RUN"                                                 -      24576    24576 1.061683e+07   3.979594e+05    19.005 (  1697      0)    13.640 ( 24208      0)
"l:lc_lnd_import"                                             -      24576    24576 1.061683e+07   6.735987e+02     0.033 ( 10028      0)     0.023 ( 22249      0)
"l:elm_run"                                                   -      24576    24576 1.064141e+07   3.959026e+05    18.921 (  1697      0)    13.555 ( 24208      0)
"l:shr_orb_decl"                                              -      24576    24576 1.064141e+07   9.375844e+00     0.001 ( 20516      0)     0.000 ( 18572      0)
"l:decomp_vert"                                               -      24576    24576 1.064141e+07   6.695401e+01     0.005 ( 13551      0)     0.001 ( 19655      0)
"l:beggridwbal"                                               -      24576    24576 1.064141e+07   1.781250e+03     0.091 ( 24300      0)     0.056 ( 18611      0)
"l:cnpinit"                                                   -      24576    24576 1.064141e+07   7.909642e+00     0.001 ( 14411      0)     0.000 (  8015      0)
"l:cnpvegsumm"                                                -      24576    24576 1.064141e+07   1.189816e+00     0.000 ( 18441      0)     0.000 ( 20832      0)
"l:dyn_subgrid"                                               -      24576    24576 1.064141e+07   1.099688e+04     0.539 (  2861      0)     0.361 ( 18610      0)
"l:begwbal"                                                   -      24576    24576 1.064141e+07   1.915073e+02     0.015 (  1721      0)     0.005 ( 19679      0)
"l:begcnpbal"                                                 -      24576    24576 1.064141e+07   1.820244e+00     0.000 ( 15857      0)     0.000 ( 21589      0)
"l:drvinit"                                                   -      24576    24576 1.064141e+07   1.114529e+03     0.052 ( 10476      0)     0.037 ( 18610      0)
"l:canhydro"                                                  -      24576    24576 1.064141e+07   1.807921e+03     0.102 (  3298      0)     0.052 ( 13250      0)
"l:surfrad"                                                   -      24576    24576 1.064141e+07   3.603271e+03     0.172 ( 20008      0)     0.122 ( 17789      0)
"l:bgp1"                                                      -      24576    24576 1.064141e+07   2.099724e+03     0.130 ( 24300      0)     0.060 ( 18136      0)
"l:bgflux"                                                    -      24576    24576 1.064141e+07   2.660993e+03     0.154 (   898      0)     0.066 (  7312      0)
"l:canflux"                                                   -      24576    24576 1.064141e+07   1.014622e+05     6.355 (  1697      0)     2.413 ( 12404      0)
"l:can_iter"                                                  -      24576    24576 1.064141e+07   8.270862e+04     5.447 (  1697      0)     1.802 ( 12404      0)
"l:uflux"                                                     -      24576    24576 1.064141e+07   1.423086e+03     0.147 ( 24300      0)     0.015 ( 17477      0)
"l:bgplake"                                                   -      24576    24576 1.064141e+07   7.757081e+03     0.492 (  2372      0)     0.195 ( 13236      0)
"l:bgc"                                                       -      24576    24576 1.064141e+07   5.644141e+03     0.355 ( 22441      0)     0.172 ( 12402      0)
"l:soiltemperature"                                           -      24576    24576 1.064141e+07   6.226859e+04     3.086 ( 24300      0)     2.063 ( 18610      0)
"l:SoilThermProp"                                             -      24576    24576 1.064141e+07   3.397072e+03     0.215 (  3076      0)     0.089 ( 16085      0)
"l:SoilTempBandDiag"                                          -      24576    24576 2.128282e+07   6.376507e+03     0.445 ( 24300      0)     0.175 (   515      0)
"l:PhaseChangeH2osfc"                                         -      24576    24576 1.064141e+07   3.997516e+01     0.003 (  6869      0)     0.001 ( 19682      0)
"l:PhaseChangebeta"                                           -      24576    24576 1.064141e+07   1.276822e+03     0.091 (  3288      0)     0.026 ( 19683      0)
"l:bgp2"                                                      -      24576    24576 1.064141e+07   2.578524e+03     0.147 ( 24300      0)     0.077 ( 16085      0)
"l:bgp2_loop_1"                                               -      24576    24576 1.064141e+07   4.184783e+02     0.024 ( 24300      0)     0.013 ( 17694      0)
"l:bgp2_loop_2"                                               -      24576    24576 1.064141e+07   7.323929e+02     0.042 ( 21402      0)     0.023 ( 11542      0)
"l:bgp2_loop_3"                                               -      24576    24576 1.064141e+07   1.097490e+03     0.064 ( 24300      0)     0.029 ( 24208      0)
"l:bgp2_loop_4"                                               -      24576    24576 1.064141e+07   2.863767e+02     0.016 ( 24300      0)     0.009 ( 17694      0)
"l:patch2col"                                                 -      24576    24576 1.064141e+07   1.629476e+03     0.096 (  3076      0)     0.049 ( 17789      0)
"l:hydro without drainage"                                    -      24576    24576 1.064141e+07   1.909258e+04     1.121 ( 24300      0)     0.590 ( 13766      0)
"l:hylake"                                                    -      24576    24576 1.064141e+07   1.968642e+03     0.199 (   752      0)     0.058 ( 17789      0)
"l:snow_init"                                                 -      24576    24576 1.064141e+07   1.512011e+02     0.017 (  4741      0)     0.003 ( 18272      0)
"l:ecosysdyn"                                                 -      24576    24576 1.064141e+07   5.009264e+02     0.026 ( 24300      0)     0.016 ( 11542      0)
"l:depvel"                                                    -      24576    24576 2.128282e+07   7.949942e+00     0.001 ( 17667      0)     0.000 (  8525      0)
"l:hydro2 drainage"                                           -      24576    24576 1.064141e+07   1.470100e+03     0.095 ( 24300      0)     0.041 ( 14940      0)
"l:balchk"                                                    -      24576    24576 1.064141e+07   1.869561e+03     0.086 (  3256      0)     0.065 ( 13244      0)
"l:gridbalchk"                                                -      24576    24576 1.064141e+07   1.042193e+03     0.049 (  3115      0)     0.037 ( 23810      0)
"l:lnd2atm"                                                   -      24576    24576 1.064141e+07   7.927545e+03     0.377 ( 21260      0)     0.282 ( 23810      0)
"l:wrtdiag"                                                   -      24576    24576 1.064141e+07   1.051285e+02     0.042 (     0      0)     0.003 ( 14634      0)
"l:hbuf"                                                      -      24576    24576 1.064141e+07   3.070119e+04     1.419 (  4156      0)     1.097 ( 23810      0)
"l:elm_drv_io"                                                -      24576    24576 1.064141e+07   3.403278e+01     0.002 ( 10065      0)     0.001 (  7020      0)
"l:elm_drv_io_htapes"                                         -      24576    24576 1.064141e+07   2.645120e+01     0.002 (  7146      0)     0.001 ( 11383      0)
"l:lc_lnd_export"                                             -      24576    24576 1.064141e+07   2.793867e+02     0.014 (  5165      0)     0.011 ( 13391      0)
"l:lc_elm2_adv_timestep"                                      -      24576    24576 1.064141e+07   8.033558e+00     0.001 ( 17747      0)     0.000 ( 12264      0)
"l:accum"                                                     -      24576    24576 1.061683e+07   5.725196e+03     0.248 (  7380      0)     0.217 ( 20602      0)
"CPL:ATMOCNP"                                                 -      24576    24576 1.061683e+07   4.413702e+03     0.264 ( 19402      0)     0.038 ( 22796      0)
"CPL:atmocnp_fluxo"                                           -      24576    24576 1.061683e+07   3.755419e+03     0.241 (  3072      0)     0.014 (  7718      0)
"CPL:atmocnp_ocnalb"                                          -      24576    24576 1.061683e+07   6.342316e+02     0.045 (  7493      0)     0.017 ( 14353      0)
"CPL:L2C"                                                     -      24576    24576 1.061683e+07   2.690677e+04     2.586 (  9850      0)     0.215 ( 14229      0)
"CPL:l2c_lndl2lndx"                                           -      24576    24576 1.061683e+07   2.686497e+04     2.584 (  9850      0)     0.213 ( 14229      0)
"lnd2cpl_run"                                                 -      24576    24576 1.061683e+07   2.706918e+01     0.001 ( 20636      0)     0.001 ( 23659      0)
"CPL:LNDPOST"                                                 -      24576    24576 1.061683e+07   8.599763e+00     0.000 ( 11239      0)     0.000 (  2169      0)
"CPL:I2C"                                                     -      24576    24576 1.061683e+07   6.327362e+02     0.028 ( 11235      0)     0.024 ( 23362      0)
"CPL:i2c_icei2icex"                                           -      24576    24576 1.061683e+07   6.056375e+02     0.027 ( 11235      0)     0.023 ( 23362      0)
"CPL:i2c_infoexch"                                            -      24576    24576 1.061683e+07   1.196790e+01     0.001 ( 10523      0)     0.000 (  1883      0)
"CPL:ICEPOST"                                                 -      24576    24576 1.061683e+07   7.243647e-01     0.000 ( 11911      0)     0.000 ( 14837      0)
"CPL:FRACSET"                                                 -      24576    24576 1.061683e+07   1.603558e+03     0.068 ( 16569      0)     0.063 (  7570      0)
"CPL:fracset_fracset"                                         -      24576    24576 1.061683e+07   1.599931e+03     0.068 ( 16569      0)     0.063 (  7570      0)
"CPL:ATMPREP"                                                 -      24576    24576 1.061683e+07   4.348359e+04     2.877 ( 17886      0)     0.673 ( 10729      0)
"CPL:atmprep_xao2atm"                                         -      24576    24576 1.061683e+07   3.412212e+03     0.148 ( 22334      0)     0.134 (  9005      0)
"CPL:atmprep_ocn2atm"                                         -      24576    24576 1.061683e+07   2.943485e+03     0.127 ( 16931      0)     0.116 ( 12011      0)
"CPL:atmprep_alb2atm"                                         -      24576    24576 1.061683e+07   1.350059e+03     0.061 ( 20354      0)     0.050 (  7385      0)
"CPL:atmprep_ice2atm"                                         -      24576    24576 1.061683e+07   3.352226e+03     0.147 (  4092      0)     0.132 (  7378      0)
"CPL:atmprep_lnd2atm"                                         -      24576    24576 1.061683e+07   3.076330e+04     2.358 ( 17886      0)     0.157 ( 10725      0)
"CPL:atmprep_mrgx2a"                                          -      24576    24576 1.061683e+07   1.614131e+03     0.078 ( 19622      0)     0.058 (  5902      0)
"CPL:C2A"                                                     -      24576    24576 1.061683e+07   5.138981e+04     3.729 ( 14941      0)     1.352 (  7330      0)
"CPL:c2a_atmx2atmg"                                           -      24576    24576 1.061683e+07   3.352193e+04     2.860 ( 10927      0)     0.534 ( 23435      0)
"CPL:c2a_infoexch"                                            -      24576    24576 1.061683e+07   1.785442e+04     1.577 ( 16757      0)     0.272 (  3451      0)
"CPL:ATM_RUN"                                                 -      24576    24576 1.061683e+07   5.352165e+06   221.112 (   238      0)   215.059 ( 13184      0)
"a:EAMxx::run"                                                -      24576    24576 1.061683e+07   5.350015e+06   221.025 (   238      0)   214.971 ( 13184      0)
"a:EAMxx::EAMxx::run"                                         -      24576    24576 1.061683e+07   5.347996e+06   220.943 (   238      0)   214.889 ( 13184      0)
"a:EAMxx::EAMxx::run-precondition-checks"                     -      24576    24576 1.061683e+07   4.261513e+00     0.000 (  9893      0)     0.000 (  5936      0)
"a:EAMxx::SurfaceCouplingImporter::run"                       -      24576    24576 1.061683e+07   7.746789e+03     0.773 (   151      0)     0.303 (  7172      0)
"a:EAMxx::SurfaceCouplingImporter::run-precondition-checks"   -      24576    24576 1.061683e+07   1.988842e+00     0.000 ( 18338      0)     0.000 ( 17729      0)
"a:EAMxx::SurfaceCouplingImporter::run-postcondition-checks"  -      24576    24576 1.061683e+07   6.744274e+03     0.731 (   151      0)     0.264 (  7172      0)
"a:EAMxx::homme::run"                                         -      24576    24576 1.061683e+07   5.040425e+06   205.442 (  7390      0)   204.854 ( 15556      0)
"a:EAMxx::homme::run-precondition-checks"                     -      24576    24576 1.061683e+07   1.873454e+00     0.000 (  7312      0)     0.000 ( 22613      0)
"a:tl-sc prim_run_subcycle_c"                                 -      24576    24576 2.123366e+07   4.953094e+06   201.743 (    29      0)   200.920 (   165      0)
"a:tl-s prim_step_flexible"                                   -      24576    24576 2.123366e+07   4.952995e+06   201.739 (    29      0)   200.916 (   165      0)
"a:ApplyCAMForcing_tracers"                                   -      24576    24576 1.061683e+07   6.496511e+03     1.106 (   185      0)     0.246 ( 20046      0)
"a:tl-s deep_copy+derived_dp"                                 -      24576    24576 2.123366e+07   1.089451e+03     0.107 (   198      0)     0.040 (  2715      0)
"a:ApplyCAMForcing_dynamics"                                  -      24576    24576 6.370099e+07   7.249108e+03     0.417 (   238      0)     0.273 (  7928      0)
"a:tl-ae prim_advance_exp"                                    -      24576    24576 1.274020e+08   3.981655e+06   167.847 (  6051      0)   158.815 (   238      0)
"a:ttype9_imex_timestep"                                      -      24576    24576 1.274020e+08   3.385216e+06   146.507 (  6047      0)   133.453 (  8298      0)
"a:caar compute"                                              -      24576    24576 1.274020e+09   8.409294e+05    36.508 ( 10548      0)    33.274 ( 12410      0)
"a:caar_bexchV"                                               -      24576    24576 6.370099e+08   8.180605e+05    42.128 ( 18910      0)    27.538 ( 12180      0)
"a:caar limiter"                                              -      24576    24576 7.644119e+08   4.485001e+05    22.066 ( 21394      0)    15.777 ( 12778      0)
"a:compute_stage_value_dirk"                                  -      24576    24576 6.370099e+08   1.261462e+06    57.899 (  4386      0)    49.448 ( 17140      0)
"a:tl-ae advance_hypervis_dp"                                 -      24576    24576 1.274020e+08   5.925817e+05    31.475 (   944      0)    18.791 ( 12671      0)
"a:hvf-bhwk"                                                  -      24576    24576 1.274020e+08   3.132166e+05    16.792 (   881      0)    10.652 ( 19583      0)
"a:hvf-bexch"                                                 -      24576    24576 3.822060e+08   3.397119e+05    21.386 (   944      0)     8.516 ( 12671      0)
"a:tl-sc vertical_remap"                                      -      24576    24576 6.370099e+07   2.078417e+05     9.766 (   238      0)     7.488 ( 15556      0)
"a:Remap Thickness Functor"                                   -      24576    24576 6.370099e+07   7.022836e+03     0.370 (   155      0)     0.268 (  6236      0)
"a:Remap Scale States Functor"                                -      24576    24576 6.370099e+07   3.355576e+03     0.238 (   190      0)     0.125 (  7304      0)
"a:Remap Compute Grids Functor"                               -      24576    24576 6.370099e+07   1.484933e+04     0.729 (   147      0)     0.580 (  5534      0)
"a:Remap Compute Remap Functor"                               -      24576    24576 6.370099e+07   1.388928e+05     6.835 (  7390      0)     4.746 ( 15556      0)
"a:Remap Rescale States Functor"                              -      24576    24576 6.370099e+07   5.794996e+03     0.336 (  1825      0)     0.195 ( 20566      0)
"a:tl-at prim_advec_tracers_compose"                          -      24576    24576 2.123366e+07   7.213244e+05    32.537 ( 23171      0)    23.529 (  6045      0)
"a:compose_transport"                                         -      24576    24576 2.123366e+07   7.210463e+05    32.526 ( 23171      0)    23.518 (  6045      0)
"a:compose_calc_trajectory"                                   -      24576    24576 2.123366e+07   4.966354e+04     3.580 (  8342      0)     1.672 (  2599      0)
"a:compose_3d_levels"                                         -      24576    24576 2.123366e+07   2.375780e+04     1.394 (   152      0)     0.858 (  8955      0)
"a:compose_v_bexchv"                                          -      24576    24576 2.123366e+07   2.403658e+04     2.536 (  8624      0)     0.595 ( 20803      0)
"a:compose_v2x"                                               -      24576    24576 2.123366e+07   1.779889e+03     0.084 (   238      0)     0.064 (  8954      0)
"a:compose_isl"                                               -      24576    24576 2.123366e+07   1.880915e+05    11.634 ( 18264      0)     5.512 ( 16048      0)
"a:compose_hypervis_scalar"                                   -      24576    24576 2.123366e+07   1.969297e+05    11.938 (  6523      0)     4.613 ( 18265      0)
"a:compose_cedr_global"                                       -      24576    24576 2.123366e+07   2.570022e+05    14.110 (  6792      0)     6.793 ( 18911      0)
"a:repro_sum_int"                                             -      24576    24576 2.123366e+07   2.347675e+05    13.222 (  6792      0)     5.889 ( 18911      0)
"a:compose_cedr_local"                                        -      24576    24576 2.123366e+07   9.024468e+03     0.563 (  7390      0)     0.291 ( 15556      0)
"a:compose_dss_q"                                             -      24576    24576 2.123366e+07   2.018314e+04     1.029 (  1103      0)     0.669 (  6307      0)
"a:compose_vertical_remap"                                    -      24576    24576 2.123366e+07   2.642777e+04     1.315 (   238      0)     0.938 ( 15556      0)
"a:EAMxx::homme::run-postcondition-checks"                    -      24576    24576 1.061683e+07   9.682077e+03     0.929 (   145      0)     0.357 (  8954      0)
"a:EAMxx::physics::run"                                       -      24576    24576 1.061683e+07   2.896513e+05    14.764 (  7780      0)     9.203 ( 13184      0)
"a:EAMxx::physics::run-precondition-checks"                   -      24576    24576 1.061683e+07   3.000702e+00     0.000 ( 21232      0)     0.000 ( 18942      0)
"a:EAMxx::mac_aero_mic::run"                                  -      24576    24576 1.061683e+07   1.367569e+05     7.721 (   234      0)     4.727 ( 12392      0)
"a:EAMxx::mac_aero_mic::run-precondition-checks"              -      24576    24576 1.061683e+07   1.742027e+00     0.000 (  3243      0)     0.000 ( 22279      0)
"a:EAMxx::tms::run"                                           -      24576    24576 1.061683e+07   1.175583e+03     0.264 (   183      0)     0.043 ( 15556      0)
"a:EAMxx::tms::run-precondition-checks"                       -      24576    24576 1.061683e+07   1.587984e+00     0.000 ( 23088      0)     0.000 ( 17320      0)
"a:EAMxx::tms::run-postcondition-checks"                      -      24576    24576 1.061683e+07   8.033004e+02     0.042 ( 14039      0)     0.027 ( 15556      0)
"a:EAMxx::shoc::run"                                          -      24576    24576 1.061683e+07   5.340635e+04     2.930 (   234      0)     2.022 (  5794      0)
"a:EAMxx::shoc::run-precondition-checks"                      -      24576    24576 1.061683e+07   1.682136e+00     0.000 ( 14056      0)     0.000 (   307      0)
"a:EAMxx::shoc::preprocess"                                   -      24576    24576 1.061683e+07   1.728940e+02     0.055 (   192      0)     0.006 ( 17882      0)
"a:EAMxx::shoc::shoc_main"                                    -      24576    24576 1.061683e+07   1.601157e+04     1.337 (   186      0)     0.590 (  2003      0)
"a:EAMxx::shoc::postprocess"                                  -      24576    24576 1.061683e+07   6.013502e+03     0.288 (  7269      0)     0.217 ( 16406      0)
"a:EAMxx::shoc::run-postcondition-checks"                     -      24576    24576 1.061683e+07   2.285236e+04     1.029 (  4425      0)     0.841 ( 14227      0)
"a:EAMxx::cld_fraction::run"                                  -      24576    24576 1.061683e+07   3.517613e+03     0.240 ( 14227      0)     0.137 ( 10318      0)
"a:EAMxx::cld_fraction::run-precondition-checks"              -      24576    24576 1.061683e+07   4.105405e+00     0.000 ( 16914      0)     0.000 (  7921      0)
"a:EAMxx::cld_fraction::run-postcondition-checks"             -      24576    24576 1.061683e+07   3.053738e+03     0.135 (  7391      0)     0.119 ( 10318      0)
"a:EAMxx::spa::run"                                           -      24576    24576 1.061683e+07   1.721146e+04     1.106 (   195      0)     0.670 ( 15100      0)
"a:EAMxx::spa::run-precondition-checks"                       -      24576    24576 1.061683e+07   2.298055e+00     0.000 (  4322      0)     0.000 (  3364      0)
"a:EAMxx::spa::run-postcondition-checks"                      -      24576    24576 1.061683e+07   1.082380e+04     0.498 (   151      0)     0.416 ( 14844      0)
"a:EAMxx::p3::run"                                            -      24576    24576 1.061683e+07   6.101345e+04     3.902 ( 10395      0)     1.733 ( 12392      0)
"a:EAMxx::p3::run-precondition-checks"                        -      24576    24576 1.061683e+07   2.378543e+03     0.419 ( 10307      0)     0.039 ( 11742      0)
"a:EAMxx::p3::run-postcondition-checks"                       -      24576    24576 1.061683e+07   2.026701e+04     1.249 ( 11027      0)     0.785 ( 15554      0)
"a:EAMxx::mac_aero_mic::run-postcondition-checks"             -      24576    24576 1.061683e+07   3.210077e+00     0.001 ( 18978      0)     0.000 ( 10996      0)
"a:EAMxx::rrtmgp::run"                                        -      24576    24576 1.061683e+07   1.524776e+05     8.257 (  5801      0)     4.194 ( 13377      0)
"a:EAMxx::rrtmgp::run-precondition-checks"                    -      24576    24576 1.061683e+07   5.719933e+02     0.027 (  6072      0)     0.019 ( 14254      0)
"a:EAMxx::rrtmgp::run-postcondition-checks"                   -      24576    24576 1.061683e+07   1.721401e+04     0.859 ( 17663      0)     0.589 ( 13328      0)
"a:EAMxx::physics::run-postcondition-checks"                  -      24576    24576 1.061683e+07   2.650585e+00     0.000 (  4569      0)     0.000 ( 22613      0)
"a:EAMxx::SurfaceCouplingExporter::run"                       -      24576    24576 1.061683e+07   9.189342e+03     0.465 (    37      0)     0.338 ( 21296      0)
"a:EAMxx::SurfaceCouplingExporter::run-precondition-checks"   -      24576    24576 1.061683e+07   3.862056e+00     0.000 ( 23962      0)     0.000 ( 12994      0)
"a:EAMxx::SurfaceCouplingExporter::run-postcondition-checks"  -      24576    24576 1.061683e+07   4.409596e+00     0.001 (  3348      0)     0.000 (  3895      0)
"a:EAMxx::EAMxx::run-postcondition-checks"                    -      24576    24576 1.061683e+07   1.955167e+00     0.001 (  8232      0)     0.000 (   307      0)
"a:EAMxx::IO::restart"                                        -      24576    24576 1.061683e+07   6.125127e+01     0.003 (    14      0)     0.002 ( 17713      0)
"a:EAMxx::IO::model_restart"                                  -      24576    24576 1.061683e+07   5.019755e+01     0.003 (    26      0)     0.002 ( 17713      0)
"a:EAMxx::IO::restart::get_new_file"                          -      24576    24576 1.061683e+07   1.687904e+00     0.000 ( 23072      0)     0.000 ( 11031      0)
"a:EAMxx::IO::restart::run_output_streams"                    -      24576    24576 1.061683e+07   1.850196e+01     0.001 (    26      0)     0.001 (  2178      0)
"a:EAMxx::IO::standard"                                       -      24576    24576 1.061683e+07   2.475134e+01     0.002 (  5538      0)     0.001 ( 16543      0)
"a:EAMxx::IO::nooutput.yaml"                                  -      24576    24576 1.061683e+07   1.830595e+01     0.001 ( 10500      0)     0.001 ( 16543      0)
"a:EAMxx::IO::standard::get_new_file"                         -      24576    24576 1.061683e+07   8.832110e-01     0.000 ( 20844      0)     0.000 ( 19952      0)
"a:EAMxx::IO::standard::run_output_streams"                   -      24576    24576 1.061683e+07   1.895723e+00     0.000 (  8895      0)     0.000 ( 13364      0)
"CPL:A2C"                                                     -      24576    24576 1.061683e+07   9.058121e+04     8.017 ( 15860      0)     0.351 (  4499      0)
"CPL:a2c_atma2atmx"                                           -      24576    24576 1.061683e+07   4.601816e+04     5.922 (  2451      0)     0.200 (  8425      0)
"CPL:a2c_infoexch"                                            -      24576    24576 1.061683e+07   4.453372e+04     7.008 ( 15857      0)     0.019 (  7546      0)
"CPL:ATMPOST"                                                 -      24576    24576 1.061683e+07   5.847895e+00     0.000 (  5007      0)     0.000 ( 23390      0)
"CPL:HISTORY"                                                 -      24576    24576 1.061683e+07   2.566164e+01     0.002 (  3444      0)     0.001 ( 11596      0)
"CPL:cime_run_write_history"                                  -      24576    24576 1.061683e+07   1.927152e+01     0.001 (  3444      0)     0.001 (  7621      0)
"CPL:TSTAMP_WRITE"                                            -      24576    24576 1.061683e+07   7.923491e+00     0.001 ( 15708      0)     0.000 (  9746      0)
"CPL:TPROF_WRITE"                                             -      24576    24576 1.061683e+07   4.012567e+00     0.000 ( 22237      0)     0.000 (  7430      0)
"CPL:C2O_INITWAIT"                                            -      24576    24576 1.059226e+07   1.458379e+05     7.775 (     0      0)     2.804 ( 24573      0)
"l:interpMonthlyVeg"                                          -      24576    24576 1.059226e+07   9.951542e+04     4.065 ( 23448      0)     4.013 (  2324      0)
"l:readMonthlyVeg"                                            -      24576    24576 2.457600e+04   9.950817e+04     4.065 ( 16308      0)     4.013 (   989      0)
"l:PIO:openfile"                                              -      24576    24576 2.457600e+04   4.412160e+03     0.272 ( 23751      0)     0.094 ( 17685      0)
"l:PIO:pio_inq_varid_file_vdesc"                              -      24576    24576 1.966080e+05   3.663156e+01     0.012 (  4633      0)     0.000 (  8902      0)
"l:PIO:pio_inq_varid_file_vid"                                -      24576    24576 1.966080e+05   3.655111e+01     0.012 (  4633      0)     0.000 (  8902      0)
"l:PIO:pio_inq_varndims_file_vdesc"                           -      24576    24576 1.966080e+05   2.717575e+01     0.277 (  8185      0)     0.000 ( 17891      0)
"l:PIO:pio_inq_varndims_file_vid"                             -      24576    24576 1.966080e+05   2.711419e+01     0.277 (  8185      0)     0.000 ( 17891      0)
"l:PIO:pio_inq_vardimid_file_vdesc"                           -      24576    24576 1.966080e+05   5.554717e+01     0.005 (  1113      0)     0.001 ( 14667      0)
"l:PIO:pio_inq_vardimid_file_vid"                             -      24576    24576 1.966080e+05   5.549455e+01     0.005 (  1112      0)     0.001 ( 14667      0)
"l:PIO:pio_inq_dimname_file_dimid"                            -      24576    24576 1.671168e+06   1.374648e+02     0.012 (  1109      0)     0.002 ( 17832      0)
"l:PIO:pio_inq_dimlen_file_dimid"                             -      24576    24576 3.932160e+05   2.325078e+01     0.002 (  1112      0)     0.000 ( 17796      0)
"l:PIO:pio_inq_dimlen_file_dimid_offlen"                      -      24576    24576 3.932160e+05   2.315903e+01     0.002 (  1105      0)     0.000 ( 14976      0)
"l:PIO:pio_inquire_file"                                      -      24576    24576 7.372800e+05   4.045082e+01     0.004 (  1115      0)     0.001 ( 23397      0)
"l:PIO:pio_inq_ndims_file"                                    -      24576    24576 7.372800e+05   4.029401e+01     0.004 (  1110      0)     0.001 ( 23396      0)
"l:PIO:initdecomp"                                            -      24576    24576 2.457600e+04   2.307601e+04     0.939 (    11      0)     0.938 (  1696      0)
"l:PIO:PIOc_initdecomp"                                       -      24576    24576 2.457600e+04   2.307546e+04     0.939 (    11      0)     0.938 (  1696      0)
"l:PIO:box_rearrange_create"                                  -      24576    24576 2.457600e+04   2.305351e+04     0.938 (  4253      0)     0.938 ( 17544      0)
"l:PIO:pio_swapm"                                             -      24576    24576 2.703360e+05   8.930949e+04     3.766 ( 21318      0)     2.056 (  5844      0)
"l:PIO:read_darray_3d_double"                                 -      24576    24576 1.966080e+05   6.933288e+04     2.846 ( 21379      0)     2.510 (  8188      0)
"l:PIO:PIOc_read_darray"                                      -      24576    24576 1.966080e+05   6.933238e+04     2.846 ( 21379      0)     2.510 (  8188      0)
"l:PIO:read_darray_nc"                                        -      24576    24576 1.966080e+05   1.899117e+03     1.550 (  5844      0)     0.000 (  2043      0)
"l:PIO:rearrange_io2comp"                                     -      24576    24576 1.966080e+05   6.733798e+04     2.843 ( 21379      0)     1.226 (  5844      0)
"l:PIO:closefile"                                             -      24576    24576 2.457600e+04   3.607087e+01     0.052 (   984      0)     0.000 ( 13520      0)
"l:PIO:PIOc_closefile"                                        -      24576    24576 2.457600e+04   3.604190e+01     0.052 (   984      0)     0.000 ( 13520      0)
"l:surfalb"                                                   -      24576    24576 1.059226e+07   1.889313e+04     0.899 (  7488      0)     0.623 (   198      0)
"l:urbsurfalb"                                                -      24576    24576 1.059226e+07   4.060511e+03     0.191 ( 22082      0)     0.132 (   197      0)
"CPL:OCNT_RUN"                                                -      24576    24576 1.059226e+07   3.401796e+03     0.180 (     0      0)     0.104 ( 20566      0)
"o:DOCN_RUN"                                                  -      24576    24576 1.059226e+07   3.123366e+03     0.145 ( 16306      0)     0.094 ( 20566      0)
"o:docn_run1"                                                 -      24576    24576 1.059226e+07   9.933319e+00     0.001 ( 10054      0)     0.000 (  6096      0)
"o:docn"                                                      -      24576    24576 1.059226e+07   3.091075e+03     0.143 ( 16306      0)     0.092 ( 20566      0)
"o:docn_strdata_advance"                                      -      24576    24576 1.059226e+07   1.283021e+03     0.066 ( 24208      0)     0.020 (  2722      0)
"o:docn_strd_adv_total"                                       -      24576    24576 1.059226e+07   1.269425e+03     0.065 ( 24208      0)     0.020 (  2722      0)
"o:docn_strd_adv_readLBUB"                                    -      24576    24576 1.059226e+07   7.005785e+02     0.050 (  5949      0)     0.009 (  2268      0)
"o:docn_readLBUB_setup"                                       -      24576    24576 1.059226e+07   3.449305e+00     0.000 ( 10533      0)     0.000 (  3239      0)
"o:docn_readLBUB_filemgt"                                     -      24576    24576 1.059226e+07   2.410463e+00     0.000 ( 24472      0)     0.000 ( 22223      0)
"o:docn_strd_adv_tint"                                        -      24576    24576 1.059226e+07   9.477050e+01     0.006 ( 12310      0)     0.003 ( 22797      0)
"o:docn_scatter"                                              -      24576    24576 1.059226e+07   1.515592e+03     0.068 ( 10427      0)     0.058 ( 18926      0)
"o:docn_datamode"                                             -      24576    24576 1.059226e+07   5.416491e+01     0.003 (  4523      0)     0.002 (  4797      0)
"o:docn_run2"                                                 -      24576    24576 1.059226e+07   8.176983e-01     0.004 (     0      0)     0.000 (  4797      0)
"CPL:O2CT"                                                    -      24576    24576 1.059226e+07   3.239680e+04     4.096 ( 12600      0)     0.089 (     0      0)
"CPL:o2c_ocno2ocnx"                                           -      24576    24576 1.059226e+07   2.766889e+02     0.015 ( 13272      0)     0.010 ( 21932      0)
"CPL:o2c_infoexch"                                            -      24576    24576 1.059226e+07   3.210289e+04     4.083 ( 12600      0)     0.076 (     0      0)
"CPL:OCNPOSTT"                                                -      24576    24576 1.059226e+07   5.943392e+00     0.000 ( 14691      0)     0.000 (  6155      0)
"i:cice_pice_readLBUB_LB_copy"                                -      24576    24576 2.457600e+04   2.522830e-02     0.000 (  4115      0)     0.000 ( 18176      0)
"o:docn_readLBUB_fbound"                                      -      24576    24576 2.457600e+04   3.760193e-03     0.000 ( 21578      0)     0.000 ( 17527      0)
"o:docn_readLBUB_bcast"                                       -      24576    24576 2.457600e+04   1.562542e+02     0.018 ( 15638      0)     0.000 (   128      0)
"o:docn_readLBUB_LB_copy"                                     -      24576    24576 2.457600e+04   2.428670e-02     0.000 (  4655      0)     0.000 ( 20002      0)
"o:docn_readLBUB_UB_setup"                                    -      24576    24576 2.457600e+04   8.698038e-03     0.000 (     0      0)     0.000 ( 12974      0)
"o:docn_readLBUB_UB_readpio"                                  -      24576    24576 2.457600e+04   5.145107e+02     0.043 (  4260      0)     0.004 ( 15716      0)
"o:PIO:pio_inq_varid_file_vdesc"                              -      24576    24576 4.915200e+04   1.665885e+01     0.009 ( 15855      0)     0.000 ( 20692      0)
"o:PIO:pio_inq_varid_file_vid"                                -      24576    24576 4.915200e+04   1.662850e+01     0.009 ( 15855      0)     0.000 ( 20692      0)
"o:PIO:pio_inq_varndims_file_vdesc"                           -      24576    24576 2.457600e+04   4.707407e+00     0.002 (  5414      0)     0.000 (  3447      0)
"o:PIO:pio_inq_varndims_file_vid"                             -      24576    24576 2.457600e+04   4.686734e+00     0.002 (  5413      0)     0.000 ( 13390      0)
"o:PIO:pio_inq_vardimid_file_vdesc"                           -      24576    24576 2.457600e+04   1.425681e+01     0.001 ( 16254      0)     0.000 (  3174      0)
"o:PIO:pio_inq_vardimid_file_vid"                             -      24576    24576 2.457600e+04   1.423811e+01     0.001 ( 16254      0)     0.000 (  3179      0)
"o:PIO:pio_inq_dimlen_file_dimid"                             -      24576    24576 7.372800e+04   8.775980e+00     0.000 ( 20807      0)     0.000 ( 16518      0)
"o:PIO:pio_inq_dimlen_file_dimid_offlen"                      -      24576    24576 7.372800e+04   8.736849e+00     0.000 ( 20807      0)     0.000 ( 16523      0)
"o:PIO:pio_inq_vartype_file_vdesc"                            -      24576    24576 2.457600e+04   7.085555e+00     0.001 (     6      0)     0.000 ( 16042      0)
"o:PIO:pio_inq_vartype_file_vid"                              -      24576    24576 2.457600e+04   7.067787e+00     0.001 (     8      0)     0.000 ( 16559      0)
"o:PIO:read_darray_1d_real"                                   -      24576    24576 2.457600e+04   4.194113e+02     0.037 (  4260      0)     0.002 ( 15796      0)
"o:PIO:PIOc_read_darray"                                      -      24576    24576 2.457600e+04   4.193243e+02     0.037 (  4260      0)     0.002 ( 15796      0)
"o:PIO:read_darray_nc"                                        -      24576    24576 2.457600e+04   2.718515e+01     0.036 (  4260      0)     0.000 (  5105      0)
"o:PIO:rearrange_io2comp"                                     -      24576    24576 2.457600e+04   3.859221e+02     0.035 (  5979      0)     0.000 ( 21744      0)
"o:PIO:pio_swapm"                                             -      24576    24576 2.457600e+04   3.849546e+02     0.035 (  5979      0)     0.000 ( 21744      0)
"o:docn_strd_adv_fill"                                        -      24576    24576 2.457600e+04   5.964414e+00     0.000 ( 21988      0)     0.000 ( 10086      0)
"o:docn_strd_adv_map"                                         -      24576    24576 2.457600e+04   4.099935e+02     0.033 ( 21504      0)     0.000 (  2619      0)
"CPL:RUN_LOOP_BSTOP"                                          -      24576    24576 2.457600e+04   3.875876e+01     0.002 (  3328      0)     0.000 ( 11480      0)
"CPL:FINAL"                                                   -      24576    24576 2.457600e+04   6.995247e+03     0.286 (     0      0)     0.284 ( 10078      0)
"CPL:cime_final"                                              -      24576    24576 2.457600e+04   6.995217e+03     0.286 (     0      0)     0.284 ( 10077      0)
"o_f:DOCN_FINAL"                                              -      24576    24576 2.457600e+04   6.412767e-03     0.000 ( 14603      0)     0.000 (  5971      0)
"a_f:EAMxx::finalize"                                         y      24576    24576 2.457600e+04   2.834336e+03     0.261 (  8292      0)     0.077 ( 22640      0)
"a_f:PIO:PIOc_sync"                                           -      24576    24576 2.457600e+04   5.517224e-01     0.000 ( 19644      0)     0.000 (  7783      0)
"a_f:PIO:write_total"                                         -      24576    24576 4.915200e+04   9.585650e+00     0.012 (  1848      0)     0.000 ( 22869      0)
"a_f:PIO:flush_output_buffer"                                 -       2048     2048 4.096000e+03   2.738296e-01     0.000 ( 22872      0)     0.000 (  8664      0)
"a_f:PIO:PIOc_closefile"                                      -      24576    24576 4.915200e+04   3.221327e+02     0.176 ( 22632      0)     0.000 (   913      0)
"a_f:PIO:PIOc_closefile_write_mode"                           -      24576    24576 2.457600e+04   9.069826e+00     0.012 (  1848      0)     0.000 ( 16702      0)
"a_f:PIO:PIOc_freedecomp"                                     -      24576    24576 3.194880e+05   3.354292e+00     0.001 (  5052      0)     0.000 (  1975      0)
"PIO:finalize"                                                -      24576    24576 2.457600e+05   3.389378e+03     0.177 ( 12726      0)     0.001 ( 23940      0)
"PIO:PIOc_finalize"                                           -      24576    24576 2.457600e+05   3.386885e+03     0.177 ( 12726      0)     0.000 ( 22476      0)
"CPL:FINAL_sync1_tprf"                                        -      24576    24576 2.457600e+04   2.893648e+01     0.001 ( 10094      0)     0.000 (     0      0)
"CPL:FINAL_t_prf"                                             y          0        0 0.000000e+00   0.000000e+00     0.000 (     0      0)     0.000 (     0      0)

