
***** GLOBAL STATISTICS (    16 MPI TASKS) *****

$Id: gptl.c,v 1.157 2011-03-28 20:55:18 rosinski Exp $
'count' is cumulative. All other stats are max/min
'on' indicates whether the timer was active during output, and so stats are lower or upper bounds.

name                                                         on  processes  threads        count      walltotal   wallmax (proc   thrd  )   wallmin (proc   thrd  )
"CPL:INIT"                                                    -         16       16 1.600000e+01   4.141856e+02    25.986 (     7      0)    25.788 (    12      0)
"CPL:cime_pre_init1"                                          -         16       16 1.600000e+01   2.721622e+01     1.800 (     2      0)     1.602 (    13      0)
"CPL:mpi_init"                                                -         16       16 1.600000e+01   2.589400e+01     1.718 (     2      0)     1.519 (     8      0)
"CPL:ESMF_Initialize"                                         -         16       16 1.600000e+01   1.091000e-06     0.000 (     3      0)     0.000 (     6      0)
"CPL:cime_pre_init2"                                          -         16       16 1.600000e+01   9.191538e-01     0.064 (     9      0)     0.051 (     1      0)
"CPL:seq_infodata_init"                                       -         16       16 1.600000e+01   2.344252e-02     0.003 (    13      0)     0.000 (     3      0)
"CPL:seq_timemgr_clockInit"                                   -         16       16 1.600000e+01   3.674527e-01     0.034 (    13      0)     0.000 (     4      0)
"CPL:cime_init"                                               -         16       16 1.600000e+01   3.860501e+02    24.135 (     7      0)    24.121 (    12      0)
"CPL:init_comps"                                              -         16       16 1.600000e+01   3.858885e+02    24.125 (     1      0)    24.111 (    11      0)
"CPL:comp_init_pre_all"                                       -         16       16 1.600000e+01   5.778180e-04     0.000 (    12      0)     0.000 (     0      0)
"CPL:comp_init_cc_atm"                                        -         16       16 1.600000e+01   2.975005e+02    18.600 (     7      0)    18.587 (    12      0)
"a_i:comp_init"                                               -         16       16 3.200000e+01   2.974920e+02    18.600 (     0      0)    18.587 (    12      0)
"a_i:EAMxx::init"                                             -         16       16 1.120000e+02   2.775081e+02    17.375 (     8      0)    16.919 (     0      0)
"a_i:EAMxx::create_output_managers"                           -         16       16 1.600000e+01   1.370494e-02     0.002 (    15      0)     0.000 (     4      0)
"a_i:EAMxx::create_atm_processes"                             -         16       16 1.600000e+01   6.860955e+00     0.459 (     2      0)     0.002 (     0      0)
"a_i:EAMxx::create_grids"                                     -         16       16 1.600000e+01   2.798258e+01     1.750 (     0      0)     1.749 (    13      0)
"a_i:EAMxx::build_grids"                                      -         16       16 1.600000e+01   7.577167e+00     0.474 (     4      0)     0.473 (    15      0)
"a_i:PartitioningTime"                                        -         16       16 1.600000e+01   5.530999e-06     0.000 (     9      0)     0.000 (     5      0)
"a_i:repro_sum_int"                                           -         16       16 1.600000e+01   2.132540e-02     0.005 (     2      0)     0.000 (    11      0)
"a_i:PIO:spio_get_att_tc"                                     -         16       16 1.568000e+03   2.033361e-02     0.002 (    15      0)     0.001 (     2      0)
"a_i:PIO:spio_get_vars_tc"                                    -         16       16 3.200000e+02   1.349030e+01     0.870 (     8      0)     0.816 (     1      0)
"a_i:PIO:PIOc_closefile"                                      -         16       16 1.920000e+02   7.052143e-02     0.062 (     0      0)     0.000 (     4      0)
"a_i:EAMxx::SurfaceCouplingImporter::set_grids"               -         16       16 1.600000e+01   2.363067e-03     0.000 (    15      0)     0.000 (     1      0)
"a_i:EAMxx::homme::set_grids"                                 -         16       16 1.600000e+01   2.224012e+00     0.140 (     5      0)     0.138 (    14      0)
"a_i:EAMxx::physics::set_grids"                               -         16       16 1.600000e+01   1.814206e+01     1.135 (    14      0)     1.133 (     4      0)
"a_i:EAMxx::mac_aero_mic::set_grids"                          -         16       16 1.600000e+01   5.785118e+00     0.363 (    14      0)     0.360 (     4      0)
"a_i:EAMxx::tms::set_grids"                                   -         16       16 1.600000e+01   2.624678e-02     0.002 (     9      0)     0.002 (     1      0)
"a_i:EAMxx::shoc::set_grids"                                  -         16       16 1.600000e+01   5.566700e-03     0.000 (     9      0)     0.000 (    11      0)
"a_i:EAMxx::cld_fraction::set_grids"                          -         16       16 1.600000e+01   1.951493e-03     0.000 (     2      0)     0.000 (    11      0)
"a_i:EAMxx::spa::set_grids"                                   -         16       16 1.600000e+01   5.742442e+00     0.360 (    14      0)     0.357 (     4      0)
"a_i:EAMxx::p3::set_grids"                                    -         16       16 1.600000e+01   8.062882e-03     0.001 (     9      0)     0.000 (     1      0)
"a_i:EAMxx::rrtmgp::set_grids"                                -         16       16 1.600000e+01   1.235616e+01     0.773 (     1      0)     0.772 (     9      0)
"a_i:EAMxx::SurfaceCouplingExporter::set_grids"               -         16       16 1.600000e+01   2.348266e-02     0.002 (     9      0)     0.001 (     1      0)
"a_i:EAMxx::create_fields"                                    -         16       16 1.600000e+01   1.497083e+00     0.095 (     8      0)     0.092 (    11      0)
"a_i:EAMxx::initialize_fields"                                -         16       16 1.600000e+01   1.677424e+01     1.049 (     8      0)     1.048 (     1      0)
"a_i:PIO:PIOc_initdecomp"                                     -         16       16 1.600000e+02   6.322316e+00     0.396 (    13      0)     0.393 (     8      0)
"a_i:PIO:box_rearrange_create"                                -         16       16 1.600000e+02   6.179337e+00     0.386 (     0      0)     0.386 (    11      0)
"a_i:PIO:pio_swapm"                                           -         16       16 8.480000e+02   1.799825e+01     1.307 (     4      0)     0.316 (     8      0)
"a_i:PIO:PIOc_read_darray"                                    -         16       16 3.680000e+02   1.963676e+01     1.232 (     7      0)     1.222 (     9      0)
"a_i:PIO:read_darray_nc"                                      -         16       16 3.680000e+02   1.910479e+00     0.958 (     0      0)     0.000 (    10      0)
"a_i:PIO:rearrange_io2comp"                                   -         16       16 3.680000e+02   1.666085e+01     1.194 (    15      0)     0.240 (     8      0)
"a_i:EAMxx::initialize_atm_procs"                             -         16       16 1.600000e+01   2.168304e+02    13.553 (    13      0)    13.551 (     4      0)
"a_i:EAMxx::SurfaceCouplingImporter::init"                    -         16       16 1.600000e+01   2.101158e-03     0.000 (     0      0)     0.000 (     3      0)
"a_i:EAMxx::homme::init"                                      -         16       16 1.600000e+01   1.669139e+02    10.433 (     9      0)    10.430 (     6      0)
"a_i:compose_init"                                            -         16       16 1.600000e+01   3.608804e-01     0.024 (    14      0)     0.022 (     4      0)
"a_i:sl_init1"                                                -         16       16 1.600000e+01   2.211770e+00     0.143 (    10      0)     0.131 (     1      0)
"a_i:EAMxx::tms::init"                                        -         16       16 1.600000e+01   8.811700e-05     0.000 (     0      0)     0.000 (     6      0)
"a_i:EAMxx::shoc::init"                                       -         16       16 1.600000e+01   1.276086e-01     0.009 (    12      0)     0.006 (     0      0)
"a_i:EAMxx::cld_fraction::init"                               -         16       16 1.600000e+01   3.807200e-04     0.000 (     0      0)     0.000 (     7      0)
"a_i:EAMxx::spa::init"                                        -         16       16 1.600000e+01   4.635606e+01     2.899 (     7      0)     2.895 (    14      0)
"a_i:EAMxx::p3::init"                                         -         16       16 1.600000e+01   8.198423e-01     0.052 (     8      0)     0.050 (     4      0)
"a_i:EAMxx::rrtmgp::init"                                     -         16       16 1.600000e+01   2.259893e+00     0.142 (    15      0)     0.140 (     1      0)
"a_i:EAMxx::SurfaceCouplingExporter::init"                    -         16       16 1.600000e+01   8.168147e-03     0.001 (     0      0)     0.000 (     1      0)
"a_i:EAMxx::initialize_output_managers"                       -         16       16 1.600000e+01   7.548930e+00     0.472 (     8      0)     0.472 (     2      0)
"a_i:EAMxx::IO::standard"                                     -         16       16 1.600000e+01   7.031936e+00     0.446 (     7      0)     0.436 (    15      0)
"a_i:EAMxx::IO::nooutput.yaml"                                -         16       16 1.600000e+01   7.031921e+00     0.446 (     7      0)     0.436 (    15      0)
"a_i:EAMxx::IO::standard::get_new_file"                       -         16       16 1.600000e+01   7.030526e+00     0.446 (     7      0)     0.436 (    15      0)
"a_i:PIO:PIOc_createfile"                                     -         16       16 1.600000e+01   7.011731e+00     0.444 (     7      0)     0.434 (    15      0)
"a_i:PIO:write_total"                                         -         16       16 5.280000e+02   7.015163e+00     0.445 (     7      0)     0.435 (    15      0)
"a_i:PIO:spio_put_att_tc"                                     -         16       16 4.800000e+02   1.447227e-03     0.000 (     0      0)     0.000 (    10      0)
"a_i:PIO:spio_put_vars_tc"                                    -         16       16 1.600000e+01   1.400678e-03     0.000 (     0      0)     0.000 (     2      0)
"a_i:PIO:flush_output_buffer"                                 -          2        2 4.000000e+00   5.904720e-04     0.000 (     8      0)     0.000 (     0      0)
"a_i:EAMxx::IO::standard::run_output_streams"                 -         16       16 1.600000e+01   3.037000e-06     0.000 (    14      0)     0.000 (     8      0)
"a_i:EAMxx::IO::standard::update_snapshot_tally"              -         16       16 1.600000e+01   1.335001e-03     0.000 (     8      0)     0.000 (     4      0)
"a_i:PIO:PIOc_sync"                                           -         16       16 1.600000e+01   5.829880e-04     0.000 (     8      0)     0.000 (    11      0)
"CPL:comp_init_cc_lnd"                                        -         16       16 1.600000e+01   8.281654e+01     5.176 (     5      0)     5.176 (    15      0)
"l_i:comp_init"                                               -         16       16 1.600000e+01   8.280541e+01     5.176 (     0      0)     5.175 (    15      0)
"l_i:elm_init1"                                               -         16       16 1.600000e+01   2.890356e+01     1.808 (     0      0)     1.806 (    15      0)
"l_i:PIO:openfile"                                            -         16       16 3.520000e+02   5.831008e+01     3.653 (     5      0)     3.635 (    10      0)
"l_i:PIO:pio_inq_dimid_file_dimid"                            -         16       16 8.480000e+02   7.187777e-03     0.001 (    10      0)     0.000 (     0      0)
"l_i:PIO:pio_inq_dimlen_file_dimid"                           -         16       16 2.128000e+03   1.246509e-02     0.001 (    11      0)     0.000 (     7      0)
"l_i:PIO:pio_inq_dimlen_file_dimid_offlen"                    -         16       16 2.128000e+03   1.192275e-02     0.001 (    11      0)     0.000 (     7      0)
"l_i:PIO:pio_inq_varid_file_vdesc"                            -         16       16 4.448000e+03   1.289997e-01     0.018 (     9      0)     0.002 (     0      0)
"l_i:PIO:pio_inq_varid_file_vid"                              -         16       16 4.448000e+03   1.272355e-01     0.018 (     9      0)     0.002 (     0      0)
"l_i:PIO:get_var_1d_int"                                      -         16       16 9.600000e+01   2.503330e+00     0.157 (    11      0)     0.156 (     1      0)
"l_i:PIO:spio_get_vars_tc"                                    -         16       16 2.816000e+03   2.037082e+01     1.274 (    15      0)     1.272 (     1      0)
"l_i:PIO:closefile"                                           -         16       16 3.040000e+02   2.084495e-02     0.010 (     0      0)     0.000 (    13      0)
"l_i:PIO:PIOc_closefile"                                      -         16       16 3.040000e+02   2.060861e-02     0.010 (     0      0)     0.000 (    13      0)
"l_i:PIO:pio_inq_varndims_file_vdesc"                         -         16       16 9.600000e+02   1.315182e-02     0.001 (     8      0)     0.000 (     7      0)
"l_i:PIO:pio_inq_varndims_file_vid"                           -         16       16 9.600000e+02   1.286951e-02     0.001 (     8      0)     0.000 (     7      0)
"l_i:PIO:pio_inq_vardimid_file_vdesc"                         -         16       16 9.600000e+02   2.227791e-02     0.002 (     8      0)     0.001 (     7      0)
"l_i:PIO:pio_inq_vardimid_file_vid"                           -         16       16 9.600000e+02   2.199121e-02     0.002 (     8      0)     0.001 (     7      0)
"l_i:PIO:pio_inq_dimname_file_dimid"                          -         16       16 3.904000e+03   2.958517e-02     0.002 (     8      0)     0.001 (     7      0)
"l_i:PIO:initdecomp"                                          -         16       16 1.600000e+02   9.541098e-02     0.007 (     0      0)     0.005 (    11      0)
"l_i:PIO:PIOc_initdecomp"                                     -         16       16 1.600000e+02   9.426696e-02     0.007 (     0      0)     0.005 (    11      0)
"l_i:PIO:box_rearrange_create"                                -         16       16 1.600000e+02   7.924656e-02     0.005 (     4      0)     0.005 (    11      0)
"l_i:PIO:pio_swapm"                                           -         16       16 1.440000e+03   1.192800e+00     0.093 (     7      0)     0.028 (     0      0)
"l_i:PIO:read_darray_1d_double"                               -         16       16 1.280000e+02   8.320626e-02     0.006 (     0      0)     0.005 (     9      0)
"l_i:PIO:PIOc_read_darray"                                    -         16       16 9.600000e+02   1.333301e+00     0.093 (     7      0)     0.070 (     9      0)
"l_i:PIO:read_darray_nc"                                      -         16       16 9.600000e+02   1.105914e-01     0.061 (     0      0)     0.000 (     5      0)
"l_i:PIO:rearrange_io2comp"                                   -         16       16 9.600000e+02   1.160389e+00     0.091 (     7      0)     0.026 (     0      0)
"l_i:PIO:pio_inquire_file"                                    -         16       16 1.472000e+03   7.883608e-03     0.001 (    15      0)     0.000 (     7      0)
"l_i:PIO:pio_inq_ndims_file"                                  -         16       16 1.472000e+03   7.505416e-03     0.001 (    15      0)     0.000 (     7      0)
"l_i:PIO:read_darray_1d_int"                                  -         16       16 3.200000e+01   2.394677e-02     0.002 (     6      0)     0.001 (     9      0)
"l_i:PIO:read_darray_3d_double"                               -         16       16 2.880000e+02   5.046924e-01     0.035 (     7      0)     0.027 (     9      0)
"l_i:PIO:read_darray_3d_int"                                  -         16       16 1.600000e+01   2.684509e-02     0.002 (     8      0)     0.001 (     9      0)
"l_i:PIO:read_darray_4d_double"                               -         16       16 2.240000e+02   5.521311e-01     0.038 (     7      0)     0.029 (     9      0)
"l_i:PIO:get_var_1d_text"                                     -         16       16 3.200000e+01   5.387522e+00     0.337 (    15      0)     0.336 (     7      0)
"l_i:PIO:get_var_1d_double"                                   -         16       16 2.256000e+03   2.087466e-01     0.016 (     9      0)     0.010 (     2      0)
"l_i:PIO:get_var_0d_double"                                   -         16       16 1.600000e+02   2.482108e+00     0.155 (    10      0)     0.155 (     5      0)
"l_i:PIO:read_darray_2d_double"                               -         16       16 2.080000e+02   1.095317e-01     0.008 (     0      0)     0.006 (     9      0)
"l_i:PIO:read_darray_2d_int"                                  -         16       16 6.400000e+01   3.436079e-02     0.003 (     0      0)     0.001 (     9      0)
"l_i:gather_1darray_int_total"                                -         16       16 8.000000e+01   1.843038e-02     0.002 (     0      0)     0.001 (    14      0)
"l_i:scatter_1darray_int_total"                               -         16       16 8.000000e+01   3.617757e-02     0.003 (    12      0)     0.002 (     0      0)
"l_i:init_filters"                                            -         16       16 1.600000e+01   1.462111e-02     0.002 (     0      0)     0.001 (     7      0)
"l_i:elm_init2"                                               -         16       16 1.600000e+01   5.386206e+01     3.367 (     0      0)     3.366 (     4      0)
"l_i:init_orbd"                                               -         16       16 1.600000e+01   3.301840e-04     0.000 (    15      0)     0.000 (     0      0)
"l_i:PIO:get_var_0d_int"                                      -         16       16 1.600000e+01   2.750546e+00     0.172 (     8      0)     0.172 (     3      0)
"l_i:PIO:get_var_2d_double"                                   -         16       16 1.920000e+02   4.715736e+00     0.295 (     8      0)     0.295 (     1      0)
"l_i:PIO:get_var_3d_double"                                   -         16       16 6.400000e+01   2.495695e+00     0.156 (     7      0)     0.156 (     5      0)
"l_i:init_accflds"                                            -         16       16 1.600000e+01   3.000155e-03     0.000 (     0      0)     0.000 (    15      0)
"l_i:init_dyn_subgrid"                                        -         16       16 1.600000e+01   6.397904e-03     0.000 (     0      0)     0.000 (    10      0)
"l_i:init_map2gc"                                             -         16       16 1.600000e+01   9.995991e-03     0.001 (     9      0)     0.001 (    14      0)
"l_i:init_elm_interface_data & pflotran"                      -         16       16 1.600000e+01   7.719991e-07     0.000 (    11      0)     0.000 (     4      0)
"l_i:init_wlog"                                               -         16       16 1.600000e+01   5.921000e-06     0.000 (     0      0)     0.000 (    15      0)
"l_i:elm_init3"                                               -         16       16 1.600000e+01   5.217800e-05     0.000 (    14      0)     0.000 (     7      0)
"CPL:comp_init_cc_rof"                                        -         16       16 1.600000e+01   2.450655e-03     0.000 (    10      0)     0.000 (     1      0)
"r_i:comp_init"                                               -         16       16 1.600000e+01   5.774180e-04     0.000 (     9      0)     0.000 (     1      0)
"CPL:comp_init_cc_ocn"                                        -         16       16 1.600000e+01   4.429822e+00     0.277 (     0      0)     0.277 (    15      0)
"o_i:comp_init"                                               -         16       16 1.600000e+01   4.426529e+00     0.277 (     0      0)     0.277 (    14      0)
"o_i:docn_readnml"                                            -         16       16 1.600000e+01   1.077598e-01     0.007 (     7      0)     0.006 (     0      0)
"o_i:DOCN_INIT"                                               -         16       16 1.600000e+01   4.317492e+00     0.270 (    11      0)     0.270 (     8      0)
"o_i:docn_strdata_init"                                       -         16       16 1.600000e+01   7.980656e-01     0.050 (    15      0)     0.050 (     2      0)
"o_i:PIO:initdecomp"                                          -         16       16 4.800000e+01   3.159107e-02     0.002 (     8      0)     0.002 (     0      0)
"o_i:PIO:PIOc_initdecomp"                                     -         16       16 4.800000e+01   3.109882e-02     0.002 (     8      0)     0.002 (     1      0)
"o_i:PIO:box_rearrange_create"                                -         16       16 4.800000e+01   2.681680e-02     0.002 (     4      0)     0.002 (     7      0)
"o_i:PIO:pio_swapm"                                           -         16       16 1.760000e+02   2.362182e-02     0.002 (     7      0)     0.001 (     0      0)
"o_i:docn_initgsmaps"                                         -         16       16 1.600000e+01   1.563600e-04     0.000 (     0      0)     0.000 (    13      0)
"o_i:docn_initmctdom"                                         -         16       16 1.600000e+01   5.831980e-04     0.000 (    12      0)     0.000 (     6      0)
"o_i:docn_initmctavs"                                         -         16       16 1.600000e+01   9.250740e-04     0.000 (     2      0)     0.000 (    11      0)
"o_i:DOCN_RUN"                                                -         16       16 1.600000e+01   3.517645e+00     0.220 (     1      0)     0.220 (    14      0)
"o_i:docn_run1"                                               -         16       16 1.600000e+01   1.805300e-05     0.000 (     6      0)     0.000 (     7      0)
"o_i:docn"                                                    -         16       16 1.600000e+01   3.517544e+00     0.220 (     1      0)     0.220 (     0      0)
"o_i:docn_strdata_advance"                                    -         16       16 1.600000e+01   3.516697e+00     0.220 (     1      0)     0.220 (     0      0)
"o_i:docn_strd_adv_total"                                     -         16       16 1.600000e+01   3.516642e+00     0.220 (     1      0)     0.220 (     0      0)
"o_i:docn_strd_adv_readLBUB"                                  -         16       16 1.600000e+01   3.507137e+00     0.219 (     5      0)     0.219 (     0      0)
"o_i:docn_readLBUB_setup"                                     -         16       16 1.600000e+01   3.904000e-06     0.000 (     4      0)     0.000 (     9      0)
"o_i:docn_readLBUB_fbound"                                    -         16       16 1.600000e+01   2.133678e-03     0.002 (     0      0)     0.000 (     6      0)
"o_i:docn_readLBUB_bcast"                                     -         16       16 1.600000e+01   3.276059e-02     0.002 (     5      0)     0.000 (     0      0)
"o_i:docn_readLBUB_LB_setup"                                  -         16       16 1.600000e+01   3.313200e-05     0.000 (     0      0)     0.000 (     1      0)
"o_i:docn_readLBUB_LB_readpio"                                -         16       16 1.600000e+01   3.464698e+00     0.217 (     8      0)     0.217 (     0      0)
"o_i:PIO:openfile"                                            -         16       16 1.600000e+01   3.446901e+00     0.215 (     8      0)     0.215 (     1      0)
"o_i:PIO:pio_inq_varid_file_vdesc"                            -         16       16 6.400000e+01   9.694790e-04     0.000 (     9      0)     0.000 (     2      0)
"o_i:PIO:pio_inq_varid_file_vid"                              -         16       16 6.400000e+01   9.406430e-04     0.000 (     9      0)     0.000 (     0      0)
"o_i:PIO:pio_inq_varndims_file_vdesc"                         -         16       16 3.200000e+01   4.421950e-04     0.000 (     9      0)     0.000 (     5      0)
"o_i:PIO:pio_inq_varndims_file_vid"                           -         16       16 3.200000e+01   4.249710e-04     0.000 (     9      0)     0.000 (     5      0)
"o_i:PIO:pio_inq_vardimid_file_vdesc"                         -         16       16 3.200000e+01   9.238440e-04     0.000 (    12      0)     0.000 (     1      0)
"o_i:PIO:pio_inq_vardimid_file_vid"                           -         16       16 3.200000e+01   9.081070e-04     0.000 (    13      0)     0.000 (     1      0)
"o_i:PIO:pio_inq_dimlen_file_dimid"                           -         16       16 9.600000e+01   5.848130e-04     0.000 (    13      0)     0.000 (     3      0)
"o_i:PIO:pio_inq_dimlen_file_dimid_offlen"                    -         16       16 9.600000e+01   5.561880e-04     0.000 (    13      0)     0.000 (     0      0)
"o_i:PIO:pio_inq_vartype_file_vdesc"                          -         16       16 3.200000e+01   4.270550e-04     0.000 (    10      0)     0.000 (     7      0)
"o_i:PIO:pio_inq_vartype_file_vid"                            -         16       16 3.200000e+01   4.122030e-04     0.000 (    10      0)     0.000 (     3      0)
"o_i:PIO:read_darray_1d_real"                                 -         16       16 3.200000e+01   1.740384e-02     0.001 (     0      0)     0.001 (    11      0)
"o_i:PIO:PIOc_read_darray"                                    -         16       16 3.200000e+01   1.734263e-02     0.001 (     0      0)     0.001 (    11      0)
"o_i:PIO:read_darray_nc"                                      -         16       16 3.200000e+01   1.704066e-03     0.001 (     0      0)     0.000 (    11      0)
"o_i:PIO:rearrange_io2comp"                                   -         16       16 3.200000e+01   1.438153e-02     0.001 (     5      0)     0.000 (     0      0)
"o_i:docn_readLBUB_UB_setup"                                  -         16       16 1.600000e+01   4.092900e-05     0.000 (     0      0)     0.000 (    12      0)
"o_i:docn_readLBUB_UB_readpio"                                -         16       16 1.600000e+01   6.691204e-03     0.000 (     4      0)     0.000 (     0      0)
"o_i:docn_readLBUB_filemgt"                                   -         16       16 1.600000e+01   3.074000e-06     0.000 (     0      0)     0.000 (     8      0)
"o_i:docn_strd_adv_fill"                                      -         16       16 1.600000e+01   2.848902e-03     0.000 (     1      0)     0.000 (     8      0)
"o_i:docn_strd_adv_map"                                       -         16       16 1.600000e+01   6.219079e-03     0.000 (    11      0)     0.000 (    14      0)
"o_i:docn_strd_adv_tint"                                      -         16       16 1.600000e+01   1.960550e-04     0.000 (     1      0)     0.000 (     8      0)
"o_i:docn_scatter"                                            -         16       16 1.600000e+01   6.647040e-04     0.000 (     9      0)     0.000 (     3      0)
"o_i:docn_datamode"                                           -         16       16 1.600000e+01   9.976700e-05     0.000 (     0      0)     0.000 (    12      0)
"o_i:docn_run2"                                               -         16       16 1.600000e+01   1.050100e-05     0.000 (     0      0)     0.000 (     3      0)
"CPL:comp_init_cc_ice"                                        -         16       16 1.600000e+01   8.749098e-01     0.055 (     4      0)     0.055 (    15      0)
"i_i:comp_init"                                               -         16       16 1.600000e+01   8.720343e-01     0.055 (     0      0)     0.054 (     9      0)
"i_i:cice_init"                                               -         16       16 1.600000e+01   3.403347e-01     0.021 (     1      0)     0.021 (     9      0)
"i_i:ice_HaloUpdate2DR8"                                      -         16       16 6.400000e+01   1.794943e-03     0.000 (    15      0)     0.000 (     3      0)
"i_i:ice_HU2DR8_init"                                         -         16       16 6.400000e+01   8.671002e-06     0.000 (    10      0)     0.000 (     4      0)
"i_i:state_bound_h1"                                          -         16       16 1.600000e+01   1.311758e-03     0.000 (     1      0)     0.000 (     4      0)
"i_i:ice_HaloUpdate3DR8"                                      -         16       16 8.000000e+01   2.365592e-03     0.000 (     1      0)     0.000 (     2      0)
"i_i:ice_HU3DR8_init"                                         -         16       16 8.000000e+01   5.486700e-05     0.000 (     9      0)     0.000 (    14      0)
"i_i:ice_HU3DR8_recvall"                                      -         16       16 8.000000e+01   1.093663e-03     0.000 (     1      0)     0.000 (     2      0)
"i_i:state_bound_hm"                                          -         16       16 1.600000e+01   8.525300e-05     0.000 (     7      0)     0.000 (    14      0)
"i_i:state_bound_hc"                                          -         16       16 1.600000e+01   1.544700e-05     0.000 (     8      0)     0.000 (     1      0)
"i_i:state_bound_h2"                                          -         16       16 1.600000e+01   1.757417e-03     0.000 (    14      0)     0.000 (     2      0)
"i_i:ice_HaloUpdate4DR8"                                      -         16       16 1.600000e+01   5.650940e-04     0.000 (    14      0)     0.000 (     2      0)
"i_i:ice_HU4DR8_init"                                         -         16       16 1.600000e+01   2.542900e-05     0.000 (     1      0)     0.000 (    15      0)
"i_i:ice_HU4DR8_recvall"                                      -         16       16 1.600000e+01   1.386050e-04     0.000 (    14      0)     0.000 (     3      0)
"i_i:state_bound_hd"                                          -         16       16 1.600000e+01   5.741000e-06     0.000 (     7      0)     0.000 (     4      0)
"i_i:cice_mct_init"                                           -         16       16 1.600000e+01   5.302032e-01     0.033 (    15      0)     0.033 (     8      0)
"i_i:PIO:initdecomp"                                          -         16       16 4.800000e+01   3.865721e-02     0.003 (     8      0)     0.002 (     0      0)
"i_i:PIO:PIOc_initdecomp"                                     -         16       16 4.800000e+01   3.793507e-02     0.003 (     8      0)     0.002 (     4      0)
"i_i:PIO:box_rearrange_create"                                -         16       16 4.800000e+01   3.351118e-02     0.002 (     0      0)     0.002 (    15      0)
"i_i:PIO:pio_swapm"                                           -         16       16 1.440000e+02   1.266922e-02     0.001 (    13      0)     0.000 (     1      0)
"CPL:comp_init_cc_glc"                                        -         16       16 1.600000e+01   1.808336e-03     0.000 (    15      0)     0.000 (     0      0)
"g_i:comp_init"                                               -         16       16 1.600000e+01   9.648000e-06     0.000 (    10      0)     0.000 (     1      0)
"CPL:comp_init_cc_wav"                                        -         16       16 1.600000e+01   1.641121e-03     0.000 (    10      0)     0.000 (     2      0)
"w_i:comp_init"                                               -         16       16 1.600000e+01   6.480000e-06     0.000 (     0      0)     0.000 (     5      0)
"CPL:comp_init_cc_esp"                                        -         16       16 1.600000e+01   1.404695e-03     0.000 (    15      0)     0.000 (     0      0)
"e_i:comp_init"                                               -         16       16 1.600000e+01   6.430000e-06     0.000 (     8      0)     0.000 (     3      0)
"CPL:comp_init_cc_iac"                                        -         16       16 1.600000e+01   1.454920e-03     0.000 (    13      0)     0.000 (     6      0)
"z_i:comp_init"                                               -         16       16 1.600000e+01   6.291001e-06     0.000 (     1      0)     0.000 (     3      0)
"CPL:comp_init_cx_all"                                        -         16       16 1.600000e+01   2.570202e-01     0.016 (     6      0)     0.016 (    11      0)
"CPL:comp_list_all"                                           -         16       16 1.600000e+01   2.873500e-04     0.000 (    12      0)     0.000 (    15      0)
"CPL:init_maps"                                               -         16       16 1.600000e+01   1.909457e-02     0.001 (     9      0)     0.001 (     0      0)
"CPL:init_aream"                                              -         16       16 1.600000e+01   5.016258e-03     0.001 (     7      0)     0.000 (     2      0)
"CPL:init_domain_check"                                       -         16       16 1.600000e+01   2.292933e-02     0.002 (     6      0)     0.001 (    10      0)
"CPL:init_areacor"                                            -         16       16 1.600000e+01   3.777223e-02     0.002 (     6      0)     0.002 (    13      0)
"CPL:init_fracs"                                              -         16       16 1.600000e+01   9.610215e-03     0.001 (     0      0)     0.000 (    15      0)
"CPL:init_aoflux"                                             -         16       16 1.600000e+01   3.344746e-03     0.000 (     8      0)     0.000 (     2      0)
"CPL:init_atminit"                                            -         16       16 9.600000e+01   3.045392e-02     0.002 (     0      0)     0.002 (    10      0)
"CPL:comp_init_cc_atm2"                                       -         16       16 1.600000e+01   1.957626e-02     0.002 (    15      0)     0.001 (     0      0)
"CPL:init_readrestart"                                        -         16       16 1.600000e+01   6.624680e-04     0.000 (     8      0)     0.000 (     1      0)
"CPL:cime_run_init"                                           -         16       16 1.600000e+01   2.249017e-03     0.001 (     0      0)     0.000 (     7      0)
"CPL:INIT_sync1_tprf"                                         -         16       16 1.600000e+01   1.105564e-02     0.001 (     1      0)     0.000 (     0      0)
"CPL:INIT_t_prf"                                              -         16       16 1.600000e+01   2.151456e+00     2.141 (     0      0)     0.000 (    11      0)
"CPL:INIT_sync2_tprf"                                         -         16       16 1.600000e+01   3.210987e+01     2.141 (    11      0)     0.000 (     0      0)
"CPL:RUN_LOOP_BSTART"                                         -         16       16 1.600000e+01   2.027321e-03     0.000 (     0      0)     0.000 (    13      0)
"CPL:RUN_LOOP"                                                -         16       16 2.304000e+03   1.050588e+03    65.666 (     0      0)    65.635 (     1      0)
"CPL:CLOCK_ADVANCE"                                           -         16       16 2.304000e+03   1.450825e-01     0.010 (     0      0)     0.009 (     3      0)
"CPL:RUN"                                                     -         16       16 2.763200e+04   1.419606e+01     1.959 (     0      0)     0.453 (    15      0)
"CPL:OCNPRE1"                                                 -         16       16 2.304000e+03   7.050698e+00     1.491 (     1      0)     0.053 (    15      0)
"CPL:ocnpre1_atm2ocn"                                         -         16       16 2.304000e+03   7.048227e+00     1.490 (     1      0)     0.053 (    15      0)
"CPL:LNDPREP"                                                 -         16       16 2.304000e+03   3.845592e-01     0.032 (    13      0)     0.017 (     0      0)
"CPL:lndprep_atm2lnd"                                         -         16       16 2.304000e+03   2.110045e-01     0.021 (    11      0)     0.006 (     0      0)
"CPL:lndprep_mrgx2l"                                          -         16       16 2.304000e+03   1.692170e-01     0.012 (     1      0)     0.009 (     4      0)
"CPL:COMM"                                                    -         16       16 1.611200e+04   3.956662e+01     3.766 (     7      0)     0.900 (     1      0)
"CPL:C2L"                                                     -         16       16 2.304000e+03   9.902178e-01     0.068 (    15      0)     0.056 (    13      0)
"CPL:c2l_lndx2lndl"                                           -         16       16 2.304000e+03   8.968998e-01     0.064 (     0      0)     0.052 (    13      0)
"CPL:c2l_infoexch"                                            -         16       16 2.304000e+03   8.937053e-02     0.012 (     8      0)     0.002 (     0      0)
"CPL:ICEPREP"                                                 -         16       16 2.304000e+03   6.687444e-01     0.045 (    10      0)     0.039 (    13      0)
"CPL:iceprep_ocn2ice"                                         -         16       16 2.304000e+03   5.670513e-02     0.004 (     0      0)     0.003 (     9      0)
"CPL:iceprep_atm2ice"                                         -         16       16 2.304000e+03   8.409428e-02     0.005 (    10      0)     0.005 (     9      0)
"CPL:iceprep_mrgx2i"                                          -         16       16 2.304000e+03   5.183020e-01     0.036 (     8      0)     0.030 (     5      0)
"CPL:C2I"                                                     -         16       16 2.304000e+03   3.267870e-01     0.024 (     7      0)     0.016 (     0      0)
"CPL:c2i_icex2icei"                                           -         16       16 2.304000e+03   2.408551e-01     0.018 (    11      0)     0.012 (     8      0)
"CPL:ice_infoexch"                                            -         16       16 2.304000e+03   8.251502e-02     0.009 (     7      0)     0.002 (     0      0)
"CPL:ICE_RUN"                                                 -         16       16 2.304000e+03   6.962358e+00     0.455 (     0      0)     0.412 (     9      0)
"i:cice_run_total"                                            -         16       16 2.304000e+03   6.613846e+00     0.432 (     0      0)     0.392 (     9      0)
"i:cice_run_import"                                           -         16       16 2.304000e+03   3.739980e-01     0.026 (     2      0)     0.020 (    15      0)
"i:cice_imp_ocn"                                              -         16       16 2.304000e+03   2.640268e-02     0.002 (     5      0)     0.001 (    13      0)
"i:cice_imp_atm"                                              -         16       16 2.304000e+03   2.730123e-02     0.002 (     1      0)     0.001 (    11      0)
"i:cice_run_initmd"                                           -         16       16 2.304000e+03   3.664260e-01     0.026 (     8      0)     0.020 (     6      0)
"i:cice_run_presc"                                            -         16       16 2.304000e+03   3.780173e+00     0.238 (     5      0)     0.234 (    13      0)
"i:cice_pice_strd_adv_total"                                  -         16       16 2.304000e+03   3.288601e+00     0.206 (     5      0)     0.205 (     8      0)
"i:cice_pice_strd_adv_readLBUB"                               -         16       16 2.304000e+03   3.246838e+00     0.203 (     5      0)     0.203 (    12      0)
"i:cice_pice_readLBUB_setup"                                  -         16       16 2.304000e+03   6.935410e-04     0.000 (    13      0)     0.000 (    15      0)
"i:cice_pice_readLBUB_fbound"                                 -         16       16 1.600000e+01   1.668368e-03     0.002 (     0      0)     0.000 (     4      0)
"i:cice_pice_readLBUB_bcast"                                  -         16       16 1.600000e+01   2.537784e-02     0.002 (     9      0)     0.000 (     0      0)
"i:cice_pice_readLBUB_LB_setup"                               -         16       16 1.600000e+01   3.368300e-05     0.000 (     0      0)     0.000 (    12      0)
"i:cice_pice_readLBUB_LB_readpio"                             -         16       16 1.600000e+01   3.207414e+00     0.200 (     8      0)     0.200 (     0      0)
"i:PIO:openfile"                                              -         16       16 1.600000e+01   3.196882e+00     0.200 (     8      0)     0.200 (     0      0)
"i:PIO:pio_inq_varid_file_vdesc"                              -         16       16 6.400000e+01   7.793070e-04     0.000 (     8      0)     0.000 (     0      0)
"i:PIO:pio_inq_varid_file_vid"                                -         16       16 6.400000e+01   7.530850e-04     0.000 (    12      0)     0.000 (     0      0)
"i:PIO:pio_inq_varndims_file_vdesc"                           -         16       16 3.200000e+01   5.269050e-04     0.000 (    15      0)     0.000 (     0      0)
"i:PIO:pio_inq_varndims_file_vid"                             -         16       16 3.200000e+01   5.122350e-04     0.000 (    15      0)     0.000 (     0      0)
"i:PIO:pio_inq_vardimid_file_vdesc"                           -         16       16 3.200000e+01   9.005000e-04     0.000 (    10      0)     0.000 (     1      0)
"i:PIO:pio_inq_vardimid_file_vid"                             -         16       16 3.200000e+01   8.867140e-04     0.000 (    10      0)     0.000 (     0      0)
"i:PIO:pio_inq_dimlen_file_dimid"                             -         16       16 9.600000e+01   5.972320e-04     0.000 (    13      0)     0.000 (     6      0)
"i:PIO:pio_inq_dimlen_file_dimid_offlen"                      -         16       16 9.600000e+01   5.684800e-04     0.000 (    12      0)     0.000 (     6      0)
"i:PIO:pio_inq_vartype_file_vdesc"                            -         16       16 3.200000e+01   4.047110e-04     0.000 (    15      0)     0.000 (     7      0)
"i:PIO:pio_inq_vartype_file_vid"                              -         16       16 3.200000e+01   3.920510e-04     0.000 (    15      0)     0.000 (     7      0)
"i:PIO:read_darray_1d_real"                                   -         16       16 3.200000e+01   1.093275e-02     0.001 (     0      0)     0.001 (    14      0)
"i:PIO:PIOc_read_darray"                                      -         16       16 3.200000e+01   1.086846e-02     0.001 (     0      0)     0.001 (    14      0)
"i:PIO:read_darray_nc"                                        -         16       16 3.200000e+01   8.601340e-04     0.000 (     0      0)     0.000 (    11      0)
"i:PIO:rearrange_io2comp"                                     -         16       16 3.200000e+01   8.614081e-03     0.001 (     6      0)     0.000 (     8      0)
"i:PIO:pio_swapm"                                             -         16       16 3.200000e+01   8.308510e-03     0.001 (     6      0)     0.000 (     8      0)
"i:cice_pice_readLBUB_UB_setup"                               -         16       16 1.600000e+01   4.154900e-05     0.000 (     0      0)     0.000 (     6      0)
"i:cice_pice_readLBUB_UB_readpio"                             -         16       16 1.600000e+01   5.934410e-03     0.000 (     7      0)     0.000 (    11      0)
"i:cice_pice_readLBUB_filemgt"                                -         16       16 2.304000e+03   3.066000e-04     0.000 (    14      0)     0.000 (     0      0)
"i:cice_pice_strd_adv_map"                                    -         16       16 1.600000e+01   1.080985e-02     0.001 (    10      0)     0.001 (     0      0)
"i:cice_pice_strd_adv_tint"                                   -         16       16 2.304000e+03   2.442944e-02     0.002 (     0      0)     0.001 (     8      0)
"i:cice_run_initflux"                                         -         16       16 2.304000e+03   8.361618e-02     0.007 (     4      0)     0.004 (    12      0)
"i:cice_run_prepradiation"                                    -         16       16 2.304000e+03   1.818452e-02     0.001 (    11      0)     0.001 (     3      0)
"i:cice_run_therm1"                                           -         16       16 2.304000e+03   6.553567e-01     0.049 (    14      0)     0.033 (     2      0)
"i:cice_run_dyn"                                              -         16       16 2.304000e+03   1.265220e-04     0.000 (    12      0)     0.000 (     0      0)
"i:cice_run_radiation"                                        -         16       16 2.304000e+03   4.545730e-01     0.043 (     0      0)     0.021 (     2      0)
"i:cice_step_radiationib"                                     -         16      112 1.728000e+04   1.226034e+00     0.033 (     0      5)     0.006 (     7      1)
"i:cice_step_rib_swdedd1"                                     -         16      112 1.728000e+04   1.419546e-01     0.002 (     5      0)     0.001 (    15      0)
"i:cice_step_rib_swdedd2"                                     -         16      112 1.728000e+04   1.222225e-02     0.000 (    15      5)     0.000 (    11      2)
"i:cice_step_rib_swdedd7"                                     -         16      112 1.728000e+04   1.000078e+00     0.030 (     0      5)     0.005 (     7      1)
"i:cice_run_couplingprep"                                     -         16       16 2.304000e+03   3.950379e-01     0.045 (     7      0)     0.015 (    14      0)
"i:ice_HaloUpdate2DR8"                                        -         16       16 2.304000e+03   1.926038e-01     0.033 (     7      0)     0.002 (    11      0)
"i:ice_HU2DR8_init"                                           -         16       16 2.304000e+03   5.718370e-04     0.000 (     5      0)     0.000 (     7      0)
"i:cice_run_diag"                                             -         16       16 2.304000e+03   7.752155e-02     0.006 (     8      0)     0.004 (     7      0)
"i:cice_run_hist"                                             -         16       16 2.304000e+03   1.692020e-01     0.014 (     4      0)     0.008 (    12      0)
"i:cice_run_accum"                                            -         16       16 2.304000e+03   1.095171e-02     0.001 (    10      0)     0.001 (    15      0)
"i:cice_run_export"                                           -         16       16 2.304000e+03   1.919565e-01     0.015 (     5      0)     0.009 (     9      0)
"CPL:LND_RUN"                                                 -         16       16 2.304000e+03   4.574262e+01     2.910 (     4      0)     2.749 (    15      0)
"l:lc_lnd_import"                                             -         16       16 2.304000e+03   1.946074e-01     0.013 (     4      0)     0.010 (    12      0)
"l:elm_run"                                                   -         16       16 2.320000e+03   4.522409e+01     2.878 (     9      0)     2.717 (    15      0)
"l:shr_orb_decl"                                              -         16       16 2.320000e+03   1.981818e-03     0.000 (     8      0)     0.000 (     5      0)
"l:decomp_vert"                                               -         16      112 1.624000e+04   8.226185e-02     0.001 (    11      6)     0.000 (     2      0)
"l:beggridwbal"                                               -         16      112 1.624000e+04   1.827524e+00     0.019 (    10      1)     0.014 (    15      2)
"l:cnpinit"                                                   -         16      112 1.624000e+04   8.914648e-03     0.000 (    13      3)     0.000 (     2      0)
"l:cnpvegsumm"                                                -         16      112 1.624000e+04   9.617870e-04     0.000 (    13      4)     0.000 (     3      0)
"l:dyn_subgrid"                                               -         16       16 2.320000e+03   1.636114e+00     0.107 (     1      0)     0.097 (    13      0)
"l:begwbal"                                                   -         16      112 1.624000e+04   5.117748e-01     0.006 (     9      1)     0.003 (    15      2)
"l:begcnpbal"                                                 -         16      112 1.624000e+04   1.492508e-03     0.000 (     2      4)     0.000 (     5      3)
"l:drvinit"                                                   -         16      112 1.624000e+04   9.501073e-01     0.010 (     3      1)     0.007 (    12      0)
"l:canhydro"                                                  -         16      112 1.624000e+04   2.855877e+00     0.030 (    15      6)     0.021 (     7      4)
"l:surfrad"                                                   -         16      112 1.624000e+04   6.990245e+00     0.071 (     0      0)     0.056 (    15      3)
"l:bgp1"                                                      -         16      112 1.624000e+04   5.587092e+00     0.062 (     4      0)     0.036 (    15      2)
"l:bgflux"                                                    -         16      112 1.624000e+04   2.100335e+00     0.023 (    15      2)     0.014 (     5      6)
"l:canflux"                                                   -         16      112 1.624000e+04   5.743875e+01     0.618 (     5      4)     0.393 (    15      4)
"l:can_iter"                                                  -         16      112 1.624000e+04   4.580304e+01     0.500 (     5      4)     0.301 (    15      4)
"l:uflux"                                                     -         16      112 1.624000e+04   2.974697e+00     0.041 (     7      0)     0.013 (    15      2)
"l:bgplake"                                                   -         16      112 1.624000e+04   7.531605e+00     0.096 (     0      0)     0.044 (    14      4)
"l:bgc"                                                       -         16      112 1.624000e+04   4.134398e+00     0.049 (     0      0)     0.026 (    15      4)
"l:soiltemperature"                                           -         16      112 1.624000e+04   3.579113e+01     0.476 (     4      0)     0.195 (    15      2)
"l:SoilThermProp"                                             -         16      112 1.624000e+04   5.624558e+00     0.081 (     4      0)     0.024 (    15      4)
"l:SoilTempBandDiag"                                          -         16      112 3.248000e+04   8.150666e+00     0.117 (     6      0)     0.044 (    15      2)
"l:PhaseChangeH2osfc"                                         -         16      112 1.624000e+04   8.243133e-02     0.001 (     3      4)     0.000 (    15      2)
"l:PhaseChangebeta"                                           -         16      112 1.624000e+04   2.885115e+00     0.037 (     3      4)     0.015 (    15      2)
"l:bgp2"                                                      -         16      112 1.624000e+04   4.699362e+00     0.060 (     3      4)     0.025 (    15      4)
"l:bgp2_loop_1"                                               -         16      112 1.624000e+04   1.057890e+00     0.016 (     3      4)     0.004 (    15      4)
"l:bgp2_loop_2"                                               -         16      112 1.624000e+04   1.234429e+00     0.016 (     3      4)     0.007 (    15      4)
"l:bgp2_loop_3"                                               -         16      112 1.624000e+04   1.843703e+00     0.022 (     3      4)     0.010 (    15      4)
"l:bgp2_loop_4"                                               -         16      112 1.624000e+04   4.665341e-01     0.005 (     3      4)     0.003 (    15      4)
"l:patch2col"                                                 -         16      112 1.624000e+04   2.802605e+00     0.032 (     3      1)     0.019 (    15      4)
"l:hydro without drainage"                                    -         16      112 1.624000e+04   1.851949e+01     0.234 (     8      1)     0.120 (    15      3)
"l:hylake"                                                    -         16      112 1.624000e+04   1.329456e+00     0.015 (     8      6)     0.008 (    15      5)
"l:snow_init"                                                 -         16      112 1.624000e+04   1.553519e-01     0.002 (    15      4)     0.001 (     7      0)
"l:ecosysdyn"                                                 -         16      112 1.624000e+04   7.749190e-01     0.009 (     6      4)     0.003 (    14      0)
"l:depvel"                                                    -         16      112 3.248000e+04   2.083130e-02     0.000 (     0      0)     0.000 (    14      1)
"l:hydro2 drainage"                                           -         16      112 1.624000e+04   1.988504e+00     0.023 (     9      3)     0.012 (    15      3)
"l:balchk"                                                    -         16      112 1.624000e+04   1.922846e+00     0.025 (     9      4)     0.009 (    14      0)
"l:gridbalchk"                                                -         16      112 1.624000e+04   1.045668e+00     0.011 (     2      5)     0.008 (    14      5)
"l:lnd2atm"                                                   -         16       16 2.320000e+03   5.700178e+00     0.370 (     9      0)     0.343 (    14      0)
"l:wrtdiag"                                                   -         16       16 2.320000e+03   4.380581e-02     0.006 (     0      0)     0.002 (    15      0)
"l:hbuf"                                                      -         16       16 2.320000e+03   4.861075e+00     0.315 (     9      0)     0.287 (    15      0)
"l:elm_drv_io"                                                -         16       16 2.320000e+03   7.544900e-03     0.000 (    15      0)     0.000 (     6      0)
"l:elm_drv_io_htapes"                                         -         16       16 2.320000e+03   6.020529e-03     0.000 (    12      0)     0.000 (     9      0)
"l:lc_lnd_export"                                             -         16       16 2.320000e+03   7.660679e-02     0.005 (    13      0)     0.005 (     0      0)
"l:lc_elm2_adv_timestep"                                      -         16       16 2.320000e+03   1.395571e-03     0.000 (     3      0)     0.000 (    10      0)
"l:accum"                                                     -         16       16 2.304000e+03   1.686175e+00     0.110 (    13      0)     0.100 (     5      0)
"CPL:ATMOCNP"                                                 -         16       16 2.304000e+03   1.680753e+00     0.130 (     7      0)     0.074 (    14      0)
"CPL:atmocnp_fluxo"                                           -         16       16 2.304000e+03   1.442653e+00     0.115 (     7      0)     0.059 (    14      0)
"CPL:atmocnp_ocnalb"                                          -         16       16 2.304000e+03   2.332937e-01     0.015 (    12      0)     0.014 (     7      0)
"CPL:L2C"                                                     -         16       16 2.304000e+03   1.539137e+00     0.136 (    14      0)     0.049 (     7      0)
"CPL:l2c_lndl2lndx"                                           -         16       16 2.304000e+03   1.533142e+00     0.135 (    14      0)     0.048 (     7      0)
"lnd2cpl_run"                                                 -         16       16 2.304000e+03   1.837860e-03     0.000 (    14      0)     0.000 (     0      0)
"CPL:LNDPOST"                                                 -         16       16 2.304000e+03   5.085650e-04     0.000 (    13      0)     0.000 (     6      0)
"CPL:I2C"                                                     -         16       16 2.304000e+03   2.146304e-01     0.015 (     6      0)     0.011 (    10      0)
"CPL:i2c_icei2icex"                                           -         16       16 2.304000e+03   2.093585e-01     0.015 (     6      0)     0.011 (    10      0)
"CPL:i2c_infoexch"                                            -         16       16 2.304000e+03   1.380600e-03     0.000 (     4      0)     0.000 (     1      0)
"CPL:ICEPOST"                                                 -         16       16 2.304000e+03   3.623390e-04     0.000 (    14      0)     0.000 (    15      0)
"CPL:FRACSET"                                                 -         16       16 2.304000e+03   3.740879e-01     0.026 (     0      0)     0.021 (    11      0)
"CPL:fracset_fracset"                                         -         16       16 2.304000e+03   3.727719e-01     0.026 (     0      0)     0.021 (    11      0)
"CPL:ATMPREP"                                                 -         16       16 2.304000e+03   3.961897e+00     0.286 (     0      0)     0.230 (    15      0)
"CPL:atmprep_xao2atm"                                         -         16       16 2.304000e+03   8.154532e-01     0.067 (     0      0)     0.045 (    15      0)
"CPL:atmprep_ocn2atm"                                         -         16       16 2.304000e+03   6.058540e-01     0.051 (     2      0)     0.031 (    13      0)
"CPL:atmprep_alb2atm"                                         -         16       16 2.304000e+03   1.850493e-01     0.020 (     4      0)     0.009 (     8      0)
"CPL:atmprep_ice2atm"                                         -         16       16 2.304000e+03   8.339219e-01     0.060 (     5      0)     0.046 (    14      0)
"CPL:atmprep_lnd2atm"                                         -         16       16 2.304000e+03   7.759009e-01     0.057 (     7      0)     0.045 (    15      0)
"CPL:atmprep_mrgx2a"                                          -         16       16 2.304000e+03   7.334237e-01     0.068 (     0      0)     0.035 (     6      0)
"CPL:C2A"                                                     -         16       16 2.304000e+03   1.067900e+00     0.088 (    15      0)     0.026 (     0      0)
"CPL:c2a_atmx2atmg"                                           -         16       16 2.304000e+03   4.731635e-01     0.042 (     1      0)     0.015 (    12      0)
"CPL:c2a_infoexch"                                            -         16       16 2.304000e+03   5.911594e-01     0.052 (    12      0)     0.002 (     0      0)
"CPL:ATM_RUN"                                                 -         16       16 2.304000e+03   9.395358e+02    60.047 (    10      0)    57.674 (     0      0)
"a:EAMxx::run"                                                -         16       16 2.304000e+03   9.391989e+02    60.026 (    10      0)    57.653 (     0      0)
"a:EAMxx::EAMxx::run"                                         -         16       16 2.304000e+03   9.389952e+02    60.014 (    10      0)    57.627 (     0      0)
"a:EAMxx::EAMxx::run-precondition-checks"                     -         16       16 2.304000e+03   9.248240e-04     0.000 (    10      0)     0.000 (     6      0)
"a:EAMxx::SurfaceCouplingImporter::run"                       -         16       16 2.304000e+03   2.468960e+00     0.160 (     6      0)     0.149 (    11      0)
"a:EAMxx::SurfaceCouplingImporter::run-precondition-checks"   -         16       16 2.304000e+03   4.641740e-04     0.000 (    15      0)     0.000 (    13      0)
"a:EAMxx::SurfaceCouplingImporter::run-postcondition-checks"  -         16       16 2.304000e+03   2.174012e+00     0.141 (     6      0)     0.131 (    15      0)
"a:EAMxx::homme::run"                                         -         16       16 2.304000e+03   4.573318e+02    28.592 (    10      0)    28.573 (    12      0)
"a:EAMxx::homme::run-precondition-checks"                     -         16       16 2.304000e+03   3.891600e-04     0.000 (    10      0)     0.000 (     9      0)
"a:tl-sc prim_run_subcycle_c"                                 -         16       16 2.304000e+03   4.397380e+02    27.502 (     4      0)    27.465 (     6      0)
"a:tl-s prim_step_flexible"                                   -         16       16 2.304000e+03   4.397301e+02    27.501 (     4      0)    27.465 (     6      0)
"a:ApplyCAMForcing_tracers"                                   -         16       16 2.304000e+03   1.231446e+00     0.079 (     8      0)     0.075 (     1      0)
"a:tl-s deep_copy+derived_dp"                                 -         16       16 2.304000e+03   2.240582e-01     0.015 (    11      0)     0.014 (     7      0)
"a:ApplyCAMForcing_dynamics"                                  -         16       16 6.912000e+03   9.481961e-01     0.060 (     9      0)     0.056 (     5      0)
"a:tl-ae prim_advance_exp"                                    -         16       16 1.382400e+04   3.705261e+02    23.215 (     3      0)    23.115 (    10      0)
"a:ttype9_imex_timestep"                                      -         16       16 1.382400e+04   3.203593e+02    20.090 (    11      0)    19.952 (     2      0)
"a:caar compute"                                              -         16       16 1.382400e+05   1.211273e+02     7.652 (     8      0)     7.506 (     1      0)
"a:caar_bexchV"                                               -         16       16 6.912000e+04   4.647137e+01     3.046 (     1      0)     2.674 (     8      0)
"a:caar limiter"                                              -         16       16 8.294400e+04   4.328111e+00     0.280 (     9      0)     0.266 (    11      0)
"a:compute_stage_value_dirk"                                  -         16       16 6.912000e+04   1.459422e+02     9.284 (    11      0)     9.013 (     0      0)
"a:tl-ae advance_hypervis_dp"                                 -         16       16 1.382400e+04   4.959896e+01     3.148 (     3      0)     3.018 (    10      0)
"a:hvf-bhwk"                                                  -         16       16 1.382400e+04   2.788104e+01     1.779 (     3      0)     1.700 (    10      0)
"a:hvf-bexch"                                                 -         16       16 4.147200e+04   1.767464e+01     1.165 (     0      0)     1.008 (    10      0)
"a:tl-sc vertical_remap"                                      -         16       16 6.912000e+03   2.684345e+01     1.721 (     8      0)     1.610 (     3      0)
"a:Remap Thickness Functor"                                   -         16       16 6.912000e+03   1.246007e+00     0.081 (     9      0)     0.075 (     3      0)
"a:Remap Scale States Functor"                                -         16       16 6.912000e+03   3.317382e-01     0.022 (     9      0)     0.020 (    13      0)
"a:Remap Compute Grids Functor"                               -         16       16 6.912000e+03   2.277762e+00     0.145 (    13      0)     0.134 (     6      0)
"a:Remap Compute Remap Functor"                               -         16       16 6.912000e+03   1.950734e+01     1.261 (     2      0)     1.148 (    14      0)
"a:Remap Rescale States Functor"                              -         16       16 6.912000e+03   3.530403e-01     0.023 (    14      0)     0.021 (     1      0)
"a:tl-at prim_advec_tracers_compose"                          -         16       16 2.304000e+03   3.587657e+01     2.268 (     3      0)     2.220 (     8      0)
"a:compose_transport"                                         -         16       16 2.304000e+03   3.585745e+01     2.266 (     3      0)     2.219 (     8      0)
"a:compose_calc_trajectory"                                   -         16       16 2.304000e+03   6.053436e+00     0.397 (     3      0)     0.350 (     4      0)
"a:compose_3d_levels"                                         -         16       16 2.304000e+03   3.490067e+00     0.221 (    15      0)     0.214 (     0      0)
"a:compose_v_bexchv"                                          -         16       16 2.304000e+03   2.325724e+00     0.165 (     3      0)     0.118 (     4      0)
"a:compose_v2x"                                               -         16       16 2.304000e+03   2.306821e-01     0.015 (    13      0)     0.014 (     3      0)
"a:compose_isl"                                               -         16       16 2.304000e+03   7.655546e+00     0.504 (    13      0)     0.442 (     6      0)
"a:compose_hypervis_scalar"                                   -         16       16 2.304000e+03   9.958057e+00     0.659 (     6      0)     0.595 (    10      0)
"a:compose_cedr_global"                                       -         16       16 2.304000e+03   6.907757e+00     0.434 (     3      0)     0.429 (    13      0)
"a:repro_sum_int"                                             -         16       16 2.304000e+03   1.515656e+00     0.100 (    12      0)     0.090 (     2      0)
"a:compose_cedr_local"                                        -         16       16 2.304000e+03   3.002511e+00     0.192 (    12      0)     0.181 (     4      0)
"a:compose_dss_q"                                             -         16       16 2.304000e+03   2.267090e+00     0.149 (     5      0)     0.133 (     8      0)
"a:compose_vertical_remap"                                    -         16       16 2.304000e+03   4.012920e+00     0.256 (     4      0)     0.240 (    14      0)
"a:EAMxx::homme::run-postcondition-checks"                    -         16       16 2.304000e+03   2.946356e+00     0.187 (    14      0)     0.180 (     1      0)
"a:EAMxx::physics::run"                                       -         16       16 2.304000e+03   4.784317e+02    31.220 (    10      0)    28.847 (     0      0)
"a:EAMxx::physics::run-precondition-checks"                   -         16       16 2.304000e+03   5.279570e-04     0.000 (     3      0)     0.000 (    13      0)
"a:EAMxx::mac_aero_mic::run"                                  -         16       16 2.304000e+03   3.583502e+02    23.624 (    10      0)    21.386 (     0      0)
"a:EAMxx::mac_aero_mic::run-precondition-checks"              -         16       16 2.304000e+03   4.363790e-04     0.000 (    13      0)     0.000 (    15      0)
"a:EAMxx::tms::run"                                           -         16       16 2.764800e+04   3.682177e+00     0.265 (     2      0)     0.205 (    15      0)
"a:EAMxx::tms::run-precondition-checks"                       -         16       16 2.764800e+04   4.244883e-03     0.000 (     4      0)     0.000 (    11      0)
"a:EAMxx::tms::run-postcondition-checks"                      -         16       16 2.764800e+04   3.277368e+00     0.238 (     2      0)     0.182 (    15      0)
"a:EAMxx::shoc::run"                                          -         16       16 2.764800e+04   1.116589e+02     7.059 (    10      0)     6.867 (    11      0)
"a:EAMxx::shoc::run-precondition-checks"                      -         16       16 2.764800e+04   2.640702e-03     0.000 (     2      0)     0.000 (    13      0)
"a:EAMxx::shoc::preprocess"                                   -         16       16 2.764800e+04   3.685277e-01     0.025 (     2      0)     0.021 (    15      0)
"a:EAMxx::shoc::shoc_main"                                    -         16       16 2.764800e+04   7.270371e+01     4.581 (     8      0)     4.487 (    11      0)
"a:EAMxx::shoc::postprocess"                                  -         16       16 2.764800e+04   1.643421e+00     0.106 (    15      0)     0.100 (     2      0)
"a:EAMxx::shoc::run-postcondition-checks"                     -         16       16 2.764800e+04   3.211897e+01     2.055 (     2      0)     1.950 (     1      0)
"a:EAMxx::cld_fraction::run"                                  -         16       16 2.764800e+04   9.892722e+00     0.632 (    14      0)     0.602 (     1      0)
"a:EAMxx::cld_fraction::run-precondition-checks"              -         16       16 2.764800e+04   4.259478e-03     0.000 (    11      0)     0.000 (    10      0)
"a:EAMxx::cld_fraction::run-postcondition-checks"             -         16       16 2.764800e+04   8.999092e+00     0.576 (    14      0)     0.548 (     3      0)
"a:EAMxx::spa::run"                                           -         16       16 2.764800e+04   5.349390e+01     3.391 (     4      0)     3.290 (    11      0)
"a:EAMxx::spa::run-precondition-checks"                       -         16       16 2.764800e+04   3.095479e-03     0.000 (     5      0)     0.000 (     3      0)
"a:EAMxx::spa::run-postcondition-checks"                      -         16       16 2.764800e+04   2.622876e+01     1.661 (     4      0)     1.609 (    11      0)
"a:EAMxx::p3::run"                                            -         16       16 2.764800e+04   1.794742e+02    12.363 (    10      0)    10.149 (     0      0)
"a:EAMxx::p3::run-precondition-checks"                        -         16       16 2.764800e+04   2.586687e+00     0.166 (     4      0)     0.156 (     5      0)
"a:EAMxx::p3::run-postcondition-checks"                       -         16       16 2.764800e+04   4.265435e+01     2.724 (     6      0)     2.593 (     1      0)
"a:EAMxx::mac_aero_mic::run-postcondition-checks"             -         16       16 2.304000e+03   4.050500e-04     0.000 (    10      0)     0.000 (     4      0)
"a:EAMxx::rrtmgp::run"                                        -         16       16 2.304000e+03   1.200130e+02     7.699 (    11      0)     7.356 (     5      0)
"a:EAMxx::rrtmgp::run-precondition-checks"                    -         16       16 2.304000e+03   1.138765e-01     0.008 (     2      0)     0.007 (    13      0)
"a:EAMxx::rrtmgp::run-postcondition-checks"                   -         16       16 2.304000e+03   4.261044e+00     0.273 (     6      0)     0.259 (    13      0)
"a:EAMxx::physics::run-postcondition-checks"                  -         16       16 2.304000e+03   3.112270e-04     0.000 (     2      0)     0.000 (    10      0)
"a:EAMxx::SurfaceCouplingExporter::run"                       -         16       16 2.304000e+03   6.507048e-01     0.041 (     6      0)     0.040 (    11      0)
"a:EAMxx::SurfaceCouplingExporter::run-precondition-checks"   -         16       16 2.304000e+03   5.336410e-04     0.000 (    11      0)     0.000 (    13      0)
"a:EAMxx::SurfaceCouplingExporter::run-postcondition-checks"  -         16       16 2.304000e+03   3.909040e-04     0.000 (     8      0)     0.000 (     7      0)
"a:EAMxx::EAMxx::run-postcondition-checks"                    -         16       16 2.304000e+03   2.788750e-04     0.000 (    14      0)     0.000 (    11      0)
"a:EAMxx::IO::restart"                                        -         16       16 2.304000e+03   9.255844e-03     0.001 (     6      0)     0.001 (     1      0)
"a:EAMxx::IO::model_restart"                                  -         16       16 2.304000e+03   7.672319e-03     0.001 (     6      0)     0.000 (     5      0)
"a:EAMxx::IO::restart::get_new_file"                          -         16       16 2.304000e+03   2.652840e-04     0.000 (     0      0)     0.000 (    13      0)
"a:EAMxx::IO::restart::run_output_streams"                    -         16       16 2.304000e+03   2.935932e-03     0.000 (    15      0)     0.000 (     1      0)
"a:EAMxx::IO::standard"                                       -         16       16 2.304000e+03   5.245702e-03     0.001 (    14      0)     0.000 (     0      0)
"a:EAMxx::IO::nooutput.yaml"                                  -         16       16 2.304000e+03   3.770587e-03     0.000 (    14      0)     0.000 (     0      0)
"a:EAMxx::IO::standard::get_new_file"                         -         16       16 2.304000e+03   2.129710e-04     0.000 (     0      0)     0.000 (     4      0)
"a:EAMxx::IO::standard::run_output_streams"                   -         16       16 2.304000e+03   2.486330e-04     0.000 (     7      0)     0.000 (     0      0)
"CPL:A2C"                                                     -         16       16 2.304000e+03   3.381265e+01     3.458 (     7      0)     0.589 (     1      0)
"CPL:a2c_atma2atmx"                                           -         16       16 2.304000e+03   2.894932e+01     3.115 (     7      0)     0.587 (     1      0)
"CPL:a2c_infoexch"                                            -         16       16 2.304000e+03   4.858665e+00     0.872 (    14      0)     0.001 (     0      0)
"CPL:ATMPOST"                                                 -         16       16 2.304000e+03   6.160490e-04     0.000 (     4      0)     0.000 (     7      0)
"CPL:HISTORY"                                                 -         16       16 2.304000e+03   1.391003e-03     0.000 (     6      0)     0.000 (     5      0)
"CPL:cime_run_write_history"                                  -         16       16 2.304000e+03   5.484500e-04     0.000 (    13      0)     0.000 (     4      0)
"CPL:TSTAMP_WRITE"                                            -         16       16 2.304000e+03   5.796295e-02     0.031 (     0      0)     0.000 (     7      0)
"CPL:TPROF_WRITE"                                             -         16       16 2.304000e+03   1.971356e+01     1.259 (     1      0)     1.228 (     0      0)
"CPL:C2O_INITWAIT"                                            -         16       16 2.288000e+03   4.085288e+00     1.094 (     0      0)     0.006 (     9      0)
"l:interpMonthlyVeg"                                          -         16       16 2.288000e+03   3.985759e+00     0.250 (     8      0)     0.249 (     1      0)
"l:readMonthlyVeg"                                            -         16       16 1.600000e+01   3.982901e+00     0.249 (     8      0)     0.248 (     1      0)
"l:PIO:openfile"                                              -         16       16 1.600000e+01   2.969908e+00     0.186 (     2      0)     0.185 (     7      0)
"l:PIO:pio_inq_varid_file_vdesc"                              -         16       16 1.280000e+02   3.739476e-02     0.006 (     9      0)     0.000 (     0      0)
"l:PIO:pio_inq_varid_file_vid"                                -         16       16 1.280000e+02   3.734807e-02     0.006 (     9      0)     0.000 (     0      0)
"l:PIO:pio_inq_varndims_file_vdesc"                           -         16       16 1.280000e+02   1.852098e-03     0.000 (    12      0)     0.000 (     7      0)
"l:PIO:pio_inq_varndims_file_vid"                             -         16       16 1.280000e+02   1.811704e-03     0.000 (     9      0)     0.000 (     7      0)
"l:PIO:pio_inq_vardimid_file_vdesc"                           -         16       16 1.280000e+02   3.472640e-03     0.000 (    15      0)     0.000 (     7      0)
"l:PIO:pio_inq_vardimid_file_vid"                             -         16       16 1.280000e+02   3.430892e-03     0.000 (    14      0)     0.000 (     7      0)
"l:PIO:pio_inq_dimname_file_dimid"                            -         16       16 1.088000e+03   7.699241e-03     0.001 (     9      0)     0.000 (     7      0)
"l:PIO:pio_inq_dimlen_file_dimid"                             -         16       16 2.560000e+02   1.466625e-03     0.000 (    15      0)     0.000 (     7      0)
"l:PIO:pio_inq_dimlen_file_dimid_offlen"                      -         16       16 2.560000e+02   1.391767e-03     0.000 (    15      0)     0.000 (     7      0)
"l:PIO:pio_inquire_file"                                      -         16       16 4.800000e+02   2.546392e-03     0.000 (    11      0)     0.000 (     7      0)
"l:PIO:pio_inq_ndims_file"                                    -         16       16 4.800000e+02   2.424160e-03     0.000 (    11      0)     0.000 (     7      0)
"l:PIO:initdecomp"                                            -         16       16 1.600000e+01   2.002439e-02     0.001 (     0      0)     0.001 (     8      0)
"l:PIO:PIOc_initdecomp"                                       -         16       16 1.600000e+01   1.976998e-02     0.001 (     0      0)     0.001 (     8      0)
"l:PIO:box_rearrange_create"                                  -         16       16 1.600000e+01   1.833481e-02     0.001 (     4      0)     0.001 (    10      0)
"l:PIO:pio_swapm"                                             -         16       16 1.760000e+02   8.215469e-01     0.060 (     7      0)     0.014 (     8      0)
"l:PIO:read_darray_3d_double"                                 -         16       16 1.280000e+02   9.096643e-01     0.060 (     7      0)     0.052 (     9      0)
"l:PIO:PIOc_read_darray"                                      -         16       16 1.280000e+02   9.094425e-01     0.060 (     7      0)     0.052 (     9      0)
"l:PIO:read_darray_nc"                                        -         16       16 1.280000e+02   8.940616e-02     0.045 (     0      0)     0.000 (    15      0)
"l:PIO:rearrange_io2comp"                                     -         16       16 1.280000e+02   8.149429e-01     0.060 (     7      0)     0.014 (     8      0)
"l:PIO:closefile"                                             -         16       16 1.600000e+01   1.207462e-03     0.000 (     0      0)     0.000 (    11      0)
"l:PIO:PIOc_closefile"                                        -         16       16 1.600000e+01   1.188344e-03     0.000 (     0      0)     0.000 (    11      0)
"l:surfalb"                                                   -         16      112 1.601600e+04   8.909471e+00     0.115 (     9      4)     0.053 (    14      0)
"l:urbsurfalb"                                                -         16      112 1.601600e+04   2.938549e+00     0.035 (     2      5)     0.021 (    10      1)
"CPL:OCNT_RUN"                                                -         16       16 2.288000e+03   2.963298e-01     0.035 (     0      0)     0.017 (    10      0)
"o:DOCN_RUN"                                                  -         16       16 2.288000e+03   2.190743e-01     0.016 (     0      0)     0.013 (    10      0)
"o:docn_run1"                                                 -         16       16 2.288000e+03   1.877328e-03     0.000 (    10      0)     0.000 (     0      0)
"o:docn"                                                      -         16       16 2.288000e+03   2.108092e-01     0.014 (     0      0)     0.013 (     6      0)
"o:docn_strdata_advance"                                      -         16       16 2.288000e+03   5.046220e-02     0.003 (    11      0)     0.003 (     4      0)
"o:docn_strd_adv_total"                                       -         16       16 2.288000e+03   4.683169e-02     0.003 (    11      0)     0.003 (     4      0)
"o:docn_strd_adv_readLBUB"                                    -         16       16 2.288000e+03   7.467701e-03     0.001 (     0      0)     0.000 (    14      0)
"o:docn_readLBUB_setup"                                       -         16       16 2.288000e+03   9.767920e-04     0.000 (     7      0)     0.000 (     6      0)
"o:docn_readLBUB_filemgt"                                     -         16       16 2.288000e+03   3.285020e-04     0.000 (     1      0)     0.000 (     0      0)
"o:docn_strd_adv_tint"                                        -         16       16 2.288000e+03   2.595730e-02     0.002 (    11      0)     0.002 (     4      0)
"o:docn_scatter"                                              -         16       16 2.288000e+03   1.205966e-01     0.008 (    14      0)     0.007 (    10      0)
"o:docn_datamode"                                             -         16       16 2.288000e+03   1.208322e-02     0.001 (    13      0)     0.001 (    12      0)
"o:docn_run2"                                                 -         16       16 2.288000e+03   2.036680e-03     0.002 (     0      0)     0.000 (     1      0)
"CPL:O2CT"                                                    -         16       16 2.288000e+03   1.606679e+00     0.199 (    15      0)     0.012 (     0      0)
"CPL:o2c_ocno2ocnx"                                           -         16       16 2.288000e+03   1.215647e-01     0.008 (    15      0)     0.008 (    10      0)
"CPL:o2c_infoexch"                                            -         16       16 2.288000e+03   1.481773e+00     0.191 (    15      0)     0.004 (     0      0)
"CPL:OCNPOSTT"                                                -         16       16 2.288000e+03   9.280780e-04     0.000 (     1      0)     0.000 (    12      0)
"CPL:RUN_LOOP_sync1_tprf"                                     -         16       16 4.800000e+01   6.890012e-02     0.031 (     1      0)     0.000 (     0      0)
"CPL:RUN_LOOP_t_prf"                                          -         16       16 4.800000e+01   1.269809e+00     1.228 (     0      0)     0.001 (    13      0)
"CPL:RUN_LOOP_sync2_tprf"                                     -         16       16 4.800000e+01   1.837410e+01     1.227 (    13      0)     0.000 (     0      0)
"CPL:RUN_LOOP_BSTOP"                                          -         16       16 1.600000e+01   1.255000e-04     0.000 (     0      0)     0.000 (    10      0)
"CPL:FINAL"                                                   -         16       16 1.600000e+01   1.354510e+00     0.085 (     0      0)     0.085 (     9      0)
"CPL:cime_final"                                              -         16       16 1.600000e+01   1.354493e+00     0.085 (     0      0)     0.085 (     9      0)
"o_f:DOCN_FINAL"                                              -         16       16 1.600000e+01   1.380700e-05     0.000 (     0      0)     0.000 (    11      0)
"a_f:EAMxx::finalize"                                         y         16       16 1.600000e+01   1.080550e+00     0.074 (    10      0)     0.061 (     3      0)
"a_f:PIO:PIOc_sync"                                           -         16       16 1.600000e+01   3.345520e-04     0.000 (     0      0)     0.000 (     9      0)
"a_f:PIO:write_total"                                         -         16       16 3.200000e+01   9.199110e-04     0.000 (     8      0)     0.000 (     6      0)
"a_f:PIO:flush_output_buffer"                                 -          2        2 4.000000e+00   2.300700e-04     0.000 (     0      0)     0.000 (     8      0)
"a_f:PIO:PIOc_closefile"                                      -         16       16 3.200000e+01   3.526168e-03     0.001 (     8      0)     0.000 (    15      0)
"a_f:PIO:PIOc_closefile_write_mode"                           -         16       16 1.600000e+01   6.145100e-04     0.000 (     8      0)     0.000 (     7      0)
"a_f:PIO:PIOc_freedecomp"                                     -         16       16 1.600000e+02   1.087281e-02     0.005 (     0      0)     0.000 (     3      0)
"PIO:finalize"                                                -         16       16 1.600000e+02   5.142903e-02     0.014 (     0      0)     0.000 (    13      0)
"PIO:PIOc_finalize"                                           -         16       16 1.600000e+02   5.123699e-02     0.014 (     0      0)     0.000 (    13      0)
"CPL:FINAL_sync1_tprf"                                        -         16       16 1.600000e+01   7.371197e-03     0.000 (    14      0)     0.000 (     0      0)
"CPL:FINAL_t_prf"                                             y          0        0 0.000000e+00   0.000000e+00     0.000 (     0      0)     0.000 (     0      0)

