
***** GLOBAL STATISTICS (    12 MPI TASKS) *****

$Id: gptl.c,v 1.157 2011-03-28 20:55:18 rosinski Exp $
'count' is cumulative. All other stats are max/min
'on' indicates whether the timer was active during output, and so stats are lower or upper bounds.

name                                                         on  processes  threads        count      walltotal   wallmax (proc   thrd  )   wallmin (proc   thrd  )
"CPL:INIT"                                                    -         12       12 1.200000e+01   2.669245e+02    22.244 (     2      0)    22.244 (     5      0)
"CPL:cime_pre_init1"                                          -         12       12 1.200000e+01   1.011958e+01     0.843 (     6      0)     0.843 (     5      0)
"CPL:mpi_init"                                                -         12       12 1.200000e+01   9.462000e+00     0.788 (     0      0)     0.788 (     0      0)
"CPL:ESMF_Initialize"                                         -         12       12 1.200000e+01   1.400659e-03     0.000 (    11      0)     0.000 (     3      0)
"CPL:cime_pre_init2"                                          -         12       12 1.200000e+01   2.206259e+00     0.184 (     3      0)     0.184 (     0      0)
"CPL:seq_infodata_init"                                       -         12       12 1.200000e+01   2.792992e-01     0.032 (     8      0)     0.020 (     5      0)
"CPL:seq_timemgr_clockInit"                                   -         12       12 1.200000e+01   5.472461e-02     0.005 (     6      0)     0.004 (     0      0)
"CPL:cime_init"                                               -         12       12 1.200000e+01   2.545972e+02    21.217 (     2      0)    21.216 (    10      0)
"CPL:init_comps"                                              -         12       12 1.200000e+01   2.544546e+02    21.205 (     2      0)    21.204 (     3      0)
"CPL:comp_init_pre_all"                                       -         12       12 1.200000e+01   7.914936e-04     0.000 (     2      0)     0.000 (     0      0)
"CPL:comp_init_cc_atm"                                        -         12       12 1.200000e+01   2.367365e+02    19.728 (     0      0)    19.728 (     7      0)
"a_i:comp_init"                                               -         12       12 2.400000e+01   2.367232e+02    19.727 (     0      0)    19.727 (     7      0)
"a_i:EAMxx::init"                                             -         12       12 8.400000e+01   2.363535e+02    19.701 (     5      0)    19.686 (     0      0)
"a_i:EAMxx::create_output_managers"                           -         12       12 1.200000e+01   2.641090e-03     0.000 (     8      0)     0.000 (     1      0)
"a_i:EAMxx::create_atm_processes"                             -         12       12 1.200000e+01   3.536703e-01     0.031 (    11      0)     0.017 (     0      0)
"a_i:EAMxx::create_grids"                                     -         12       12 1.200000e+01   7.540898e+00     0.629 (     0      0)     0.628 (     8      0)
"a_i:EAMxx::build_grids"                                      -         12       12 1.200000e+01   4.381513e+00     0.366 (     3      0)     0.365 (    10      0)
"a_i:PartitioningTime"                                        -         12       12 1.200000e+01   5.603713e-05     0.000 (     4      0)     0.000 (     0      0)
"a_i:repro_sum_int"                                           -         12       12 1.200000e+01   5.111835e-03     0.001 (     2      0)     0.000 (     9      0)
"a_i:PIO:spio_get_att_tc"                                     -         12       12 1.176000e+03   6.567060e-03     0.001 (     9      0)     0.001 (     7      0)
"a_i:PIO:spio_get_vars_tc"                                    -         12       12 2.400000e+02   1.775603e+00     0.148 (     0      0)     0.148 (     6      0)
"a_i:PIO:PIOc_closefile"                                      -         12       12 1.440000e+02   1.218146e-02     0.006 (     0      0)     0.000 (    10      0)
"a_i:EAMxx::SurfaceCouplingImporter::set_grids"               -         12       12 1.200000e+01   8.279489e-03     0.001 (     5      0)     0.000 (     3      0)
"a_i:EAMxx::homme::set_grids"                                 -         12       12 1.200000e+01   2.533589e+00     0.212 (     3      0)     0.210 (     8      0)
"a_i:EAMxx::physics::set_grids"                               -         12       12 1.200000e+01   3.908546e-01     0.034 (    10      0)     0.032 (     3      0)
"a_i:EAMxx::mac_aero_mic::set_grids"                          -         12       12 1.200000e+01   1.801666e-01     0.017 (    10      0)     0.014 (     3      0)
"a_i:EAMxx::tms::set_grids"                                   -         12       12 1.200000e+01   1.548084e-02     0.002 (     5      0)     0.001 (    10      0)
"a_i:EAMxx::shoc::set_grids"                                  -         12       12 1.200000e+01   1.052112e-02     0.001 (     0      0)     0.000 (    10      0)
"a_i:EAMxx::cld_fraction::set_grids"                          -         12       12 1.200000e+01   2.204491e-03     0.000 (     4      0)     0.000 (     1      0)
"a_i:EAMxx::spa::set_grids"                                   -         12       12 1.200000e+01   1.061062e-01     0.011 (     8      0)     0.008 (     5      0)
"a_i:EAMxx::p3::set_grids"                                    -         12       12 1.200000e+01   4.500196e-02     0.004 (     0      0)     0.003 (     7      0)
"a_i:EAMxx::rrtmgp::set_grids"                                -         12       12 1.200000e+01   2.096207e-01     0.018 (     7      0)     0.017 (     0      0)
"a_i:EAMxx::SurfaceCouplingExporter::set_grids"               -         12       12 1.200000e+01   1.884527e-01     0.016 (     3      0)     0.015 (    10      0)
"a_i:EAMxx::create_fields"                                    -         12       12 1.200000e+01   2.558930e+00     0.217 (     5      0)     0.209 (     8      0)
"a_i:EAMxx::initialize_fields"                                -         12       12 1.200000e+01   9.619861e+00     0.803 (     3      0)     0.800 (     8      0)
"a_i:PIO:PIOc_initdecomp"                                     -         12       12 1.200000e+02   7.335559e+00     0.613 (     8      0)     0.610 (    11      0)
"a_i:PIO:box_rearrange_create"                                -         12       12 1.200000e+02   7.125782e+00     0.594 (     0      0)     0.593 (    11      0)
"a_i:PIO:pio_swapm"                                           -         12       12 6.360000e+02   1.817355e+01     1.811 (     9      0)     0.437 (     6      0)
"a_i:PIO:PIOc_read_darray"                                    -         12       12 2.760000e+02   2.073804e+01     1.734 (     8      0)     1.723 (     0      0)
"a_i:PIO:read_darray_nc"                                      -         12       12 2.760000e+02   2.660544e+00     1.362 (     6      0)     0.000 (    11      0)
"a_i:PIO:rearrange_io2comp"                                   -         12       12 2.760000e+02   1.666603e+01     1.713 (     9      0)     0.348 (     6      0)
"a_i:EAMxx::initialize_atm_procs"                             -         12       12 1.200000e+01   2.142411e+02    17.855 (     8      0)    17.852 (     3      0)
"a_i:EAMxx::SurfaceCouplingImporter::init"                    -         12       12 1.200000e+01   7.417972e-03     0.002 (     8      0)     0.000 (    10      0)
"a_i:EAMxx::homme::init"                                      -         12       12 1.200000e+01   1.916547e+02    15.972 (     9      0)    15.971 (     3      0)
"a_i:compose_init"                                            -         12       12 1.200000e+01   2.294639e-01     0.020 (     9      0)     0.018 (    11      0)
"a_i:sl_init1"                                                -         12       12 1.200000e+01   2.160207e+01     1.830 (     3      0)     1.735 (     8      0)
"a_i:EAMxx::tms::init"                                        -         12       12 1.200000e+01   9.061031e-05     0.000 (     0      0)     0.000 (    10      0)
"a_i:EAMxx::shoc::init"                                       -         12       12 1.200000e+01   6.621300e-02     0.006 (     8      0)     0.005 (     5      0)
"a_i:EAMxx::cld_fraction::init"                               -         12       12 1.200000e+01   3.072233e-04     0.000 (     0      0)     0.000 (    10      0)
"a_i:EAMxx::spa::init"                                        -         12       12 1.200000e+01   2.102232e+01     1.752 (     5      0)     1.752 (     8      0)
"a_i:EAMxx::p3::init"                                         -         12       12 1.200000e+01   5.775444e-01     0.051 (     0      0)     0.048 (     3      0)
"a_i:EAMxx::rrtmgp::init"                                     -         12       12 1.200000e+01   7.944955e-01     0.069 (     5      0)     0.062 (     1      0)
"a_i:EAMxx::SurfaceCouplingExporter::init"                    -         12       12 1.200000e+01   5.907863e-02     0.008 (     1      0)     0.003 (     5      0)
"a_i:EAMxx::initialize_output_managers"                       -         12       12 1.200000e+01   2.036138e+00     0.170 (     6      0)     0.170 (     7      0)
"a_i:EAMxx::IO::standard"                                     -         12       12 1.200000e+01   1.700898e+00     0.143 (     6      0)     0.141 (     1      0)
"a_i:EAMxx::IO::nooutput.yaml"                                -         12       12 1.200000e+01   1.700884e+00     0.143 (     6      0)     0.141 (     1      0)
"a_i:EAMxx::IO::standard::get_new_file"                       -         12       12 1.200000e+01   1.698880e+00     0.142 (     8      0)     0.141 (     1      0)
"a_i:PIO:PIOc_createfile"                                     -         12       12 1.200000e+01   1.686025e+00     0.141 (     8      0)     0.140 (     1      0)
"a_i:PIO:write_total"                                         -         12       12 3.960000e+02   1.687817e+00     0.141 (     8      0)     0.140 (     1      0)
"a_i:PIO:spio_put_att_tc"                                     -         12       12 3.600000e+02   1.068158e-03     0.000 (     0      0)     0.000 (     7      0)
"a_i:PIO:spio_put_vars_tc"                                    -         12       12 1.200000e+01   3.346599e-04     0.000 (     1      0)     0.000 (     5      0)
"a_i:PIO:flush_output_buffer"                                 -          2        2 4.000000e+00   4.028634e-04     0.000 (     6      0)     0.000 (     0      0)
"a_i:EAMxx::IO::standard::run_output_streams"                 -         12       12 1.200000e+01   1.449953e-06     0.000 (     8      0)     0.000 (     6      0)
"a_i:EAMxx::IO::standard::update_snapshot_tally"              -         12       12 1.200000e+01   1.967113e-03     0.001 (     0      0)     0.000 (     7      0)
"a_i:PIO:PIOc_sync"                                           -         12       12 1.200000e+01   3.939248e-04     0.000 (     0      0)     0.000 (    11      0)
"CPL:comp_init_cc_lnd"                                        -         12       12 1.200000e+01   1.447496e+01     1.206 (    10      0)     1.206 (     4      0)
"l_i:comp_init"                                               -         12       12 1.200000e+01   1.446405e+01     1.206 (     2      0)     1.205 (     6      0)
"l_i:elm_init1"                                               -         12       12 1.200000e+01   8.247039e+00     0.688 (     2      0)     0.683 (     0      0)
"l_i:PIO:openfile"                                            -         12       12 2.640000e+02   1.724879e+00     0.183 (     6      0)     0.114 (    10      0)
"l_i:PIO:pio_inq_dimid_file_dimid"                            -         12       12 6.360000e+02   5.836035e-03     0.001 (     7      0)     0.000 (     0      0)
"l_i:PIO:pio_inq_dimlen_file_dimid"                           -         12       12 1.596000e+03   3.859630e-03     0.001 (     0      0)     0.000 (     6      0)
"l_i:PIO:pio_inq_dimlen_file_dimid_offlen"                    -         12       12 1.596000e+03   3.571977e-03     0.000 (     0      0)     0.000 (     6      0)
"l_i:PIO:pio_inq_varid_file_vdesc"                            -         12       12 3.336000e+03   4.971039e-02     0.007 (     4      0)     0.001 (     0      0)
"l_i:PIO:pio_inq_varid_file_vid"                              -         12       12 3.336000e+03   4.822613e-02     0.007 (     4      0)     0.001 (     0      0)
"l_i:PIO:get_var_1d_int"                                      -         12       12 7.200000e+01   6.200961e-03     0.001 (     0      0)     0.000 (    11      0)
"l_i:PIO:spio_get_vars_tc"                                    -         12       12 2.112000e+03   8.172280e-02     0.008 (     6      0)     0.007 (     0      0)
"l_i:PIO:closefile"                                           -         12       12 2.280000e+02   1.204848e-02     0.003 (     0      0)     0.001 (    10      0)
"l_i:PIO:PIOc_closefile"                                      -         12       12 2.280000e+02   1.187139e-02     0.003 (     0      0)     0.001 (    10      0)
"l_i:PIO:pio_inq_varndims_file_vdesc"                         -         12       12 7.200000e+02   1.061821e-02     0.001 (     0      0)     0.001 (     9      0)
"l_i:PIO:pio_inq_varndims_file_vid"                           -         12       12 7.200000e+02   1.044655e-02     0.001 (     0      0)     0.001 (     9      0)
"l_i:PIO:pio_inq_vardimid_file_vdesc"                         -         12       12 7.200000e+02   6.980627e-03     0.001 (     5      0)     0.001 (     1      0)
"l_i:PIO:pio_inq_vardimid_file_vid"                           -         12       12 7.200000e+02   6.823264e-03     0.001 (     5      0)     0.001 (     1      0)
"l_i:PIO:pio_inq_dimname_file_dimid"                          -         12       12 2.928000e+03   8.765347e-03     0.001 (    10      0)     0.001 (     6      0)
"l_i:PIO:initdecomp"                                          -         12       12 1.200000e+02   5.725471e-02     0.005 (     7      0)     0.005 (    11      0)
"l_i:PIO:PIOc_initdecomp"                                     -         12       12 1.200000e+02   5.632464e-02     0.005 (     1      0)     0.005 (    11      0)
"l_i:PIO:box_rearrange_create"                                -         12       12 1.200000e+02   5.283391e-02     0.004 (     6      0)     0.004 (     1      0)
"l_i:PIO:pio_swapm"                                           -         12       12 1.080000e+03   5.511205e+00     0.543 (     9      0)     0.019 (     6      0)
"l_i:PIO:read_darray_1d_double"                               -         12       12 9.600000e+01   8.998182e-01     0.075 (     9      0)     0.075 (     7      0)
"l_i:PIO:PIOc_read_darray"                                    -         12       12 7.200000e+02   6.535914e+00     0.548 (     6      0)     0.541 (     7      0)
"l_i:PIO:read_darray_nc"                                      -         12       12 7.200000e+02   9.764915e-01     0.524 (     6      0)     0.000 (    10      0)
"l_i:PIO:rearrange_io2comp"                                   -         12       12 7.200000e+02   5.539253e+00     0.546 (     9      0)     0.022 (     6      0)
"l_i:PIO:pio_inquire_file"                                    -         12       12 1.104000e+03   2.405463e-03     0.000 (    10      0)     0.000 (     0      0)
"l_i:PIO:pio_inq_ndims_file"                                  -         12       12 1.104000e+03   2.214004e-03     0.000 (     8      0)     0.000 (     6      0)
"l_i:PIO:read_darray_1d_int"                                  -         12       12 2.400000e+01   2.378464e-01     0.020 (     0      0)     0.020 (     4      0)
"l_i:PIO:read_darray_3d_double"                               -         12       12 2.160000e+02   3.284110e+00     0.275 (     6      0)     0.272 (     4      0)
"l_i:PIO:read_darray_3d_int"                                  -         12       12 1.200000e+01   2.634032e-01     0.022 (     5      0)     0.022 (     7      0)
"l_i:PIO:read_darray_4d_double"                               -         12       12 1.680000e+02   1.257290e+00     0.107 (     6      0)     0.102 (     7      0)
"l_i:PIO:get_var_1d_text"                                     -         12       12 2.400000e+01   2.594142e-02     0.003 (     6      0)     0.002 (    10      0)
"l_i:PIO:get_var_1d_double"                                   -         12       12 1.692000e+03   7.370307e-02     0.007 (     0      0)     0.005 (     6      0)
"l_i:PIO:get_var_0d_double"                                   -         12       12 1.200000e+02   1.422951e-02     0.001 (     0      0)     0.001 (     1      0)
"l_i:PIO:read_darray_2d_double"                               -         12       12 1.560000e+02   5.891106e-01     0.049 (     6      0)     0.049 (     4      0)
"l_i:PIO:read_darray_2d_int"                                  -         12       12 4.800000e+01   5.315242e-03     0.000 (     6      0)     0.000 (     4      0)
"l_i:gather_1darray_int_total"                                -         12       12 6.000000e+01   2.146720e-02     0.002 (     0      0)     0.002 (     4      0)
"l_i:scatter_1darray_int_total"                               -         12       12 6.000000e+01   1.083861e-02     0.001 (    11      0)     0.001 (     0      0)
"l_i:init_filters"                                            -         12       12 1.200000e+01   2.007681e-02     0.002 (     1      0)     0.002 (     3      0)
"l_i:elm_init2"                                               -         12       12 1.200000e+01   6.140481e+00     0.512 (     2      0)     0.511 (     6      0)
"l_i:init_orbd"                                               -         12       12 1.200000e+01   6.483877e-04     0.000 (     3      0)     0.000 (     0      0)
"l_i:PIO:get_var_0d_int"                                      -         12       12 1.200000e+01   1.536142e-03     0.000 (     0      0)     0.000 (     1      0)
"l_i:PIO:get_var_2d_double"                                   -         12       12 1.440000e+02   1.685896e-02     0.001 (     2      0)     0.001 (    11      0)
"l_i:PIO:get_var_3d_double"                                   -         12       12 4.800000e+01   1.200234e-02     0.001 (     5      0)     0.001 (     0      0)
"l_i:init_accflds"                                            -         12       12 1.200000e+01   8.049142e-03     0.001 (     0      0)     0.001 (     4      0)
"l_i:init_dyn_subgrid"                                        -         12       12 1.200000e+01   1.829675e-02     0.002 (     2      0)     0.001 (    11      0)
"l_i:init_map2gc"                                             -         12       12 1.200000e+01   7.438500e-03     0.001 (     2      0)     0.001 (     5      0)
"l_i:init_elm_interface_data & pflotran"                      -         12       12 1.200000e+01   2.470842e-06     0.000 (     6      0)     0.000 (     9      0)
"l_i:init_wlog"                                               -         12       12 1.200000e+01   2.001296e-05     0.000 (     0      0)     0.000 (     1      0)
"l_i:elm_init3"                                               -         12       12 1.200000e+01   1.659713e-05     0.000 (     6      0)     0.000 (    10      0)
"CPL:comp_init_cc_rof"                                        -         12       12 1.200000e+01   6.499502e-03     0.001 (     0      0)     0.001 (    10      0)
"r_i:comp_init"                                               -         12       12 1.200000e+01   1.108432e-03     0.000 (     5      0)     0.000 (     0      0)
"CPL:comp_init_cc_ocn"                                        -         12       12 1.200000e+01   1.974696e+00     0.165 (    11      0)     0.165 (     0      0)
"o_i:comp_init"                                               -         12       12 1.200000e+01   1.968045e+00     0.164 (     7      0)     0.164 (     1      0)
"o_i:docn_readnml"                                            -         12       12 1.200000e+01   9.426570e-01     0.079 (     1      0)     0.073 (     0      0)
"o_i:DOCN_INIT"                                               -         12       12 1.200000e+01   1.017686e+00     0.085 (     9      0)     0.085 (     4      0)
"o_i:docn_strdata_init"                                       -         12       12 1.200000e+01   9.185719e-01     0.077 (     9      0)     0.076 (     4      0)
"o_i:PIO:initdecomp"                                          -         12       12 3.600000e+01   3.286171e-02     0.003 (     1      0)     0.002 (    11      0)
"o_i:PIO:PIOc_initdecomp"                                     -         12       12 3.600000e+01   3.254671e-02     0.003 (     1      0)     0.002 (    11      0)
"o_i:PIO:box_rearrange_create"                                -         12       12 3.600000e+01   2.721428e-02     0.002 (     9      0)     0.002 (    11      0)
"o_i:PIO:pio_swapm"                                           -         12       12 1.320000e+02   1.354899e-02     0.001 (     9      0)     0.000 (     0      0)
"o_i:docn_initgsmaps"                                         -         12       12 1.200000e+01   3.569527e-04     0.000 (     5      0)     0.000 (     7      0)
"o_i:docn_initmctdom"                                         -         12       12 1.200000e+01   1.756270e-03     0.000 (     5      0)     0.000 (     0      0)
"o_i:docn_initmctavs"                                         -         12       12 1.200000e+01   5.537702e-03     0.001 (     6      0)     0.000 (     0      0)
"o_i:DOCN_RUN"                                                -         12       12 1.200000e+01   9.131337e-02     0.008 (     0      0)     0.007 (     6      0)
"o_i:docn_run1"                                               -         12       12 1.200000e+01   1.267537e-05     0.000 (     4      0)     0.000 (     3      0)
"o_i:docn"                                                    -         12       12 1.200000e+01   9.127272e-02     0.008 (     0      0)     0.007 (     6      0)
"o_i:docn_strdata_advance"                                    -         12       12 1.200000e+01   8.901627e-02     0.008 (     0      0)     0.007 (     6      0)
"o_i:docn_strd_adv_total"                                     -         12       12 1.200000e+01   8.899063e-02     0.008 (     0      0)     0.007 (     6      0)
"o_i:docn_strd_adv_readLBUB"                                  -         12       12 1.200000e+01   8.199116e-02     0.007 (     0      0)     0.007 (     6      0)
"o_i:docn_readLBUB_setup"                                     -         12       12 1.200000e+01   4.151888e-05     0.000 (     3      0)     0.000 (     7      0)
"o_i:docn_readLBUB_fbound"                                    -         12       12 1.200000e+01   2.746930e-03     0.003 (     0      0)     0.000 (     9      0)
"o_i:docn_readLBUB_bcast"                                     -         12       12 1.200000e+01   2.540446e-02     0.002 (     8      0)     0.000 (     0      0)
"o_i:docn_readLBUB_LB_setup"                                  -         12       12 1.200000e+01   2.370372e-05     0.000 (     0      0)     0.000 (     7      0)
"o_i:docn_readLBUB_LB_readpio"                                -         12       12 1.200000e+01   4.928141e-02     0.004 (     7      0)     0.004 (     2      0)
"o_i:PIO:openfile"                                            -         12       12 1.200000e+01   3.009714e-02     0.003 (     0      0)     0.002 (     6      0)
"o_i:PIO:pio_inq_varid_file_vdesc"                            -         12       12 4.800000e+01   2.072404e-04     0.000 (     3      0)     0.000 (     7      0)
"o_i:PIO:pio_inq_varid_file_vid"                              -         12       12 4.800000e+01   1.886873e-04     0.000 (     3      0)     0.000 (    10      0)
"o_i:PIO:pio_inq_varndims_file_vdesc"                         -         12       12 2.400000e+01   5.585703e-04     0.000 (     0      0)     0.000 (     9      0)
"o_i:PIO:pio_inq_varndims_file_vid"                           -         12       12 2.400000e+01   5.470809e-04     0.000 (     0      0)     0.000 (     9      0)
"o_i:PIO:pio_inq_vardimid_file_vdesc"                         -         12       12 2.400000e+01   2.595037e-04     0.000 (     5      0)     0.000 (     0      0)
"o_i:PIO:pio_inq_vardimid_file_vid"                           -         12       12 2.400000e+01   2.494972e-04     0.000 (     5      0)     0.000 (     0      0)
"o_i:PIO:pio_inq_dimlen_file_dimid"                           -         12       12 7.200000e+01   1.568889e-04     0.000 (    10      0)     0.000 (     0      0)
"o_i:PIO:pio_inq_dimlen_file_dimid_offlen"                    -         12       12 7.200000e+01   1.394288e-04     0.000 (    10      0)     0.000 (     0      0)
"o_i:PIO:pio_inq_vartype_file_vdesc"                          -         12       12 2.400000e+01   2.925680e-04     0.000 (     0      0)     0.000 (     9      0)
"o_i:PIO:pio_inq_vartype_file_vid"                            -         12       12 2.400000e+01   2.808396e-04     0.000 (     0      0)     0.000 (     9      0)
"o_i:PIO:read_darray_1d_real"                                 -         12       12 2.400000e+01   1.858832e-02     0.002 (     8      0)     0.001 (     3      0)
"o_i:PIO:PIOc_read_darray"                                    -         12       12 2.400000e+01   1.852788e-02     0.002 (     8      0)     0.001 (     3      0)
"o_i:PIO:read_darray_nc"                                      -         12       12 2.400000e+01   1.529107e-03     0.001 (     6      0)     0.000 (    11      0)
"o_i:PIO:rearrange_io2comp"                                   -         12       12 2.400000e+01   1.629461e-02     0.002 (     9      0)     0.001 (     0      0)
"o_i:docn_readLBUB_UB_setup"                                  -         12       12 1.200000e+01   3.995297e-05     0.000 (     0      0)     0.000 (     2      0)
"o_i:docn_readLBUB_UB_readpio"                                -         12       12 1.200000e+01   3.468486e-03     0.000 (     3      0)     0.000 (     6      0)
"o_i:docn_readLBUB_filemgt"                                   -         12       12 1.200000e+01   2.599816e-06     0.000 (     0      0)     0.000 (     2      0)
"o_i:docn_strd_adv_fill"                                      -         12       12 1.200000e+01   2.650125e-03     0.000 (     7      0)     0.000 (    11      0)
"o_i:docn_strd_adv_map"                                       -         12       12 1.200000e+01   3.360866e-03     0.000 (     0      0)     0.000 (    10      0)
"o_i:docn_strd_adv_tint"                                      -         12       12 1.200000e+01   6.331635e-04     0.000 (     4      0)     0.000 (     9      0)
"o_i:docn_scatter"                                            -         12       12 1.200000e+01   1.333435e-03     0.000 (    10      0)     0.000 (     6      0)
"o_i:docn_datamode"                                           -         12       12 1.200000e+01   3.928579e-04     0.000 (    11      0)     0.000 (     4      0)
"o_i:docn_run2"                                               -         12       12 1.200000e+01   4.794783e-06     0.000 (     0      0)     0.000 (     1      0)
"CPL:comp_init_cc_ice"                                        -         12       12 1.200000e+01   1.188992e+00     0.099 (     4      0)     0.099 (     7      0)
"i_i:comp_init"                                               -         12       12 1.200000e+01   1.182403e+00     0.099 (     1      0)     0.099 (     8      0)
"i_i:cice_init"                                               -         12       12 1.200000e+01   3.662462e-01     0.031 (     3      0)     0.030 (     9      0)
"i_i:ice_HaloUpdate2DR8"                                      -         12       12 4.800000e+01   1.703706e-03     0.000 (     3      0)     0.000 (     0      0)
"i_i:ice_HU2DR8_init"                                         -         12       12 4.800000e+01   2.060395e-05     0.000 (     0      0)     0.000 (     8      0)
"i_i:state_bound_h1"                                          -         12       12 1.200000e+01   2.578503e-03     0.001 (     0      0)     0.000 (     5      0)
"i_i:ice_HaloUpdate3DR8"                                      -         12       12 6.000000e+01   2.917459e-03     0.001 (     0      0)     0.000 (     5      0)
"i_i:ice_HU3DR8_init"                                         -         12       12 6.000000e+01   8.188581e-05     0.000 (     3      0)     0.000 (     9      0)
"i_i:ice_HU3DR8_recvall"                                      -         12       12 6.000000e+01   1.656814e-03     0.001 (     0      0)     0.000 (     7      0)
"i_i:state_bound_hm"                                          -         12       12 1.200000e+01   9.433215e-05     0.000 (     8      0)     0.000 (     7      0)
"i_i:state_bound_hc"                                          -         12       12 1.200000e+01   3.031915e-04     0.000 (    11      0)     0.000 (     5      0)
"i_i:state_bound_h2"                                          -         12       12 1.200000e+01   1.603138e-03     0.000 (     1      0)     0.000 (     2      0)
"i_i:ice_HaloUpdate4DR8"                                      -         12       12 1.200000e+01   9.951770e-04     0.000 (     1      0)     0.000 (     3      0)
"i_i:ice_HU4DR8_init"                                         -         12       12 1.200000e+01   1.549461e-04     0.000 (     4      0)     0.000 (     9      0)
"i_i:ice_HU4DR8_recvall"                                      -         12       12 1.200000e+01   1.851891e-06     0.000 (    11      0)     0.000 (     3      0)
"i_i:state_bound_hd"                                          -         12       12 1.200000e+01   9.352545e-06     0.000 (     1      0)     0.000 (     4      0)
"i_i:cice_mct_init"                                           -         12       12 1.200000e+01   8.088213e-01     0.068 (     1      0)     0.067 (     6      0)
"i_i:PIO:initdecomp"                                          -         12       12 3.600000e+01   2.652447e-02     0.002 (     1      0)     0.002 (     0      0)
"i_i:PIO:PIOc_initdecomp"                                     -         12       12 3.600000e+01   2.632813e-02     0.002 (     1      0)     0.002 (     0      0)
"i_i:PIO:box_rearrange_create"                                -         12       12 3.600000e+01   2.108288e-02     0.002 (     9      0)     0.002 (     6      0)
"i_i:PIO:pio_swapm"                                           -         12       12 1.080000e+02   3.331673e-03     0.000 (     9      0)     0.000 (     1      0)
"CPL:comp_init_cc_glc"                                        -         12       12 1.200000e+01   5.554495e-03     0.000 (     6      0)     0.000 (     4      0)
"g_i:comp_init"                                               -         12       12 1.200000e+01   1.571821e-05     0.000 (     3      0)     0.000 (    11      0)
"CPL:comp_init_cc_wav"                                        -         12       12 1.200000e+01   4.953135e-03     0.000 (     2      0)     0.000 (     0      0)
"w_i:comp_init"                                               -         12       12 1.200000e+01   5.509704e-06     0.000 (     0      0)     0.000 (     1      0)
"CPL:comp_init_cc_esp"                                        -         12       12 1.200000e+01   2.655271e-03     0.000 (    10      0)     0.000 (     2      0)
"e_i:comp_init"                                               -         12       12 1.200000e+01   9.210547e-06     0.000 (     2      0)     0.000 (     1      0)
"CPL:comp_init_cc_iac"                                        -         12       12 1.200000e+01   5.865543e-03     0.000 (    10      0)     0.000 (     6      0)
"z_i:comp_init"                                               -         12       12 1.200000e+01   6.505637e-06     0.000 (    10      0)     0.000 (     8      0)
"CPL:comp_init_cx_all"                                        -         12       12 1.200000e+01   5.297294e-02     0.004 (     1      0)     0.004 (     0      0)
"CPL:comp_list_all"                                           -         12       12 1.200000e+01   4.089590e-05     0.000 (     9      0)     0.000 (     0      0)
"CPL:init_maps"                                               -         12       12 1.200000e+01   2.169166e-02     0.002 (     6      0)     0.001 (     0      0)
"CPL:init_aream"                                              -         12       12 1.200000e+01   3.337264e-03     0.001 (     0      0)     0.000 (     4      0)
"CPL:init_domain_check"                                       -         12       12 1.200000e+01   1.679027e-02     0.002 (    11      0)     0.001 (     5      0)
"CPL:init_areacor"                                            -         12       12 1.200000e+01   3.285207e-02     0.003 (     5      0)     0.003 (    11      0)
"CPL:init_fracs"                                              -         12       12 1.200000e+01   1.007922e-02     0.001 (     6      0)     0.001 (     4      0)
"CPL:init_aoflux"                                             -         12       12 1.200000e+01   5.448917e-03     0.000 (     3      0)     0.000 (     2      0)
"CPL:init_atminit"                                            -         12       12 7.200000e+01   2.207147e-02     0.002 (     6      0)     0.002 (    11      0)
"CPL:comp_init_cc_atm2"                                       -         12       12 1.200000e+01   1.780614e-02     0.002 (    11      0)     0.001 (     6      0)
"CPL:init_readrestart"                                        -         12       12 1.200000e+01   1.703980e-03     0.000 (     3      0)     0.000 (     0      0)
"CPL:cime_run_init"                                           -         12       12 1.200000e+01   7.468839e-03     0.006 (     0      0)     0.000 (     9      0)
"CPL:INIT_sync1_tprf"                                         -         12       12 1.200000e+01   6.763880e-02     0.006 (     9      0)     0.000 (     0      0)
"CPL:INIT_t_prf"                                              -         12       12 1.200000e+01   1.420155e-01     0.110 (     0      0)     0.000 (     9      0)
"CPL:INIT_sync2_tprf"                                         -         12       12 1.200000e+01   1.180147e+00     0.110 (    11      0)     0.000 (     0      0)
"CPL:RUN_LOOP_BSTART"                                         -         12       12 1.200000e+01   9.019335e-05     0.000 (     1      0)     0.000 (     0      0)
"CPL:RUN_LOOP"                                                -         12       12 1.728000e+03   1.011977e+03    84.335 (     4      0)    84.323 (     1      0)
"CPL:CLOCK_ADVANCE"                                           -         12       12 1.728000e+03   1.908076e-01     0.017 (     0      0)     0.016 (     6      0)
"CPL:RUN"                                                     -         12       12 2.072400e+04   1.022940e+01     1.283 (     3      0)     0.544 (    10      0)
"CPL:OCNPRE1"                                                 -         12       12 1.728000e+03   5.116546e+00     0.873 (     3      0)     0.119 (     6      0)
"CPL:ocnpre1_atm2ocn"                                         -         12       12 1.728000e+03   5.114404e+00     0.873 (     3      0)     0.118 (     6      0)
"CPL:LNDPREP"                                                 -         12       12 1.728000e+03   1.935241e-01     0.022 (    10      0)     0.010 (     2      0)
"CPL:lndprep_atm2lnd"                                         -         12       12 1.728000e+03   1.213877e-01     0.015 (    10      0)     0.006 (     2      0)
"CPL:lndprep_mrgx2l"                                          -         12       12 1.728000e+03   6.820292e-02     0.008 (     1      0)     0.003 (     3      0)
"CPL:COMM"                                                    -         12       12 1.208400e+04   3.308934e+01     4.039 (     4      0)     1.618 (     1      0)
"CPL:C2L"                                                     -         12       12 1.728000e+03   3.762261e-01     0.037 (     2      0)     0.025 (    10      0)
"CPL:c2l_lndx2lndl"                                           -         12       12 1.728000e+03   2.909717e-01     0.028 (     1      0)     0.022 (     9      0)
"CPL:c2l_infoexch"                                            -         12       12 1.728000e+03   8.211707e-02     0.011 (     3      0)     0.002 (    10      0)
"CPL:ICEPREP"                                                 -         12       12 1.728000e+03   5.126519e-01     0.044 (     1      0)     0.042 (     2      0)
"CPL:iceprep_ocn2ice"                                         -         12       12 1.728000e+03   9.875432e-02     0.009 (     1      0)     0.008 (     2      0)
"CPL:iceprep_atm2ice"                                         -         12       12 1.728000e+03   1.636128e-01     0.014 (     1      0)     0.013 (     2      0)
"CPL:iceprep_mrgx2i"                                          -         12       12 1.728000e+03   2.411996e-01     0.020 (     5      0)     0.020 (    10      0)
"CPL:C2I"                                                     -         12       12 1.728000e+03   1.996823e-01     0.017 (     2      0)     0.015 (     1      0)
"CPL:c2i_icex2icei"                                           -         12       12 1.728000e+03   1.639110e-01     0.014 (     1      0)     0.013 (     8      0)
"CPL:ice_infoexch"                                            -         12       12 1.728000e+03   3.330792e-02     0.003 (     2      0)     0.001 (     1      0)
"CPL:ICE_RUN"                                                 -         12       12 1.728000e+03   6.775928e+00     0.710 (     8      0)     0.491 (     2      0)
"i:cice_run_total"                                            -         12       12 1.728000e+03   5.555535e+00     0.634 (     9      0)     0.373 (     2      0)
"i:cice_run_import"                                           -         12       12 1.728000e+03   6.858863e-01     0.063 (     6      0)     0.055 (     4      0)
"i:cice_imp_ocn"                                              -         12       12 1.728000e+03   8.399725e-02     0.007 (    11      0)     0.007 (     4      0)
"i:cice_imp_atm"                                              -         12       12 1.728000e+03   8.363873e-02     0.007 (    10      0)     0.007 (     6      0)
"i:cice_run_initmd"                                           -         12       12 1.728000e+03   2.197882e-01     0.020 (     4      0)     0.013 (     6      0)
"i:cice_run_presc"                                            -         12       12 1.728000e+03   8.685831e-01     0.073 (     5      0)     0.071 (    11      0)
"i:cice_pice_strd_adv_total"                                  -         12       12 1.728000e+03   1.439306e-01     0.012 (     5      0)     0.012 (     2      0)
"i:cice_pice_strd_adv_readLBUB"                               -         12       12 1.728000e+03   1.042078e-01     0.009 (     6      0)     0.009 (     1      0)
"i:cice_pice_readLBUB_setup"                                  -         12       12 1.728000e+03   5.785519e-04     0.000 (     8      0)     0.000 (     2      0)
"i:cice_pice_readLBUB_fbound"                                 -         12       12 1.200000e+01   5.267277e-03     0.005 (     0      0)     0.000 (     8      0)
"i:cice_pice_readLBUB_bcast"                                  -         12       12 1.200000e+01   5.799556e-02     0.005 (     9      0)     0.000 (     0      0)
"i:cice_pice_readLBUB_LB_setup"                               -         12       12 1.200000e+01   2.258882e-05     0.000 (     0      0)     0.000 (     5      0)
"i:cice_pice_readLBUB_LB_readpio"                             -         12       12 1.200000e+01   3.210506e-02     0.003 (     9      0)     0.003 (     0      0)
"i:PIO:openfile"                                              -         12       12 1.200000e+01   2.731585e-02     0.002 (    10      0)     0.002 (     6      0)
"i:PIO:pio_inq_varid_file_vdesc"                              -         12       12 4.800000e+01   3.330219e-04     0.000 (     6      0)     0.000 (     0      0)
"i:PIO:pio_inq_varid_file_vid"                                -         12       12 4.800000e+01   3.198907e-04     0.000 (     6      0)     0.000 (     0      0)
"i:PIO:pio_inq_varndims_file_vdesc"                           -         12       12 2.400000e+01   1.304553e-04     0.000 (     0      0)     0.000 (     3      0)
"i:PIO:pio_inq_varndims_file_vid"                             -         12       12 2.400000e+01   1.212728e-04     0.000 (    10      0)     0.000 (     5      0)
"i:PIO:pio_inq_vardimid_file_vdesc"                           -         12       12 2.400000e+01   2.618896e-04     0.000 (     1      0)     0.000 (    10      0)
"i:PIO:pio_inq_vardimid_file_vid"                             -         12       12 2.400000e+01   2.535240e-04     0.000 (     3      0)     0.000 (    10      0)
"i:PIO:pio_inq_dimlen_file_dimid"                             -         12       12 7.200000e+01   1.598098e-04     0.000 (    11      0)     0.000 (     0      0)
"i:PIO:pio_inq_dimlen_file_dimid_offlen"                      -         12       12 7.200000e+01   1.421518e-04     0.000 (    11      0)     0.000 (     0      0)
"i:PIO:pio_inq_vartype_file_vdesc"                            -         12       12 2.400000e+01   1.122003e-04     0.000 (     2      0)     0.000 (     9      0)
"i:PIO:pio_inq_vartype_file_vid"                              -         12       12 2.400000e+01   1.044117e-04     0.000 (    10      0)     0.000 (     6      0)
"i:PIO:read_darray_1d_real"                                   -         12       12 2.400000e+01   5.364211e-03     0.000 (     9      0)     0.000 (     1      0)
"i:PIO:PIOc_read_darray"                                      -         12       12 2.400000e+01   5.316984e-03     0.000 (     9      0)     0.000 (     1      0)
"i:PIO:read_darray_nc"                                        -         12       12 2.400000e+01   5.704519e-04     0.000 (     6      0)     0.000 (     9      0)
"i:PIO:rearrange_io2comp"                                     -         12       12 2.400000e+01   4.259720e-03     0.000 (     9      0)     0.000 (     0      0)
"i:PIO:pio_swapm"                                             -         12       12 2.400000e+01   3.938575e-03     0.000 (     9      0)     0.000 (     0      0)
"i:cice_pice_readLBUB_UB_setup"                               -         12       12 1.200000e+01   3.366827e-05     0.000 (     0      0)     0.000 (     8      0)
"i:cice_pice_readLBUB_UB_readpio"                             -         12       12 1.200000e+01   2.519319e-03     0.000 (     4      0)     0.000 (     0      0)
"i:cice_pice_readLBUB_filemgt"                                -         12       12 1.728000e+03   4.479728e-04     0.000 (     4      0)     0.000 (     6      0)
"i:cice_pice_strd_adv_map"                                    -         12       12 1.200000e+01   2.548340e-03     0.000 (     2      0)     0.000 (     6      0)
"i:cice_pice_strd_adv_tint"                                   -         12       12 1.728000e+03   2.829929e-02     0.002 (     5      0)     0.002 (     2      0)
"i:cice_run_initflux"                                         -         12       12 1.728000e+03   3.866145e-02     0.003 (     5      0)     0.003 (     8      0)
"i:cice_run_prepradiation"                                    -         12       12 1.728000e+03   2.935181e-02     0.004 (     9      0)     0.002 (     2      0)
"i:cice_run_therm1"                                           -         12       12 1.728000e+03   1.022878e+00     0.155 (     9      0)     0.066 (     5      0)
"i:cice_run_dyn"                                              -         12       12 1.728000e+03   1.373685e-04     0.000 (     9      0)     0.000 (    11      0)
"i:cice_run_radiation"                                        -         12       12 1.728000e+03   7.937717e-01     0.201 (     9      0)     0.038 (     3      0)
"i:cice_step_radiationib"                                     -         12       12 1.728000e+03   7.318487e-01     0.196 (     9      0)     0.032 (     1      0)
"i:cice_step_rib_swdedd1"                                     -         12       12 1.728000e+03   6.964893e-02     0.007 (     5      0)     0.005 (     1      0)
"i:cice_step_rib_swdedd2"                                     -         12       12 1.728000e+03   3.888201e-02     0.004 (     9      0)     0.003 (     2      0)
"i:cice_step_rib_swdedd7"                                     -         12       12 1.728000e+03   5.820486e-01     0.183 (     9      0)     0.021 (     0      0)
"i:cice_run_couplingprep"                                     -         12       12 1.728000e+03   1.008821e+00     0.217 (    10      0)     0.036 (     2      0)
"i:ice_HaloUpdate2DR8"                                        -         12       12 1.728000e+03   6.059203e-01     0.185 (    10      0)     0.002 (     2      0)
"i:ice_HU2DR8_init"                                           -         12       12 1.728000e+03   1.668078e-03     0.000 (     0      0)     0.000 (    10      0)
"i:cice_run_diag"                                             -         12       12 1.728000e+03   1.428867e-01     0.016 (     2      0)     0.003 (     8      0)
"i:cice_run_hist"                                             -         12       12 1.728000e+03   4.506405e-01     0.039 (     5      0)     0.036 (     8      0)
"i:cice_run_accum"                                            -         12       12 1.728000e+03   1.537511e-02     0.001 (     9      0)     0.001 (     0      0)
"i:cice_run_export"                                           -         12       12 1.728000e+03   2.407568e-01     0.021 (     9      0)     0.019 (     6      0)
"CPL:LND_RUN"                                                 -         12       12 1.728000e+03   1.317041e+02    12.040 (     0      0)    10.005 (     8      0)
"l:lc_lnd_import"                                             -         12       12 1.728000e+03   2.770764e-01     0.029 (    11      0)     0.020 (     0      0)
"l:elm_run"                                                   -         12       12 1.740000e+03   1.310303e+02    11.987 (     0      0)     9.950 (     8      0)
"l:shr_orb_decl"                                              -         12       12 1.740000e+03   1.987735e-03     0.000 (     5      0)     0.000 (     0      0)
"l:decomp_vert"                                               -         12       12 1.740000e+03   9.958401e-03     0.001 (     4      0)     0.001 (     7      0)
"l:beggridwbal"                                               -         12       12 1.740000e+03   9.226540e-01     0.082 (     0      0)     0.074 (     8      0)
"l:cnpinit"                                                   -         12       12 1.740000e+03   1.620313e-03     0.000 (    10      0)     0.000 (     8      0)
"l:cnpvegsumm"                                                -         12       12 1.740000e+03   2.169669e-04     0.000 (     4      0)     0.000 (     8      0)
"l:dyn_subgrid"                                               -         12       12 1.740000e+03   6.014617e+00     0.547 (     0      0)     0.465 (     8      0)
"l:begwbal"                                                   -         12       12 1.740000e+03   2.012896e-01     0.019 (     2      0)     0.014 (     8      0)
"l:begcnpbal"                                                 -         12       12 1.740000e+03   4.833415e-04     0.000 (     5      0)     0.000 (     8      0)
"l:drvinit"                                                   -         12       12 1.740000e+03   4.801958e-01     0.044 (     2      0)     0.036 (     8      0)
"l:canhydro"                                                  -         12       12 1.740000e+03   1.011284e+00     0.092 (     0      0)     0.077 (     8      0)
"l:surfrad"                                                   -         12       12 1.740000e+03   1.502096e+00     0.132 (     0      0)     0.120 (     8      0)
"l:bgp1"                                                      -         12       12 1.740000e+03   1.377857e+00     0.133 (     0      0)     0.101 (     8      0)
"l:bgflux"                                                    -         12       12 1.740000e+03   8.995602e-01     0.086 (     5      0)     0.070 (    10      0)
"l:canflux"                                                   -         12       12 1.740000e+03   3.551502e+01     3.263 (     0      0)     2.492 (     8      0)
"l:can_iter"                                                  -         12       12 1.740000e+03   2.962998e+01     2.743 (     0      0)     2.039 (     8      0)
"l:uflux"                                                     -         12       12 1.740000e+03   1.661143e+00     0.179 (     0      0)     0.115 (     8      0)
"l:bgplake"                                                   -         12       12 1.740000e+03   4.302593e+00     0.403 (     1      0)     0.302 (     8      0)
"l:bgc"                                                       -         12       12 1.740000e+03   3.024356e+00     0.289 (     0      0)     0.217 (     8      0)
"l:soiltemperature"                                           -         12       12 1.740000e+03   3.094887e+01     2.851 (     0      0)     2.368 (     5      0)
"l:SoilThermProp"                                             -         12       12 1.740000e+03   2.197601e+00     0.215 (     0      0)     0.160 (     5      0)
"l:SoilTempBandDiag"                                          -         12       12 3.480000e+03   5.234973e+00     0.541 (     0      0)     0.362 (     4      0)
"l:PhaseChangeH2osfc"                                         -         12       12 1.740000e+03   2.932387e-02     0.003 (     3      0)     0.002 (     8      0)
"l:PhaseChangebeta"                                           -         12       12 1.740000e+03   1.106479e+00     0.110 (     0      0)     0.082 (     8      0)
"l:bgp2"                                                      -         12       12 1.740000e+03   1.514879e+00     0.142 (     0      0)     0.114 (     8      0)
"l:bgp2_loop_1"                                               -         12       12 1.740000e+03   2.799265e-01     0.026 (     0      0)     0.022 (     8      0)
"l:bgp2_loop_2"                                               -         12       12 1.740000e+03   4.443269e-01     0.042 (     0      0)     0.034 (     8      0)
"l:bgp2_loop_3"                                               -         12       12 1.740000e+03   6.203514e-01     0.059 (     0      0)     0.045 (     8      0)
"l:bgp2_loop_4"                                               -         12       12 1.740000e+03   1.607352e-01     0.015 (     0      0)     0.012 (     8      0)
"l:patch2col"                                                 -         12       12 1.740000e+03   9.247099e-01     0.086 (     0      0)     0.070 (     8      0)
"l:hydro without drainage"                                    -         12       12 1.740000e+03   1.336874e+01     1.318 (     0      0)     0.974 (     5      0)
"l:hylake"                                                    -         12       12 1.740000e+03   8.260345e-01     0.074 (     1      0)     0.064 (     3      0)
"l:snow_init"                                                 -         12       12 1.740000e+03   7.485614e-02     0.008 (     5      0)     0.004 (     0      0)
"l:ecosysdyn"                                                 -         12       12 1.740000e+03   2.383181e-01     0.021 (     0      0)     0.019 (     4      0)
"l:depvel"                                                    -         12       12 3.480000e+03   1.779246e-03     0.000 (     5      0)     0.000 (     9      0)
"l:hydro2 drainage"                                           -         12       12 1.740000e+03   1.065087e+00     0.103 (     0      0)     0.079 (     4      0)
"l:balchk"                                                    -         12       12 1.740000e+03   7.771969e-01     0.068 (     0      0)     0.062 (     5      0)
"l:gridbalchk"                                                -         12       12 1.740000e+03   4.333405e-01     0.038 (     0      0)     0.035 (     4      0)
"l:lnd2atm"                                                   -         12       12 1.740000e+03   3.502398e+00     0.309 (     0      0)     0.281 (     8      0)
"l:wrtdiag"                                                   -         12       12 1.740000e+03   2.316276e-02     0.005 (     0      0)     0.001 (     9      0)
"l:hbuf"                                                      -         12       12 1.740000e+03   1.314845e+01     1.181 (     0      0)     1.043 (     5      0)
"l:elm_drv_io"                                                -         12       12 1.740000e+03   5.366744e-03     0.001 (     5      0)     0.000 (    11      0)
"l:elm_drv_io_htapes"                                         -         12       12 1.740000e+03   4.463351e-03     0.001 (     5      0)     0.000 (     2      0)
"l:lc_lnd_export"                                             -         12       12 1.740000e+03   8.645552e-02     0.008 (     8      0)     0.007 (    11      0)
"l:lc_elm2_adv_timestep"                                      -         12       12 1.740000e+03   1.255974e-03     0.000 (     8      0)     0.000 (     0      0)
"l:accum"                                                     -         12       12 1.728000e+03   1.906343e+00     0.162 (     1      0)     0.156 (    10      0)
"CPL:ATMOCNP"                                                 -         12       12 1.728000e+03   1.353962e+00     0.139 (     5      0)     0.089 (     1      0)
"CPL:atmocnp_fluxo"                                           -         12       12 1.728000e+03   1.171996e+00     0.125 (     5      0)     0.074 (     1      0)
"CPL:atmocnp_ocnalb"                                          -         12       12 1.728000e+03   1.772705e-01     0.016 (     3      0)     0.014 (     5      0)
"CPL:L2C"                                                     -         12       12 1.728000e+03   6.176705e-01     0.074 (    10      0)     0.021 (     2      0)
"CPL:l2c_lndl2lndx"                                           -         12       12 1.728000e+03   6.106425e-01     0.074 (    10      0)     0.021 (     2      0)
"lnd2cpl_run"                                                 -         12       12 1.728000e+03   4.413885e-03     0.000 (     9      0)     0.000 (     2      0)
"CPL:LNDPOST"                                                 -         12       12 1.728000e+03   1.625551e-03     0.000 (     3      0)     0.000 (     2      0)
"CPL:I2C"                                                     -         12       12 1.728000e+03   1.674364e-01     0.014 (    10      0)     0.014 (     7      0)
"CPL:i2c_icei2icex"                                           -         12       12 1.728000e+03   1.626647e-01     0.014 (     0      0)     0.013 (     7      0)
"CPL:i2c_infoexch"                                            -         12       12 1.728000e+03   2.342503e-03     0.000 (    11      0)     0.000 (     5      0)
"CPL:ICEPOST"                                                 -         12       12 1.728000e+03   1.217108e-04     0.000 (     5      0)     0.000 (     7      0)
"CPL:FRACSET"                                                 -         12       12 1.728000e+03   1.958057e-01     0.022 (     6      0)     0.014 (    10      0)
"CPL:fracset_fracset"                                         -         12       12 1.728000e+03   1.950235e-01     0.022 (     6      0)     0.014 (    10      0)
"CPL:ATMPREP"                                                 -         12       12 1.728000e+03   2.810940e+00     0.287 (     6      0)     0.181 (     0      0)
"CPL:atmprep_xao2atm"                                         -         12       12 1.728000e+03   5.362385e-01     0.055 (     6      0)     0.034 (     0      0)
"CPL:atmprep_ocn2atm"                                         -         12       12 1.728000e+03   3.797332e-01     0.039 (     4      0)     0.022 (     0      0)
"CPL:atmprep_alb2atm"                                         -         12       12 1.728000e+03   1.770577e-01     0.025 (     9      0)     0.009 (    10      0)
"CPL:atmprep_ice2atm"                                         -         12       12 1.728000e+03   6.754731e-01     0.069 (    10      0)     0.043 (     9      0)
"CPL:atmprep_lnd2atm"                                         -         12       12 1.728000e+03   5.146118e-01     0.053 (     9      0)     0.025 (     0      0)
"CPL:atmprep_mrgx2a"                                          -         12       12 1.728000e+03   5.175565e-01     0.076 (     6      0)     0.036 (     5      0)
"CPL:C2A"                                                     -         12       12 1.728000e+03   9.924551e-01     0.137 (     0      0)     0.024 (     6      0)
"CPL:c2a_atmx2atmg"                                           -         12       12 1.728000e+03   4.626379e-01     0.079 (    11      0)     0.015 (     3      0)
"CPL:c2a_infoexch"                                            -         12       12 1.728000e+03   5.271460e-01     0.089 (     0      0)     0.001 (     6      0)
"CPL:ATM_RUN"                                                 -         12       12 1.728000e+03   8.272491e+02    69.664 (    10      0)    67.851 (     0      0)
"a:EAMxx::run"                                                -         12       12 1.728000e+03   8.267175e+02    69.621 (    10      0)    67.806 (     0      0)
"a:EAMxx::EAMxx::run"                                         -         12       12 1.728000e+03   8.263763e+02    69.593 (    10      0)    67.761 (     0      0)
"a:EAMxx::EAMxx::run-precondition-checks"                     -         12       12 1.728000e+03   7.388975e-04     0.000 (     9      0)     0.000 (     7      0)
"a:EAMxx::SurfaceCouplingImporter::run"                       -         12       12 1.728000e+03   1.249790e+00     0.106 (     9      0)     0.102 (     6      0)
"a:EAMxx::SurfaceCouplingImporter::run-precondition-checks"   -         12       12 1.728000e+03   3.162848e-04     0.000 (     5      0)     0.000 (    10      0)
"a:EAMxx::SurfaceCouplingImporter::run-postcondition-checks"  -         12       12 1.728000e+03   1.054341e+00     0.089 (     9      0)     0.086 (     6      0)
"a:EAMxx::homme::run"                                         -         12       12 1.728000e+03   4.223647e+02    35.230 (    11      0)    35.149 (     2      0)
"a:EAMxx::homme::run-precondition-checks"                     -         12       12 1.728000e+03   2.909685e-04     0.000 (     9      0)     0.000 (     4      0)
"a:tl-sc prim_run_subcycle_c"                                 -         12       12 1.728000e+03   4.065080e+02    33.891 (     5      0)    33.864 (     2      0)
"a:tl-s prim_step_flexible"                                   -         12       12 1.728000e+03   4.065014e+02    33.891 (     5      0)    33.864 (     2      0)
"a:ApplyCAMForcing_tracers"                                   -         12       12 1.728000e+03   1.894054e+00     0.160 (     9      0)     0.155 (     6      0)
"a:tl-s deep_copy+derived_dp"                                 -         12       12 1.728000e+03   1.680293e-01     0.014 (     8      0)     0.014 (     5      0)
"a:ApplyCAMForcing_dynamics"                                  -         12       12 5.184000e+03   6.858300e-01     0.059 (    10      0)     0.055 (     4      0)
"a:tl-ae prim_advance_exp"                                    -         12       12 1.036800e+04   3.361716e+02    28.065 (     2      0)    27.961 (     0      0)
"a:ttype9_imex_timestep"                                      -         12       12 1.036800e+04   2.954237e+02    24.765 (    10      0)    24.460 (    11      0)
"a:caar compute"                                              -         12       12 1.036800e+05   8.772165e+01     7.498 (     5      0)     7.119 (     6      0)
"a:caar_bexchV"                                               -         12       12 5.184000e+04   4.292430e+01     3.943 (     3      0)     3.299 (     8      0)
"a:caar limiter"                                              -         12       12 6.220800e+04   3.914309e+01     3.507 (    10      0)     3.071 (    11      0)
"a:compute_stage_value_dirk"                                  -         12       12 5.184000e+04   1.237161e+02    10.601 (     8      0)    10.056 (    11      0)
"a:tl-ae advance_hypervis_dp"                                 -         12       12 1.036800e+04   4.040361e+01     3.485 (    11      0)     3.218 (    10      0)
"a:hvf-bhwk"                                                  -         12       12 1.036800e+04   2.484646e+01     2.168 (    11      0)     1.962 (    10      0)
"a:hvf-bexch"                                                 -         12       12 3.110400e+04   1.625833e+01     1.468 (    11      0)     1.230 (    10      0)
"a:tl-sc vertical_remap"                                      -         12       12 5.184000e+03   2.472194e+01     2.119 (     0      0)     1.999 (     2      0)
"a:Remap Thickness Functor"                                   -         12       12 5.184000e+03   7.476586e-01     0.064 (     5      0)     0.061 (     6      0)
"a:Remap Scale States Functor"                                -         12       12 5.184000e+03   3.004446e-01     0.026 (    10      0)     0.024 (     6      0)
"a:Remap Compute Grids Functor"                               -         12       12 5.184000e+03   1.754516e+00     0.152 (     0      0)     0.140 (     6      0)
"a:Remap Compute Remap Functor"                               -         12       12 5.184000e+03   1.722757e+01     1.486 (     0      0)     1.378 (     2      0)
"a:Remap Rescale States Functor"                              -         12       12 5.184000e+03   5.326375e-01     0.051 (     5      0)     0.039 (     4      0)
"a:tl-at prim_advec_tracers_compose"                          -         12       12 1.728000e+03   3.884920e+01     3.260 (     6      0)     3.220 (     0      0)
"a:compose_transport"                                         -         12       12 1.728000e+03   3.882560e+01     3.258 (     6      0)     3.218 (     0      0)
"a:compose_calc_trajectory"                                   -         12       12 1.728000e+03   5.314039e+00     0.461 (     6      0)     0.431 (     0      0)
"a:compose_3d_levels"                                         -         12       12 1.728000e+03   3.411505e+00     0.291 (     0      0)     0.277 (     6      0)
"a:compose_v_bexchv"                                          -         12       12 1.728000e+03   1.652336e+00     0.164 (     6      0)     0.119 (     0      0)
"a:compose_v2x"                                               -         12       12 1.728000e+03   2.429843e-01     0.021 (     0      0)     0.020 (     2      0)
"a:compose_isl"                                               -         12       12 1.728000e+03   1.812466e+01     1.591 (     0      0)     1.416 (     3      0)
"a:compose_hypervis_scalar"                                   -         12       12 1.728000e+03   8.504617e+00     0.812 (     3      0)     0.618 (     0      0)
"a:compose_cedr_global"                                       -         12       12 1.728000e+03   3.561777e+00     0.304 (     0      0)     0.285 (    10      0)
"a:repro_sum_int"                                             -         12       12 1.728000e+03   1.391559e+00     0.126 (     6      0)     0.096 (    10      0)
"a:compose_cedr_local"                                        -         12       12 1.728000e+03   1.305646e+00     0.115 (     5      0)     0.106 (     7      0)
"a:compose_dss_q"                                             -         12       12 1.728000e+03   2.002525e+00     0.177 (    10      0)     0.156 (     2      0)
"a:compose_vertical_remap"                                    -         12       12 1.728000e+03   3.931986e+00     0.338 (     5      0)     0.312 (     2      0)
"a:EAMxx::homme::run-postcondition-checks"                    -         12       12 1.728000e+03   2.041006e+00     0.176 (    11      0)     0.163 (     6      0)
"a:EAMxx::physics::run"                                       -         12       12 1.728000e+03   4.011291e+02    34.128 (    10      0)    32.329 (     0      0)
"a:EAMxx::physics::run-precondition-checks"                   -         12       12 1.728000e+03   4.773586e-04     0.000 (     2      0)     0.000 (     4      0)
"a:EAMxx::mac_aero_mic::run"                                  -         12       12 1.728000e+03   3.374208e+02    28.751 (    10      0)    27.042 (     0      0)
"a:EAMxx::mac_aero_mic::run-precondition-checks"              -         12       12 1.728000e+03   2.915845e-04     0.000 (     5      0)     0.000 (     0      0)
"a:EAMxx::tms::run"                                           -         12       12 2.073600e+04   2.634217e+00     0.224 (     5      0)     0.209 (     0      0)
"a:EAMxx::tms::run-precondition-checks"                       -         12       12 2.073600e+04   5.982523e-03     0.001 (    11      0)     0.000 (     8      0)
"a:EAMxx::tms::run-postcondition-checks"                      -         12       12 2.073600e+04   1.730589e+00     0.149 (     8      0)     0.136 (     0      0)
"a:EAMxx::shoc::run"                                          -         12       12 2.073600e+04   1.016149e+02     8.692 (    10      0)     8.326 (     2      0)
"a:EAMxx::shoc::run-precondition-checks"                      -         12       12 2.073600e+04   3.530910e-03     0.000 (     5      0)     0.000 (     3      0)
"a:EAMxx::shoc::preprocess"                                   -         12       12 2.073600e+04   3.733458e-01     0.033 (    10      0)     0.030 (     0      0)
"a:EAMxx::shoc::shoc_main"                                    -         12       12 2.073600e+04   2.956281e+01     2.571 (    10      0)     2.407 (     0      0)
"a:EAMxx::shoc::postprocess"                                  -         12       12 2.073600e+04   1.102979e+01     0.951 (    10      0)     0.901 (     2      0)
"a:EAMxx::shoc::run-postcondition-checks"                     -         12       12 2.073600e+04   4.592569e+01     3.883 (     1      0)     3.766 (     8      0)
"a:EAMxx::cld_fraction::run"                                  -         12       12 2.073600e+04   7.880608e+00     0.676 (     9      0)     0.644 (     8      0)
"a:EAMxx::cld_fraction::run-precondition-checks"              -         12       12 2.073600e+04   6.847617e-03     0.001 (     5      0)     0.001 (     8      0)
"a:EAMxx::cld_fraction::run-postcondition-checks"             -         12       12 2.073600e+04   7.018372e+00     0.602 (     9      0)     0.574 (     8      0)
"a:EAMxx::spa::run"                                           -         12       12 2.073600e+04   4.376606e+01     3.815 (     0      0)     3.577 (     6      0)
"a:EAMxx::spa::run-precondition-checks"                       -         12       12 2.073600e+04   4.051817e-03     0.000 (     9      0)     0.000 (     6      0)
"a:EAMxx::spa::run-postcondition-checks"                      -         12       12 2.073600e+04   2.743879e+01     2.387 (     0      0)     2.240 (     6      0)
"a:EAMxx::p3::run"                                            -         12       12 2.073600e+04   1.812736e+02    15.670 (     7      0)    14.004 (     0      0)
"a:EAMxx::p3::run-precondition-checks"                        -         12       12 2.073600e+04   2.365999e+00     0.200 (    11      0)     0.194 (     6      0)
"a:EAMxx::p3::run-postcondition-checks"                       -         12       12 2.073600e+04   5.236555e+01     4.638 (    10      0)     4.198 (     0      0)
"a:EAMxx::mac_aero_mic::run-postcondition-checks"             -         12       12 1.728000e+03   5.166400e-04     0.000 (     2      0)     0.000 (    11      0)
"a:EAMxx::rrtmgp::run"                                        -         12       12 1.728000e+03   6.364054e+01     5.616 (     8      0)     5.168 (     6      0)
"a:EAMxx::rrtmgp::run-precondition-checks"                    -         12       12 1.728000e+03   1.069661e-01     0.009 (     3      0)     0.009 (     0      0)
"a:EAMxx::rrtmgp::run-postcondition-checks"                   -         12       12 1.728000e+03   3.495195e+00     0.301 (     8      0)     0.283 (     1      0)
"a:EAMxx::physics::run-postcondition-checks"                  -         12       12 1.728000e+03   3.419415e-04     0.000 (     6      0)     0.000 (     9      0)
"a:EAMxx::SurfaceCouplingExporter::run"                       -         12       12 1.728000e+03   1.492950e+00     0.128 (     1      0)     0.123 (     8      0)
"a:EAMxx::SurfaceCouplingExporter::run-precondition-checks"   -         12       12 1.728000e+03   6.369262e-04     0.000 (     4      0)     0.000 (     8      0)
"a:EAMxx::SurfaceCouplingExporter::run-postcondition-checks"  -         12       12 1.728000e+03   7.321933e-04     0.000 (     5      0)     0.000 (     9      0)
"a:EAMxx::EAMxx::run-postcondition-checks"                    -         12       12 1.728000e+03   3.080209e-04     0.000 (    10      0)     0.000 (     1      0)
"a:EAMxx::IO::restart"                                        -         12       12 1.728000e+03   9.714122e-03     0.001 (    11      0)     0.001 (     8      0)
"a:EAMxx::IO::model_restart"                                  -         12       12 1.728000e+03   8.049393e-03     0.001 (    11      0)     0.001 (     5      0)
"a:EAMxx::IO::restart::get_new_file"                          -         12       12 1.728000e+03   2.669472e-04     0.000 (     3      0)     0.000 (     4      0)
"a:EAMxx::IO::restart::run_output_streams"                    -         12       12 1.728000e+03   3.040983e-03     0.000 (     0      0)     0.000 (     5      0)
"a:EAMxx::IO::standard"                                       -         12       12 1.728000e+03   3.885831e-03     0.000 (     8      0)     0.000 (     6      0)
"a:EAMxx::IO::nooutput.yaml"                                  -         12       12 1.728000e+03   2.907247e-03     0.000 (     3      0)     0.000 (     6      0)
"a:EAMxx::IO::standard::get_new_file"                         -         12       12 1.728000e+03   1.411071e-04     0.000 (     7      0)     0.000 (     6      0)
"a:EAMxx::IO::standard::run_output_streams"                   -         12       12 1.728000e+03   2.814109e-04     0.000 (     0      0)     0.000 (    10      0)
"CPL:A2C"                                                     -         12       12 1.728000e+03   1.760760e+01     2.210 (     6      0)     0.866 (     1      0)
"CPL:a2c_atma2atmx"                                           -         12       12 1.728000e+03   1.471632e+01     1.885 (     4      0)     0.589 (     3      0)
"CPL:a2c_infoexch"                                            -         12       12 1.728000e+03   2.886267e+00     0.547 (     3      0)     0.002 (     0      0)
"CPL:ATMPOST"                                                 -         12       12 1.728000e+03   7.740993e-04     0.000 (     5      0)     0.000 (     6      0)
"CPL:HISTORY"                                                 -         12       12 1.728000e+03   4.288051e-03     0.000 (     0      0)     0.000 (     2      0)
"CPL:cime_run_write_history"                                  -         12       12 1.728000e+03   3.315412e-03     0.000 (     0      0)     0.000 (     8      0)
"CPL:TSTAMP_WRITE"                                            -         12       12 1.728000e+03   2.580483e-02     0.012 (     0      0)     0.000 (     5      0)
"CPL:TPROF_WRITE"                                             -         12       12 1.728000e+03   2.570203e+00     0.223 (     1      0)     0.211 (     0      0)
"CPL:C2O_INITWAIT"                                            -         12       12 1.716000e+03   2.401304e+00     0.930 (     0      0)     0.003 (     6      0)
"l:interpMonthlyVeg"                                          -         12       12 1.716000e+03   3.203872e-01     0.028 (     6      0)     0.025 (     7      0)
"l:readMonthlyVeg"                                            -         12       12 1.200000e+01   3.188848e-01     0.027 (     6      0)     0.025 (     7      0)
"l:PIO:openfile"                                              -         12       12 1.200000e+01   6.321973e-02     0.009 (     2      0)     0.001 (     5      0)
"l:PIO:pio_inq_varid_file_vdesc"                              -         12       12 9.600000e+01   2.834001e-02     0.005 (     4      0)     0.000 (     0      0)
"l:PIO:pio_inq_varid_file_vid"                                -         12       12 9.600000e+01   2.830665e-02     0.005 (     4      0)     0.000 (     0      0)
"l:PIO:pio_inq_varndims_file_vdesc"                           -         12       12 9.600000e+01   5.084928e-04     0.000 (    11      0)     0.000 (     6      0)
"l:PIO:pio_inq_varndims_file_vid"                             -         12       12 9.600000e+01   4.839641e-04     0.000 (    11      0)     0.000 (     6      0)
"l:PIO:pio_inq_vardimid_file_vdesc"                           -         12       12 9.600000e+01   8.649286e-04     0.000 (     7      0)     0.000 (     1      0)
"l:PIO:pio_inq_vardimid_file_vid"                             -         12       12 9.600000e+01   8.434577e-04     0.000 (    10      0)     0.000 (     0      0)
"l:PIO:pio_inq_dimname_file_dimid"                            -         12       12 8.160000e+02   2.183742e-03     0.000 (     5      0)     0.000 (     6      0)
"l:PIO:pio_inq_dimlen_file_dimid"                             -         12       12 1.920000e+02   4.730298e-04     0.000 (    10      0)     0.000 (     6      0)
"l:PIO:pio_inq_dimlen_file_dimid_offlen"                      -         12       12 1.920000e+02   4.331018e-04     0.000 (    10      0)     0.000 (     6      0)
"l:PIO:pio_inquire_file"                                      -         12       12 3.600000e+02   8.242050e-04     0.000 (    10      0)     0.000 (     0      0)
"l:PIO:pio_inq_ndims_file"                                    -         12       12 3.600000e+02   7.618741e-04     0.000 (    10      0)     0.000 (     0      0)
"l:PIO:initdecomp"                                            -         12       12 1.200000e+01   1.569274e-02     0.001 (     6      0)     0.001 (     8      0)
"l:PIO:PIOc_initdecomp"                                       -         12       12 1.200000e+01   1.526526e-02     0.001 (     6      0)     0.001 (     9      0)
"l:PIO:box_rearrange_create"                                  -         12       12 1.200000e+01   1.465112e-02     0.001 (     6      0)     0.001 (     5      0)
"l:PIO:pio_swapm"                                             -         12       12 1.320000e+02   1.353329e-01     0.014 (     9      0)     0.008 (     6      0)
"l:PIO:read_darray_3d_double"                                 -         12       12 9.600000e+01   1.480846e-01     0.015 (     0      0)     0.010 (     4      0)
"l:PIO:PIOc_read_darray"                                      -         12       12 9.600000e+01   1.479132e-01     0.015 (     0      0)     0.010 (     4      0)
"l:PIO:read_darray_nc"                                        -         12       12 9.600000e+01   1.233598e-02     0.007 (     6      0)     0.000 (    10      0)
"l:PIO:rearrange_io2comp"                                     -         12       12 9.600000e+01   1.338356e-01     0.014 (     9      0)     0.008 (     6      0)
"l:PIO:closefile"                                             -         12       12 1.200000e+01   8.446487e-04     0.000 (     0      0)     0.000 (    11      0)
"l:PIO:PIOc_closefile"                                        -         12       12 1.200000e+01   8.330803e-04     0.000 (     0      0)     0.000 (    11      0)
"l:surfalb"                                                   -         12       12 1.716000e+03   6.516447e+00     0.560 (     5      0)     0.521 (     0      0)
"l:urbsurfalb"                                                -         12       12 1.716000e+03   1.301557e+00     0.110 (     0      0)     0.106 (     3      0)
"CPL:OCNT_RUN"                                                -         12       12 1.716000e+03   2.818989e-01     0.038 (     0      0)     0.021 (     9      0)
"o:DOCN_RUN"                                                  -         12       12 1.716000e+03   2.089599e-01     0.020 (     5      0)     0.016 (     9      0)
"o:docn_run1"                                                 -         12       12 1.716000e+03   1.592589e-03     0.000 (     6      0)     0.000 (    11      0)
"o:docn"                                                      -         12       12 1.716000e+03   2.027830e-01     0.019 (     5      0)     0.016 (     9      0)
"o:docn_strdata_advance"                                      -         12       12 1.716000e+03   4.025419e-02     0.004 (     5      0)     0.003 (     3      0)
"o:docn_strd_adv_total"                                       -         12       12 1.716000e+03   3.789321e-02     0.004 (     5      0)     0.003 (     3      0)
"o:docn_strd_adv_readLBUB"                                    -         12       12 1.716000e+03   4.828291e-03     0.001 (     5      0)     0.000 (     1      0)
"o:docn_readLBUB_setup"                                       -         12       12 1.716000e+03   5.603251e-04     0.000 (     4      0)     0.000 (     1      0)
"o:docn_readLBUB_filemgt"                                     -         12       12 1.716000e+03   3.459401e-04     0.000 (     5      0)     0.000 (     2      0)
"o:docn_strd_adv_tint"                                        -         12       12 1.716000e+03   2.162780e-02     0.002 (     5      0)     0.002 (     3      0)
"o:docn_scatter"                                              -         12       12 1.716000e+03   8.017081e-02     0.008 (     5      0)     0.006 (     0      0)
"o:docn_datamode"                                             -         12       12 1.716000e+03   1.477901e-02     0.001 (     5      0)     0.001 (     2      0)
"o:docn_run2"                                                 -         12       12 1.716000e+03   1.121142e-03     0.001 (     0      0)     0.000 (    10      0)
"CPL:O2CT"                                                    -         12       12 1.716000e+03   1.312120e+01     1.958 (     5      0)     0.009 (     0      0)
"CPL:o2c_ocno2ocnx"                                           -         12       12 1.716000e+03   7.178631e-02     0.007 (     0      0)     0.006 (    11      0)
"CPL:o2c_infoexch"                                            -         12       12 1.716000e+03   1.304628e+01     1.952 (     5      0)     0.002 (     0      0)
"CPL:OCNPOSTT"                                                -         12       12 1.716000e+03   1.028871e-03     0.000 (     0      0)     0.000 (     2      0)
"CPL:RUN_LOOP_sync1_tprf"                                     -         12       12 3.600000e+01   4.193919e-02     0.012 (     1      0)     0.000 (     0      0)
"CPL:RUN_LOOP_t_prf"                                          -         12       12 3.600000e+01   3.246179e-01     0.211 (     0      0)     0.001 (     5      0)
"CPL:RUN_LOOP_sync2_tprf"                                     -         12       12 3.600000e+01   2.202719e+00     0.210 (     5      0)     0.000 (     0      0)
"CPL:RUN_LOOP_BSTOP"                                          -         12       12 1.200000e+01   1.067845e-04     0.000 (     5      0)     0.000 (     0      0)
"CPL:FINAL"                                                   -         12       12 1.200000e+01   1.898345e+00     0.159 (     0      0)     0.158 (     9      0)
"CPL:cime_final"                                              -         12       12 1.200000e+01   1.898325e+00     0.159 (     0      0)     0.158 (     9      0)
"o_f:DOCN_FINAL"                                              -         12       12 1.200000e+01   1.565421e-05     0.000 (     0      0)     0.000 (    10      0)
"a_f:EAMxx::finalize"                                         y         12       12 1.200000e+01   1.693106e+00     0.144 (     3      0)     0.135 (     7      0)
"a_f:PIO:PIOc_sync"                                           -         12       12 1.200000e+01   3.632064e-04     0.000 (     0      0)     0.000 (     7      0)
"a_f:PIO:write_total"                                         -         12       12 2.400000e+01   6.933655e-04     0.000 (     0      0)     0.000 (     7      0)
"a_f:PIO:flush_output_buffer"                                 -          2        2 4.000000e+00   2.411816e-04     0.000 (     0      0)     0.000 (     6      0)
"a_f:PIO:PIOc_closefile"                                      -         12       12 2.400000e+01   1.047404e-02     0.009 (     6      0)     0.000 (     8      0)
"a_f:PIO:PIOc_closefile_write_mode"                           -         12       12 1.200000e+01   3.477651e-04     0.000 (     0      0)     0.000 (     8      0)
"a_f:PIO:PIOc_freedecomp"                                     -         12       12 1.200000e+02   3.217832e-03     0.001 (     0      0)     0.000 (     8      0)
"PIO:finalize"                                                -         12       12 1.200000e+02   8.474721e-02     0.013 (     7      0)     0.004 (     5      0)
"PIO:PIOc_finalize"                                           -         12       12 1.200000e+02   8.326380e-02     0.013 (     7      0)     0.004 (     5      0)
"CPL:FINAL_sync1_tprf"                                        -         12       12 1.200000e+01   1.411720e-02     0.001 (     8      0)     0.000 (     0      0)
"CPL:FINAL_t_prf"                                             y          0        0 0.000000e+00   0.000000e+00     0.000 (     0      0)     0.000 (     0      0)

