
***** GLOBAL STATISTICS (    24 MPI TASKS) *****

$Id: gptl.c,v 1.157 2011-03-28 20:55:18 rosinski Exp $
'count' is cumulative. All other stats are max/min
'on' indicates whether the timer was active during output, and so stats are lower or upper bounds.

name                                                         on  processes  threads        count      walltotal   wallmax (proc   thrd  )   wallmin (proc   thrd  )
"CPL:INIT"                                                    -         24       24 2.400000e+01   3.982159e+02    16.989 (    13      0)    16.196 (     4      0)
"CPL:cime_pre_init1"                                          -         24       24 2.400000e+01   2.960726e+01     1.630 (    13      0)     0.837 (    10      0)
"CPL:mpi_init"                                                -         24       24 2.400000e+01   2.808090e+01     1.566 (    15      0)     0.774 (     0      0)
"CPL:ESMF_Initialize"                                         -         24       24 2.400000e+01   3.401212e-03     0.000 (     4      0)     0.000 (    19      0)
"CPL:cime_pre_init2"                                          -         24       24 2.400000e+01   2.976409e+00     0.124 (    13      0)     0.124 (    11      0)
"CPL:seq_infodata_init"                                       -         24       24 2.400000e+01   1.640945e-01     0.012 (     8      0)     0.002 (    16      0)
"CPL:seq_timemgr_clockInit"                                   -         24       24 2.400000e+01   8.539246e-02     0.004 (     3      0)     0.003 (    17      0)
"CPL:cime_init"                                               -         24       24 2.400000e+01   3.656284e+02    15.235 (     8      0)    15.234 (    17      0)
"CPL:init_comps"                                              -         24       24 2.400000e+01   3.653599e+02    15.224 (     8      0)    15.223 (    12      0)
"CPL:comp_init_pre_all"                                       -         24       24 2.400000e+01   1.330897e-03     0.000 (     0      0)     0.000 (     2      0)
"CPL:comp_init_cc_atm"                                        -         24       24 2.400000e+01   3.177045e+02    13.238 (     8      0)    13.238 (    20      0)
"a_i:comp_init"                                               -         24       24 4.800000e+01   3.176612e+02    13.237 (     0      0)    13.236 (    21      0)
"a_i:EAMxx::init"                                             -         24       24 1.680000e+02   3.169489e+02    13.212 (     7      0)    13.198 (     0      0)
"a_i:EAMxx::create_output_managers"                           -         24       24 2.400000e+01   3.194144e-01     0.027 (    20      0)     0.000 (     9      0)
"a_i:EAMxx::create_atm_processes"                             -         24       24 2.400000e+01   6.924623e-01     0.046 (     8      0)     0.013 (    20      0)
"a_i:EAMxx::create_grids"                                     -         24       24 2.400000e+01   2.294739e+01     0.959 (    10      0)     0.953 (    18      0)
"a_i:EAMxx::build_grids"                                      -         24       24 2.400000e+01   1.460670e+01     0.609 (     9      0)     0.608 (    18      0)
"a_i:PartitioningTime"                                        -         24       24 2.400000e+01   6.745584e-06     0.000 (    11      0)     0.000 (    15      0)
"a_i:repro_sum_int"                                           -         24       24 2.400000e+01   1.358310e-02     0.001 (     6      0)     0.000 (    18      0)
"a_i:PIO:spio_get_att_tc"                                     -         24       24 2.352000e+03   7.044208e-02     0.003 (    14      0)     0.003 (     0      0)
"a_i:PIO:spio_get_vars_tc"                                    -         24       24 4.800000e+02   5.788705e+00     0.247 (     2      0)     0.236 (    14      0)
"a_i:PIO:PIOc_closefile"                                      -         24       24 2.880000e+02   3.156464e-02     0.014 (     0      0)     0.000 (    22      0)
"a_i:EAMxx::SurfaceCouplingImporter::set_grids"               -         24       24 2.400000e+01   7.853894e-03     0.000 (    10      0)     0.000 (     7      0)
"a_i:EAMxx::homme::set_grids"                                 -         24       24 2.400000e+01   3.019120e+00     0.127 (    18      0)     0.124 (     8      0)
"a_i:EAMxx::physics::set_grids"                               -         24       24 2.400000e+01   4.910458e+00     0.206 (    19      0)     0.203 (     6      0)
"a_i:EAMxx::mac_aero_mic::set_grids"                          -         24       24 2.400000e+01   1.563813e+00     0.067 (    19      0)     0.063 (     6      0)
"a_i:EAMxx::tms::set_grids"                                   -         24       24 2.400000e+01   2.320284e-02     0.001 (     9      0)     0.001 (    21      0)
"a_i:EAMxx::shoc::set_grids"                                  -         24       24 2.400000e+01   2.198417e-02     0.001 (    14      0)     0.000 (    20      0)
"a_i:EAMxx::cld_fraction::set_grids"                          -         24       24 2.400000e+01   5.290677e-03     0.000 (    10      0)     0.000 (    18      0)
"a_i:EAMxx::spa::set_grids"                                   -         24       24 2.400000e+01   1.423790e+00     0.062 (    19      0)     0.057 (     6      0)
"a_i:EAMxx::p3::set_grids"                                    -         24       24 2.400000e+01   8.794536e-02     0.004 (    15      0)     0.003 (     0      0)
"a_i:EAMxx::rrtmgp::set_grids"                                -         24       24 2.400000e+01   3.344872e+00     0.140 (    12      0)     0.139 (    20      0)
"a_i:EAMxx::SurfaceCouplingExporter::set_grids"               -         24       24 2.400000e+01   3.100417e-01     0.014 (    10      0)     0.012 (     2      0)
"a_i:EAMxx::create_fields"                                    -         24       24 2.400000e+01   3.742003e+00     0.159 (    17      0)     0.150 (     2      0)
"a_i:EAMxx::initialize_fields"                                -         24       24 2.400000e+01   1.953965e+01     0.820 (    15      0)     0.807 (    21      0)
"a_i:PIO:PIOc_initdecomp"                                     -         24       24 2.400000e+02   8.188707e+00     0.343 (     6      0)     0.340 (    12      0)
"a_i:PIO:box_rearrange_create"                                -         24       24 2.400000e+02   7.944672e+00     0.331 (     6      0)     0.330 (    13      0)
"a_i:PIO:pio_swapm"                                           -         24       24 1.272000e+03   4.000892e+01     1.959 (     7      0)     0.340 (    12      0)
"a_i:PIO:PIOc_read_darray"                                    -         24       24 5.520000e+02   4.493773e+01     1.879 (    19      0)     1.867 (    22      0)
"a_i:PIO:read_darray_nc"                                      -         24       24 5.520000e+02   2.905587e+00     1.530 (    12      0)     0.000 (     5      0)
"a_i:PIO:rearrange_io2comp"                                   -         24       24 5.520000e+02   3.805870e+01     1.852 (     7      0)     0.295 (    12      0)
"a_i:EAMxx::initialize_atm_procs"                             -         24       24 2.400000e+01   2.656680e+02    11.078 (    21      0)    11.064 (     0      0)
"a_i:EAMxx::SurfaceCouplingImporter::init"                    -         24       24 2.400000e+01   5.475897e-03     0.000 (     0      0)     0.000 (    23      0)
"a_i:EAMxx::homme::init"                                      -         24       24 2.400000e+01   1.949897e+02     8.132 (    22      0)     8.119 (    16      0)
"a_i:compose_init"                                            -         24       24 2.400000e+01   3.575474e-01     0.023 (    20      0)     0.010 (    15      0)
"a_i:sl_init1"                                                -         24       24 2.400000e+01   2.184000e+01     0.936 (    14      0)     0.874 (     2      0)
"a_i:EAMxx::tms::init"                                        -         24       24 2.400000e+01   2.456680e-04     0.000 (     0      0)     0.000 (    11      0)
"a_i:EAMxx::shoc::init"                                       -         24       24 2.400000e+01   2.126690e-01     0.011 (    14      0)     0.006 (    11      0)
"a_i:EAMxx::cld_fraction::init"                               -         24       24 2.400000e+01   5.806595e-04     0.000 (     0      0)     0.000 (     9      0)
"a_i:EAMxx::spa::init"                                        -         24       24 2.400000e+01   4.092160e+01     1.708 (     0      0)     1.702 (    15      0)
"a_i:EAMxx::p3::init"                                         -         24       24 2.400000e+01   4.176347e+00     0.176 (    19      0)     0.173 (    21      0)
"a_i:EAMxx::rrtmgp::init"                                     -         24       24 2.400000e+01   2.510880e+01     1.048 (    20      0)     1.044 (     3      0)
"a_i:EAMxx::SurfaceCouplingExporter::init"                    -         24       24 2.400000e+01   1.778167e-01     0.011 (    13      0)     0.006 (    11      0)
"a_i:EAMxx::initialize_output_managers"                       -         24       24 2.400000e+01   4.039666e+00     0.169 (    12      0)     0.168 (     4      0)
"a_i:EAMxx::IO::standard"                                     -         24       24 2.400000e+01   3.470408e+00     0.148 (     6      0)     0.141 (    21      0)
"a_i:EAMxx::IO::nooutput.yaml"                                -         24       24 2.400000e+01   3.470378e+00     0.148 (     6      0)     0.141 (    21      0)
"a_i:EAMxx::IO::standard::get_new_file"                       -         24       24 2.400000e+01   3.466605e+00     0.148 (    10      0)     0.141 (    21      0)
"a_i:PIO:PIOc_createfile"                                     -         24       24 2.400000e+01   3.375151e+00     0.144 (    10      0)     0.137 (    21      0)
"a_i:PIO:write_total"                                         -         24       24 7.920000e+02   3.381674e+00     0.144 (    12      0)     0.137 (    21      0)
"a_i:PIO:spio_put_att_tc"                                     -         24       24 7.200000e+02   4.407755e-03     0.003 (    12      0)     0.000 (     9      0)
"a_i:PIO:spio_put_vars_tc"                                    -         24       24 2.400000e+01   1.487343e-03     0.000 (     0      0)     0.000 (     5      0)
"a_i:PIO:flush_output_buffer"                                 -          2        2 4.000000e+00   6.442306e-04     0.000 (    12      0)     0.000 (     0      0)
"a_i:EAMxx::IO::standard::run_output_streams"                 -         24       24 2.400000e+01   2.688830e-06     0.000 (     8      0)     0.000 (    19      0)
"a_i:EAMxx::IO::standard::update_snapshot_tally"              -         24       24 2.400000e+01   3.696533e-03     0.001 (     0      0)     0.000 (    23      0)
"a_i:PIO:PIOc_sync"                                           -         24       24 2.400000e+01   6.454215e-04     0.000 (     0      0)     0.000 (    18      0)
"CPL:comp_init_cc_lnd"                                        -         24       24 2.400000e+01   3.738744e+01     1.558 (    23      0)     1.557 (     6      0)
"l_i:comp_init"                                               -         24       24 2.400000e+01   3.736352e+01     1.558 (    14      0)     1.556 (    10      0)
"l_i:elm_init1"                                               -         24       24 2.400000e+01   2.623216e+01     1.094 (    11      0)     1.090 (     0      0)
"l_i:PIO:openfile"                                            -         24       24 5.280000e+02   7.383234e+00     0.344 (    12      0)     0.281 (     5      0)
"l_i:PIO:pio_inq_dimid_file_dimid"                            -         24       24 1.272000e+03   2.331881e-02     0.001 (    13      0)     0.001 (     0      0)
"l_i:PIO:pio_inq_dimlen_file_dimid"                           -         24       24 3.192000e+03   4.643085e-02     0.002 (    12      0)     0.002 (     9      0)
"l_i:PIO:pio_inq_dimlen_file_dimid_offlen"                    -         24       24 3.192000e+03   4.584125e-02     0.002 (    12      0)     0.002 (     9      0)
"l_i:PIO:pio_inq_varid_file_vdesc"                            -         24       24 6.672000e+03   2.082785e-01     0.012 (    13      0)     0.004 (     0      0)
"l_i:PIO:pio_inq_varid_file_vid"                              -         24       24 6.672000e+03   2.021076e-01     0.012 (    14      0)     0.004 (     0      0)
"l_i:PIO:get_var_1d_int"                                      -         24       24 1.440000e+02   5.099234e-01     0.021 (    14      0)     0.021 (     4      0)
"l_i:PIO:spio_get_vars_tc"                                    -         24       24 4.224000e+03   1.384222e+00     0.059 (    16      0)     0.056 (     0      0)
"l_i:PIO:closefile"                                           -         24       24 4.560000e+02   3.586272e-02     0.015 (     0      0)     0.001 (     9      0)
"l_i:PIO:PIOc_closefile"                                      -         24       24 4.560000e+02   3.554562e-02     0.015 (     0      0)     0.001 (     9      0)
"l_i:PIO:pio_inq_varndims_file_vdesc"                         -         24       24 1.440000e+03   5.633760e-02     0.003 (    14      0)     0.002 (    10      0)
"l_i:PIO:pio_inq_varndims_file_vid"                           -         24       24 1.440000e+03   5.599930e-02     0.003 (    14      0)     0.002 (    10      0)
"l_i:PIO:pio_inq_vardimid_file_vdesc"                         -         24       24 1.440000e+03   1.027271e-01     0.005 (    12      0)     0.004 (    11      0)
"l_i:PIO:pio_inq_vardimid_file_vid"                           -         24       24 1.440000e+03   1.024156e-01     0.005 (    23      0)     0.004 (    11      0)
"l_i:PIO:pio_inq_dimname_file_dimid"                          -         24       24 5.856000e+03   1.277584e-01     0.006 (    16      0)     0.005 (     7      0)
"l_i:PIO:initdecomp"                                          -         24       24 2.400000e+02   1.803578e-01     0.008 (     9      0)     0.007 (    22      0)
"l_i:PIO:PIOc_initdecomp"                                     -         24       24 2.400000e+02   1.794121e-01     0.008 (     9      0)     0.007 (    22      0)
"l_i:PIO:box_rearrange_create"                                -         24       24 2.400000e+02   1.619023e-01     0.007 (     5      0)     0.007 (    12      0)
"l_i:PIO:pio_swapm"                                           -         24       24 2.160000e+03   1.594317e+01     0.718 (     3      0)     0.088 (    12      0)
"l_i:PIO:read_darray_1d_double"                               -         24       24 1.920000e+02   3.084661e+00     0.129 (     0      0)     0.128 (    13      0)
"l_i:PIO:PIOc_read_darray"                                    -         24       24 1.440000e+03   1.738314e+01     0.731 (     0      0)     0.718 (    13      0)
"l_i:PIO:read_darray_nc"                                      -         24       24 1.440000e+03   1.185321e+00     0.624 (    12      0)     0.000 (    21      0)
"l_i:PIO:rearrange_io2comp"                                   -         24       24 1.440000e+03   1.594006e+01     0.718 (    11      0)     0.088 (    12      0)
"l_i:PIO:pio_inquire_file"                                    -         24       24 2.208000e+03   3.447676e-02     0.002 (    22      0)     0.001 (     0      0)
"l_i:PIO:pio_inq_ndims_file"                                  -         24       24 2.208000e+03   3.263212e-02     0.002 (    18      0)     0.001 (     0      0)
"l_i:PIO:read_darray_1d_int"                                  -         24       24 4.800000e+01   6.203577e-01     0.026 (    12      0)     0.026 (    13      0)
"l_i:PIO:read_darray_3d_double"                               -         24       24 4.320000e+02   5.576456e+00     0.234 (     0      0)     0.231 (    13      0)
"l_i:PIO:read_darray_3d_int"                                  -         24       24 2.400000e+01   6.632234e-01     0.028 (     0      0)     0.028 (     4      0)
"l_i:PIO:read_darray_4d_double"                               -         24       24 3.360000e+02   4.591791e+00     0.193 (     0      0)     0.189 (    13      0)
"l_i:PIO:get_var_1d_text"                                     -         24       24 4.800000e+01   2.930061e-02     0.002 (    13      0)     0.001 (     2      0)
"l_i:PIO:get_var_1d_double"                                   -         24       24 3.384000e+03   8.178501e-01     0.039 (    12      0)     0.030 (     4      0)
"l_i:PIO:get_var_0d_double"                                   -         24       24 2.400000e+02   4.543436e-02     0.002 (    12      0)     0.001 (    11      0)
"l_i:PIO:read_darray_2d_double"                               -         24       24 3.120000e+02   2.671785e+00     0.113 (     0      0)     0.110 (    13      0)
"l_i:PIO:read_darray_2d_int"                                  -         24       24 9.600000e+01   1.767964e-01     0.008 (     0      0)     0.007 (    13      0)
"l_i:gather_1darray_int_total"                                -         24       24 1.200000e+02   7.054356e-02     0.004 (    23      0)     0.002 (     4      0)
"l_i:scatter_1darray_int_total"                               -         24       24 1.200000e+02   3.469422e-02     0.002 (     4      0)     0.001 (     0      0)
"l_i:init_filters"                                            -         24       24 2.400000e+01   3.347755e-02     0.002 (    14      0)     0.001 (     3      0)
"l_i:elm_init2"                                               -         24       24 2.400000e+01   1.095649e+01     0.457 (    14      0)     0.456 (    10      0)
"l_i:init_orbd"                                               -         24       24 2.400000e+01   8.711076e-04     0.000 (     5      0)     0.000 (     0      0)
"l_i:PIO:get_var_0d_int"                                      -         24       24 2.400000e+01   4.501411e-03     0.000 (    22      0)     0.000 (     5      0)
"l_i:PIO:get_var_2d_double"                                   -         24       24 2.880000e+02   6.580129e-01     0.028 (    14      0)     0.027 (     9      0)
"l_i:PIO:get_var_3d_double"                                   -         24       24 9.600000e+01   3.582617e-02     0.002 (    14      0)     0.001 (     0      0)
"l_i:init_accflds"                                            -         24       24 2.400000e+01   8.023030e-03     0.000 (     0      0)     0.000 (     6      0)
"l_i:init_dyn_subgrid"                                        -         24       24 2.400000e+01   1.897316e-02     0.001 (    14      0)     0.001 (     0      0)
"l_i:init_map2gc"                                             -         24       24 2.400000e+01   8.268002e-03     0.000 (    14      0)     0.000 (    17      0)
"l_i:init_elm_interface_data & pflotran"                      -         24       24 2.400000e+01   3.179812e-06     0.000 (    23      0)     0.000 (     5      0)
"l_i:init_wlog"                                               -         24       24 2.400000e+01   2.169484e-05     0.000 (     0      0)     0.000 (    23      0)
"l_i:elm_init3"                                               -         24       24 2.400000e+01   3.376127e-05     0.000 (    22      0)     0.000 (    11      0)
"CPL:comp_init_cc_rof"                                        -         24       24 2.400000e+01   1.872567e-02     0.001 (    21      0)     0.001 (     9      0)
"r_i:comp_init"                                               -         24       24 2.400000e+01   1.791378e-03     0.000 (     3      0)     0.000 (    20      0)
"CPL:comp_init_cc_ocn"                                        -         24       24 2.400000e+01   6.969437e+00     0.291 (     5      0)     0.290 (    21      0)
"o_i:comp_init"                                               -         24       24 2.400000e+01   6.950728e+00     0.290 (    11      0)     0.289 (    22      0)
"o_i:docn_readnml"                                            -         24       24 2.400000e+01   2.692967e+00     0.113 (     8      0)     0.108 (     0      0)
"o_i:DOCN_INIT"                                               -         24       24 2.400000e+01   4.218421e+00     0.176 (     7      0)     0.176 (    22      0)
"o_i:docn_strdata_init"                                       -         24       24 2.400000e+01   3.574625e+00     0.150 (     0      0)     0.148 (    12      0)
"o_i:PIO:initdecomp"                                          -         24       24 7.200000e+01   5.563953e-02     0.002 (    12      0)     0.002 (     0      0)
"o_i:PIO:PIOc_initdecomp"                                     -         24       24 7.200000e+01   5.544290e-02     0.002 (    13      0)     0.002 (     0      0)
"o_i:PIO:box_rearrange_create"                                -         24       24 7.200000e+01   4.706111e-02     0.002 (     2      0)     0.002 (    14      0)
"o_i:PIO:pio_swapm"                                           -         24       24 2.640000e+02   1.555834e-01     0.009 (    16      0)     0.001 (    12      0)
"o_i:docn_initgsmaps"                                         -         24       24 2.400000e+01   5.156730e-04     0.000 (    17      0)     0.000 (     2      0)
"o_i:docn_initmctdom"                                         -         24       24 2.400000e+01   2.181707e-03     0.000 (    10      0)     0.000 (    14      0)
"o_i:docn_initmctavs"                                         -         24       24 2.400000e+01   3.600460e-03     0.000 (    12      0)     0.000 (     0      0)
"o_i:DOCN_RUN"                                                -         24       24 2.400000e+01   6.372082e-01     0.027 (    12      0)     0.026 (     8      0)
"o_i:docn_run1"                                               -         24       24 2.400000e+01   2.200381e-05     0.000 (     0      0)     0.000 (    14      0)
"o_i:docn"                                                    -         24       24 2.400000e+01   6.371390e-01     0.027 (    12      0)     0.026 (     8      0)
"o_i:docn_strdata_advance"                                    -         24       24 2.400000e+01   6.349290e-01     0.027 (    17      0)     0.026 (     8      0)
"o_i:docn_strd_adv_total"                                     -         24       24 2.400000e+01   6.348501e-01     0.027 (    17      0)     0.026 (     8      0)
"o_i:docn_strd_adv_readLBUB"                                  -         24       24 2.400000e+01   5.725573e-01     0.027 (    12      0)     0.021 (     1      0)
"o_i:docn_readLBUB_setup"                                     -         24       24 2.400000e+01   6.605053e-05     0.000 (     5      0)     0.000 (    22      0)
"o_i:docn_readLBUB_fbound"                                    -         24       24 2.400000e+01   6.793022e-03     0.007 (     0      0)     0.000 (    21      0)
"o_i:docn_readLBUB_bcast"                                     -         24       24 2.400000e+01   1.745913e-01     0.008 (    12      0)     0.000 (     0      0)
"o_i:docn_readLBUB_LB_setup"                                  -         24       24 2.400000e+01   2.514565e-05     0.000 (     0      0)     0.000 (    18      0)
"o_i:docn_readLBUB_LB_readpio"                                -         24       24 2.400000e+01   2.908102e-01     0.014 (    17      0)     0.010 (     3      0)
"o_i:PIO:openfile"                                            -         24       24 2.400000e+01   2.068911e-01     0.009 (    12      0)     0.009 (     1      0)
"o_i:PIO:pio_inq_varid_file_vdesc"                            -         24       24 9.600000e+01   1.697091e-03     0.000 (    23      0)     0.000 (     0      0)
"o_i:PIO:pio_inq_varid_file_vid"                              -         24       24 9.600000e+01   1.662333e-03     0.000 (    23      0)     0.000 (     0      0)
"o_i:PIO:pio_inq_varndims_file_vdesc"                         -         24       24 4.800000e+01   1.599782e-03     0.000 (    15      0)     0.000 (     2      0)
"o_i:PIO:pio_inq_varndims_file_vid"                           -         24       24 4.800000e+01   1.578684e-03     0.000 (    17      0)     0.000 (     2      0)
"o_i:PIO:pio_inq_vardimid_file_vdesc"                         -         24       24 4.800000e+01   3.320475e-03     0.000 (    19      0)     0.000 (     0      0)
"o_i:PIO:pio_inq_vardimid_file_vid"                           -         24       24 4.800000e+01   3.299595e-03     0.000 (    19      0)     0.000 (     7      0)
"o_i:PIO:pio_inq_dimlen_file_dimid"                           -         24       24 1.440000e+02   2.055425e-03     0.000 (    21      0)     0.000 (     6      0)
"o_i:PIO:pio_inq_dimlen_file_dimid_offlen"                    -         24       24 1.440000e+02   2.020911e-03     0.000 (    23      0)     0.000 (     6      0)
"o_i:PIO:pio_inq_vartype_file_vdesc"                          -         24       24 4.800000e+01   1.611197e-03     0.000 (    13      0)     0.000 (    10      0)
"o_i:PIO:pio_inq_vartype_file_vid"                            -         24       24 4.800000e+01   1.589903e-03     0.000 (    13      0)     0.000 (    10      0)
"o_i:PIO:read_darray_1d_real"                                 -         24       24 4.800000e+01   1.635718e-01     0.009 (    19      0)     0.005 (     4      0)
"o_i:PIO:PIOc_read_darray"                                    -         24       24 4.800000e+01   1.634573e-01     0.009 (    19      0)     0.005 (     4      0)
"o_i:PIO:read_darray_nc"                                      -         24       24 4.800000e+01   1.172334e-02     0.008 (    12      0)     0.000 (    13      0)
"o_i:PIO:rearrange_io2comp"                                   -         24       24 4.800000e+01   1.465841e-01     0.009 (    19      0)     0.001 (     0      0)
"o_i:docn_readLBUB_UB_setup"                                  -         24       24 2.400000e+01   4.067874e-05     0.000 (     0      0)     0.000 (     6      0)
"o_i:docn_readLBUB_UB_readpio"                                -         24       24 2.400000e+01   9.756178e-02     0.005 (    13      0)     0.004 (     0      0)
"o_i:docn_readLBUB_filemgt"                                   -         24       24 2.400000e+01   5.113703e-06     0.000 (     0      0)     0.000 (    21      0)
"o_i:docn_strd_adv_fill"                                      -         24       24 2.400000e+01   3.955661e-03     0.000 (    14      0)     0.000 (     0      0)
"o_i:docn_strd_adv_map"                                       -         24       24 2.400000e+01   5.696268e-02     0.004 (    11      0)     0.000 (    22      0)
"o_i:docn_strd_adv_tint"                                      -         24       24 2.400000e+01   6.610003e-04     0.000 (     3      0)     0.000 (    10      0)
"o_i:docn_scatter"                                            -         24       24 2.400000e+01   1.175316e-03     0.000 (    12      0)     0.000 (     1      0)
"o_i:docn_datamode"                                           -         24       24 2.400000e+01   5.760087e-04     0.000 (     9      0)     0.000 (    15      0)
"o_i:docn_run2"                                               -         24       24 2.400000e+01   6.529619e-06     0.000 (     0      0)     0.000 (    23      0)
"CPL:comp_init_cc_ice"                                        -         24       24 2.400000e+01   3.104537e+00     0.129 (    21      0)     0.129 (     0      0)
"i_i:comp_init"                                               -         24       24 2.400000e+01   3.081432e+00     0.129 (    11      0)     0.128 (     6      0)
"i_i:cice_init"                                               -         24       24 2.400000e+01   7.500348e-01     0.031 (    16      0)     0.031 (     5      0)
"i_i:ice_HaloUpdate2DR8"                                      -         24       24 9.600000e+01   4.292426e-03     0.001 (     0      0)     0.000 (     4      0)
"i_i:ice_HU2DR8_init"                                         -         24       24 9.600000e+01   3.606199e-05     0.000 (     7      0)     0.000 (    10      0)
"i_i:state_bound_h1"                                          -         24       24 2.400000e+01   3.559735e-03     0.000 (     0      0)     0.000 (     9      0)
"i_i:ice_HaloUpdate3DR8"                                      -         24       24 1.200000e+02   3.701529e-03     0.000 (     0      0)     0.000 (     9      0)
"i_i:ice_HU3DR8_init"                                         -         24       24 1.200000e+02   1.490512e-04     0.000 (     7      0)     0.000 (     5      0)
"i_i:ice_HU3DR8_recvall"                                      -         24       24 1.200000e+02   2.370505e-03     0.000 (     0      0)     0.000 (    21      0)
"i_i:state_bound_hm"                                          -         24       24 2.400000e+01   7.025529e-05     0.000 (    18      0)     0.000 (     5      0)
"i_i:state_bound_hc"                                          -         24       24 2.400000e+01   2.524229e-04     0.000 (    23      0)     0.000 (     4      0)
"i_i:state_bound_h2"                                          -         24       24 2.400000e+01   2.911107e-03     0.000 (    12      0)     0.000 (     5      0)
"i_i:ice_HaloUpdate4DR8"                                      -         24       24 2.400000e+01   2.084467e-03     0.000 (    12      0)     0.000 (     0      0)
"i_i:ice_HU4DR8_init"                                         -         24       24 2.400000e+01   2.847601e-04     0.000 (    12      0)     0.000 (     2      0)
"i_i:ice_HU4DR8_recvall"                                      -         24       24 2.400000e+01   4.358569e-05     0.000 (    19      0)     0.000 (    11      0)
"i_i:state_bound_hd"                                          -         24       24 2.400000e+01   1.241735e-05     0.000 (     3      0)     0.000 (     0      0)
"i_i:cice_mct_init"                                           -         24       24 2.400000e+01   2.306465e+00     0.096 (    11      0)     0.096 (     6      0)
"i_i:PIO:initdecomp"                                          -         24       24 7.200000e+01   5.475591e-02     0.002 (    12      0)     0.002 (     0      0)
"i_i:PIO:PIOc_initdecomp"                                     -         24       24 7.200000e+01   5.453426e-02     0.002 (    12      0)     0.002 (     0      0)
"i_i:PIO:box_rearrange_create"                                -         24       24 7.200000e+01   4.688844e-02     0.002 (     9      0)     0.002 (    15      0)
"i_i:PIO:pio_swapm"                                           -         24       24 2.160000e+02   2.053095e-02     0.001 (    23      0)     0.001 (    14      0)
"CPL:comp_init_cc_glc"                                        -         24       24 2.400000e+01   1.640830e-02     0.001 (    12      0)     0.001 (    10      0)
"g_i:comp_init"                                               -         24       24 2.400000e+01   2.343280e-05     0.000 (    22      0)     0.000 (    20      0)
"CPL:comp_init_cc_wav"                                        -         24       24 2.400000e+01   1.600219e-02     0.001 (    20      0)     0.001 (     0      0)
"w_i:comp_init"                                               -         24       24 2.400000e+01   9.785494e-06     0.000 (    10      0)     0.000 (    20      0)
"CPL:comp_init_cc_esp"                                        -         24       24 2.400000e+01   1.058697e-02     0.000 (    12      0)     0.000 (     3      0)
"e_i:comp_init"                                               -         24       24 2.400000e+01   1.769405e-05     0.000 (    15      0)     0.000 (     0      0)
"CPL:comp_init_cc_iac"                                        -         24       24 2.400000e+01   1.679718e-02     0.001 (    17      0)     0.001 (    11      0)
"z_i:comp_init"                                               -         24       24 2.400000e+01   1.029346e-05     0.000 (     7      0)     0.000 (     4      0)
"CPL:comp_init_cx_all"                                        -         24       24 2.400000e+01   1.137939e-01     0.005 (    11      0)     0.005 (    15      0)
"CPL:comp_list_all"                                           -         24       24 2.400000e+01   7.793288e-05     0.000 (     6      0)     0.000 (    14      0)
"CPL:init_maps"                                               -         24       24 2.400000e+01   2.955506e-02     0.001 (     3      0)     0.001 (    14      0)
"CPL:init_aream"                                              -         24       24 2.400000e+01   3.913917e-03     0.001 (    11      0)     0.000 (     0      0)
"CPL:init_domain_check"                                       -         24       24 2.400000e+01   3.616232e-02     0.002 (     6      0)     0.001 (    18      0)
"CPL:init_areacor"                                            -         24       24 2.400000e+01   6.318619e-02     0.003 (    10      0)     0.003 (     0      0)
"CPL:init_fracs"                                              -         24       24 2.400000e+01   2.355677e-02     0.001 (     0      0)     0.001 (    16      0)
"CPL:init_aoflux"                                             -         24       24 2.400000e+01   3.546782e-03     0.000 (    21      0)     0.000 (     0      0)
"CPL:init_atminit"                                            -         24       24 1.440000e+02   2.300728e-02     0.001 (    12      0)     0.001 (     1      0)
"CPL:comp_init_cc_atm2"                                       -         24       24 2.400000e+01   3.051482e-02     0.001 (    18      0)     0.001 (     4      0)
"CPL:init_readrestart"                                        -         24       24 2.400000e+01   3.462376e-03     0.000 (     5      0)     0.000 (    14      0)
"CPL:cime_run_init"                                           -         24       24 2.400000e+01   9.322922e-03     0.007 (     0      0)     0.000 (    13      0)
"CPL:INIT_sync1_tprf"                                         -         24       24 2.400000e+01   1.539498e-01     0.007 (     7      0)     0.000 (     0      0)
"CPL:INIT_t_prf"                                              -         24       24 2.400000e+01   1.687193e-01     0.124 (     0      0)     0.000 (     9      0)
"CPL:INIT_sync2_tprf"                                         -         24       24 2.400000e+01   2.796221e+00     0.123 (     9      0)     0.000 (     0      0)
"CPL:RUN_LOOP_BSTART"                                         -         24       24 2.400000e+01   1.658644e-04     0.000 (    21      0)     0.000 (     0      0)
"CPL:RUN_LOOP"                                                -         24       24 3.456000e+03   1.610215e+03    67.100 (    22      0)    67.076 (     3      0)
"CPL:CLOCK_ADVANCE"                                           -         24       24 3.456000e+03   3.698915e-01     0.017 (     0      0)     0.015 (     5      0)
"CPL:RUN"                                                     -         24       24 4.144800e+04   7.178386e+00     0.722 (    11      0)     0.222 (    22      0)
"CPL:OCNPRE1"                                                 -         24       24 3.456000e+03   1.691930e+00     0.483 (    11      0)     0.028 (    15      0)
"CPL:ocnpre1_atm2ocn"                                         -         24       24 3.456000e+03   1.688381e+00     0.483 (    11      0)     0.028 (    15      0)
"CPL:LNDPREP"                                                 -         24       24 3.456000e+03   2.485785e-01     0.014 (     8      0)     0.006 (     0      0)
"CPL:lndprep_atm2lnd"                                         -         24       24 3.456000e+03   1.681615e-01     0.011 (    20      0)     0.003 (     0      0)
"CPL:lndprep_mrgx2l"                                          -         24       24 3.456000e+03   7.368508e-02     0.005 (     2      0)     0.002 (     6      0)
"CPL:COMM"                                                    -         24       24 2.416800e+04   4.709021e+01     4.132 (    12      0)     0.651 (     1      0)
"CPL:C2L"                                                     -         24       24 3.456000e+03   1.076320e+00     0.049 (    23      0)     0.038 (     8      0)
"CPL:c2l_lndx2lndl"                                           -         24       24 3.456000e+03   7.842718e-01     0.038 (    22      0)     0.025 (    23      0)
"CPL:c2l_infoexch"                                            -         24       24 3.456000e+03   2.853088e-01     0.024 (    23      0)     0.003 (     7      0)
"CPL:ICEPREP"                                                 -         24       24 3.456000e+03   5.324841e-01     0.023 (     0      0)     0.022 (    23      0)
"CPL:iceprep_ocn2ice"                                         -         24       24 3.456000e+03   1.140477e-01     0.005 (    16      0)     0.005 (    14      0)
"CPL:iceprep_atm2ice"                                         -         24       24 3.456000e+03   1.630286e-01     0.007 (     2      0)     0.006 (    23      0)
"CPL:iceprep_mrgx2i"                                          -         24       24 3.456000e+03   2.381478e-01     0.010 (    17      0)     0.010 (    16      0)
"CPL:C2I"                                                     -         24       24 3.456000e+03   3.478005e-01     0.016 (    23      0)     0.013 (     0      0)
"CPL:c2i_icex2icei"                                           -         24       24 3.456000e+03   1.762096e-01     0.008 (    16      0)     0.007 (    22      0)
"CPL:ice_infoexch"                                            -         24       24 3.456000e+03   1.671255e-01     0.008 (    23      0)     0.006 (     0      0)
"CPL:ICE_RUN"                                                 -         24       24 3.456000e+03   7.886831e+00     0.417 (    20      0)     0.293 (    14      0)
"i:cice_run_total"                                            -         24       24 3.456000e+03   6.600388e+00     0.386 (    18      0)     0.231 (    14      0)
"i:cice_run_import"                                           -         24       24 3.456000e+03   6.839048e-01     0.030 (    12      0)     0.027 (    23      0)
"i:cice_imp_ocn"                                              -         24       24 3.456000e+03   7.659091e-02     0.003 (    18      0)     0.003 (    13      0)
"i:cice_imp_atm"                                              -         24       24 3.456000e+03   7.538799e-02     0.003 (    12      0)     0.003 (    20      0)
"i:cice_run_initmd"                                           -         24       24 3.456000e+03   7.580378e-01     0.036 (     4      0)     0.026 (    12      0)
"i:cice_run_presc"                                            -         24       24 3.456000e+03   1.402458e+00     0.059 (    19      0)     0.057 (    22      0)
"i:cice_pice_strd_adv_total"                                  -         24       24 3.456000e+03   6.833844e-01     0.029 (    18      0)     0.028 (     9      0)
"i:cice_pice_strd_adv_readLBUB"                               -         24       24 3.456000e+03   6.165917e-01     0.026 (    12      0)     0.026 (     1      0)
"i:cice_pice_readLBUB_setup"                                  -         24       24 3.456000e+03   1.177969e-03     0.000 (    18      0)     0.000 (    17      0)
"i:cice_pice_readLBUB_fbound"                                 -         24       24 2.400000e+01   3.705967e-03     0.004 (     0      0)     0.000 (     4      0)
"i:cice_pice_readLBUB_bcast"                                  -         24       24 2.400000e+01   8.598349e-02     0.004 (    19      0)     0.000 (     0      0)
"i:cice_pice_readLBUB_LB_setup"                               -         24       24 2.400000e+01   2.451664e-05     0.000 (     0      0)     0.000 (    15      0)
"i:cice_pice_readLBUB_LB_readpio"                             -         24       24 2.400000e+01   2.945897e-01     0.021 (    12      0)     0.004 (     0      0)
"i:PIO:openfile"                                              -         24       24 2.400000e+01   7.000890e-02     0.003 (    22      0)     0.003 (     0      0)
"i:PIO:pio_inq_varid_file_vdesc"                              -         24       24 9.600000e+01   1.741621e-03     0.000 (    15      0)     0.000 (     0      0)
"i:PIO:pio_inq_varid_file_vid"                                -         24       24 9.600000e+01   1.715572e-03     0.000 (    15      0)     0.000 (     0      0)
"i:PIO:pio_inq_varndims_file_vdesc"                           -         24       24 4.800000e+01   1.566041e-03     0.000 (    20      0)     0.000 (     4      0)
"i:PIO:pio_inq_varndims_file_vid"                             -         24       24 4.800000e+01   1.547347e-03     0.000 (    20      0)     0.000 (     7      0)
"i:PIO:pio_inq_vardimid_file_vdesc"                           -         24       24 4.800000e+01   3.305801e-03     0.000 (    13      0)     0.000 (     1      0)
"i:PIO:pio_inq_vardimid_file_vid"                             -         24       24 4.800000e+01   3.290420e-03     0.000 (    13      0)     0.000 (     1      0)
"i:PIO:pio_inq_dimlen_file_dimid"                             -         24       24 1.440000e+02   2.096510e-03     0.000 (    13      0)     0.000 (     6      0)
"i:PIO:pio_inq_dimlen_file_dimid_offlen"                      -         24       24 1.440000e+02   2.059844e-03     0.000 (    13      0)     0.000 (     8      0)
"i:PIO:pio_inq_vartype_file_vdesc"                            -         24       24 4.800000e+01   1.613563e-03     0.000 (    18      0)     0.000 (     3      0)
"i:PIO:pio_inq_vartype_file_vid"                              -         24       24 4.800000e+01   1.598274e-03     0.000 (    18      0)     0.000 (     3      0)
"i:PIO:read_darray_1d_real"                                   -         24       24 4.800000e+01   4.306151e-01     0.018 (    11      0)     0.018 (    13      0)
"i:PIO:PIOc_read_darray"                                      -         24       24 4.800000e+01   4.305282e-01     0.018 (    11      0)     0.018 (    13      0)
"i:PIO:read_darray_nc"                                        -         24       24 4.800000e+01   3.519924e-02     0.018 (     0      0)     0.000 (    13      0)
"i:PIO:rearrange_io2comp"                                     -         24       24 4.800000e+01   3.902898e-01     0.018 (    11      0)     0.000 (     0      0)
"i:PIO:pio_swapm"                                             -         24       24 4.800000e+01   3.897963e-01     0.018 (    11      0)     0.000 (     0      0)
"i:cice_pice_readLBUB_UB_setup"                               -         24       24 2.400000e+01   3.183928e-05     0.000 (     0      0)     0.000 (     9      0)
"i:cice_pice_readLBUB_UB_readpio"                             -         24       24 2.400000e+01   2.196105e-01     0.018 (     3      0)     0.001 (    12      0)
"i:cice_pice_readLBUB_filemgt"                                -         24       24 3.456000e+03   7.935177e-04     0.000 (     5      0)     0.000 (    20      0)
"i:cice_pice_strd_adv_map"                                    -         24       24 2.400000e+01   9.120312e-03     0.000 (    11      0)     0.000 (    22      0)
"i:cice_pice_strd_adv_tint"                                   -         24       24 3.456000e+03   4.029963e-02     0.002 (    13      0)     0.002 (    21      0)
"i:cice_run_initflux"                                         -         24       24 3.456000e+03   3.832200e-02     0.002 (    16      0)     0.002 (    10      0)
"i:cice_run_prepradiation"                                    -         24       24 3.456000e+03   2.855257e-02     0.002 (    18      0)     0.001 (     9      0)
"i:cice_run_therm1"                                           -         24       24 3.456000e+03   9.895722e-01     0.084 (    18      0)     0.031 (     5      0)
"i:cice_run_dyn"                                              -         24       24 3.456000e+03   2.965836e-04     0.000 (    19      0)     0.000 (     0      0)
"i:cice_run_radiation"                                        -         24       24 3.456000e+03   7.727380e-01     0.105 (    19      0)     0.018 (     2      0)
"i:cice_step_radiationib"                                     -         24       24 3.456000e+03   7.100462e-01     0.102 (    19      0)     0.015 (     2      0)
"i:cice_step_rib_swdedd1"                                     -         24       24 3.456000e+03   7.072624e-02     0.004 (    10      0)     0.002 (     7      0)
"i:cice_step_rib_swdedd2"                                     -         24       24 3.456000e+03   3.942741e-02     0.002 (    19      0)     0.001 (     8      0)
"i:cice_step_rib_swdedd7"                                     -         24       24 3.456000e+03   5.593966e-01     0.095 (    19      0)     0.009 (     1      0)
"i:cice_run_couplingprep"                                     -         24       24 3.456000e+03   8.422931e-01     0.139 (    20      0)     0.016 (     9      0)
"i:ice_HaloUpdate2DR8"                                        -         24       24 3.456000e+03   4.927798e-01     0.124 (    20      0)     0.002 (     9      0)
"i:ice_HU2DR8_init"                                           -         24       24 3.456000e+03   2.609570e-03     0.000 (     8      0)     0.000 (    14      0)
"i:cice_run_diag"                                             -         24       24 3.456000e+03   2.916565e-01     0.014 (     2      0)     0.006 (    18      0)
"i:cice_run_hist"                                             -         24       24 3.456000e+03   4.575643e-01     0.020 (    11      0)     0.018 (    22      0)
"i:cice_run_accum"                                            -         24       24 3.456000e+03   2.318222e-02     0.001 (    21      0)     0.001 (     9      0)
"i:cice_run_export"                                           -         24       24 3.456000e+03   2.479414e-01     0.011 (    17      0)     0.010 (     0      0)
"CPL:LND_RUN"                                                 -         24       24 3.456000e+03   1.333429e+02     6.047 (     1      0)     4.998 (    10      0)
"l:lc_lnd_import"                                             -         24       24 3.456000e+03   2.540007e-01     0.011 (     4      0)     0.010 (    15      0)
"l:elm_run"                                                   -         24       24 3.480000e+03   1.325772e+02     6.015 (     1      0)     4.965 (    10      0)
"l:shr_orb_decl"                                              -         24       24 3.480000e+03   3.705128e-03     0.000 (    17      0)     0.000 (    20      0)
"l:decomp_vert"                                               -         24       24 3.480000e+03   1.443269e-02     0.001 (    14      0)     0.001 (    17      0)
"l:beggridwbal"                                               -         24       24 3.480000e+03   9.577778e-01     0.043 (     5      0)     0.036 (    15      0)
"l:cnpinit"                                                   -         24       24 3.480000e+03   2.999564e-03     0.000 (     0      0)     0.000 (    15      0)
"l:cnpvegsumm"                                                -         24       24 3.480000e+03   4.845044e-04     0.000 (    13      0)     0.000 (    20      0)
"l:dyn_subgrid"                                               -         24       24 3.480000e+03   6.181370e+00     0.279 (     1      0)     0.240 (    10      0)
"l:begwbal"                                                   -         24       24 3.480000e+03   2.089946e-01     0.011 (     5      0)     0.007 (     9      0)
"l:begcnpbal"                                                 -         24       24 3.480000e+03   8.260269e-04     0.000 (    13      0)     0.000 (     1      0)
"l:drvinit"                                                   -         24       24 3.480000e+03   5.671147e-01     0.025 (     0      0)     0.022 (     9      0)
"l:canhydro"                                                  -         24       24 3.480000e+03   1.109634e+00     0.051 (     5      0)     0.040 (    16      0)
"l:surfrad"                                                   -         24       24 3.480000e+03   1.726060e+00     0.078 (    17      0)     0.064 (    16      0)
"l:bgp1"                                                      -         24       24 3.480000e+03   1.553399e+00     0.077 (     1      0)     0.055 (    16      0)
"l:bgflux"                                                    -         24       24 3.480000e+03   1.037129e+00     0.052 (    10      0)     0.037 (     8      0)
"l:canflux"                                                   -         24       24 3.480000e+03   3.725778e+01     1.771 (    14      0)     1.315 (    10      0)
"l:can_iter"                                                  -         24       24 3.480000e+03   3.041452e+01     1.465 (    14      0)     1.047 (    17      0)
"l:uflux"                                                     -         24       24 3.480000e+03   1.626673e+00     0.095 (     5      0)     0.050 (    10      0)
"l:bgplake"                                                   -         24       24 3.480000e+03   4.373519e+00     0.204 (     5      0)     0.152 (    16      0)
"l:bgc"                                                       -         24       24 3.480000e+03   3.003290e+00     0.146 (     1      0)     0.107 (    16      0)
"l:soiltemperature"                                           -         24       24 3.480000e+03   2.802651e+01     1.299 (     5      0)     1.051 (    10      0)
"l:SoilThermProp"                                             -         24       24 3.480000e+03   2.011017e+00     0.100 (     5      0)     0.071 (    10      0)
"l:SoilTempBandDiag"                                          -         24       24 6.960000e+03   4.937552e+00     0.281 (     5      0)     0.166 (     9      0)
"l:PhaseChangeH2osfc"                                         -         24       24 3.480000e+03   2.627146e-02     0.001 (     5      0)     0.001 (     9      0)
"l:PhaseChangebeta"                                           -         24       24 3.480000e+03   1.012121e+00     0.052 (     5      0)     0.036 (    16      0)
"l:bgp2"                                                      -         24       24 3.480000e+03   1.438633e+00     0.067 (     1      0)     0.052 (    16      0)
"l:bgp2_loop_1"                                               -         24       24 3.480000e+03   2.547244e-01     0.012 (     1      0)     0.009 (    10      0)
"l:bgp2_loop_2"                                               -         24       24 3.480000e+03   3.951255e-01     0.018 (     0      0)     0.014 (    16      0)
"l:bgp2_loop_3"                                               -         24       24 3.480000e+03   6.139867e-01     0.029 (     1      0)     0.022 (    10      0)
"l:bgp2_loop_4"                                               -         24       24 3.480000e+03   1.583912e-01     0.007 (     1      0)     0.006 (     9      0)
"l:patch2col"                                                 -         24       24 3.480000e+03   9.394789e-01     0.046 (     5      0)     0.035 (    16      0)
"l:hydro without drainage"                                    -         24       24 3.480000e+03   1.151203e+01     0.576 (     0      0)     0.399 (     9      0)
"l:hylake"                                                    -         24       24 3.480000e+03   8.755113e-01     0.068 (    11      0)     0.032 (    10      0)
"l:snow_init"                                                 -         24       24 3.480000e+03   7.236541e-02     0.004 (    10      0)     0.002 (     1      0)
"l:ecosysdyn"                                                 -         24       24 3.480000e+03   2.380736e-01     0.011 (     0      0)     0.009 (    15      0)
"l:depvel"                                                    -         24       24 6.960000e+03   3.050810e-03     0.000 (    15      0)     0.000 (    19      0)
"l:hydro2 drainage"                                           -         24       24 3.480000e+03   9.847615e-01     0.050 (     5      0)     0.035 (    10      0)
"l:balchk"                                                    -         24       24 3.480000e+03   7.981587e-01     0.035 (     1      0)     0.032 (     9      0)
"l:gridbalchk"                                                -         24       24 3.480000e+03   4.223511e-01     0.019 (     0      0)     0.016 (    15      0)
"l:lnd2atm"                                                   -         24       24 3.480000e+03   3.383482e+00     0.152 (     1      0)     0.132 (    15      0)
"l:wrtdiag"                                                   -         24       24 3.480000e+03   4.071856e-02     0.006 (     0      0)     0.001 (    14      0)
"l:hbuf"                                                      -         24       24 3.480000e+03   1.259624e+01     0.567 (     1      0)     0.488 (    10      0)
"l:elm_drv_io"                                                -         24       24 3.480000e+03   1.158141e-02     0.001 (    16      0)     0.000 (    12      0)
"l:elm_drv_io_htapes"                                         -         24       24 3.480000e+03   9.288122e-03     0.001 (    16      0)     0.000 (    14      0)
"l:lc_lnd_export"                                             -         24       24 3.480000e+03   9.391006e-02     0.004 (    16      0)     0.004 (    11      0)
"l:lc_elm2_adv_timestep"                                      -         24       24 3.480000e+03   2.350367e-03     0.000 (     9      0)     0.000 (     0      0)
"l:accum"                                                     -         24       24 3.456000e+03   1.920028e+00     0.082 (     0      0)     0.078 (    11      0)
"CPL:ATMOCNP"                                                 -         24       24 3.456000e+03   1.357875e+00     0.069 (    16      0)     0.032 (     7      0)
"CPL:atmocnp_fluxo"                                           -         24       24 3.456000e+03   1.174754e+00     0.061 (    16      0)     0.023 (     7      0)
"CPL:atmocnp_ocnalb"                                          -         24       24 3.456000e+03   1.752265e-01     0.008 (     7      0)     0.007 (     9      0)
"CPL:L2C"                                                     -         24       24 3.456000e+03   3.941100e+00     0.210 (     7      0)     0.084 (     6      0)
"CPL:l2c_lndl2lndx"                                           -         24       24 3.456000e+03   3.928269e+00     0.209 (     7      0)     0.083 (     6      0)
"lnd2cpl_run"                                                 -         24       24 3.456000e+03   7.941522e-03     0.000 (     5      0)     0.000 (     1      0)
"CPL:LNDPOST"                                                 -         24       24 3.456000e+03   2.751133e-03     0.000 (     8      0)     0.000 (    23      0)
"CPL:I2C"                                                     -         24       24 3.456000e+03   1.906847e-01     0.009 (     4      0)     0.008 (    21      0)
"CPL:i2c_icei2icex"                                           -         24       24 3.456000e+03   1.817333e-01     0.008 (     4      0)     0.007 (     9      0)
"CPL:i2c_infoexch"                                            -         24       24 3.456000e+03   3.725294e-03     0.000 (    20      0)     0.000 (    12      0)
"CPL:ICEPOST"                                                 -         24       24 3.456000e+03   2.359628e-04     0.000 (    23      0)     0.000 (    21      0)
"CPL:FRACSET"                                                 -         24       24 3.456000e+03   4.091708e-01     0.088 (     6      0)     0.008 (    14      0)
"CPL:fracset_fracset"                                         -         24       24 3.456000e+03   4.079329e-01     0.088 (     6      0)     0.008 (    14      0)
"CPL:ATMPREP"                                                 -         24       24 3.456000e+03   2.850755e+00     0.158 (    10      0)     0.097 (     1      0)
"CPL:atmprep_xao2atm"                                         -         24       24 3.456000e+03   5.014473e-01     0.029 (    12      0)     0.017 (     1      0)
"CPL:atmprep_ocn2atm"                                         -         24       24 3.456000e+03   5.638587e-01     0.079 (    10      0)     0.014 (     3      0)
"CPL:atmprep_alb2atm"                                         -         24       24 3.456000e+03   1.411816e-01     0.009 (     3      0)     0.004 (     5      0)
"CPL:atmprep_ice2atm"                                         -         24       24 3.456000e+03   5.372395e-01     0.029 (    14      0)     0.020 (     9      0)
"CPL:atmprep_lnd2atm"                                         -         24       24 3.456000e+03   6.224537e-01     0.039 (    11      0)     0.013 (     5      0)
"CPL:atmprep_mrgx2a"                                          -         24       24 3.456000e+03   4.686461e-01     0.026 (    20      0)     0.010 (    14      0)
"CPL:C2A"                                                     -         24       24 3.456000e+03   9.319015e-01     0.057 (     5      0)     0.021 (    11      0)
"CPL:c2a_atmx2atmg"                                           -         24       24 3.456000e+03   5.217334e-01     0.036 (     5      0)     0.013 (    12      0)
"CPL:c2a_infoexch"                                            -         24       24 3.456000e+03   4.059223e-01     0.022 (     2      0)     0.007 (    11      0)
"CPL:ATM_RUN"                                                 -         24       24 3.456000e+03   1.400055e+03    59.374 (    13      0)    56.613 (    12      0)
"a:EAMxx::run"                                                -         24       24 3.456000e+03   1.399435e+03    59.349 (    13      0)    56.586 (    12      0)
"a:EAMxx::EAMxx::run"                                         -         24       24 3.456000e+03   1.398773e+03    59.322 (    13      0)    56.559 (    12      0)
"a:EAMxx::EAMxx::run-precondition-checks"                     -         24       24 3.456000e+03   1.625171e-03     0.000 (     0      0)     0.000 (    19      0)
"a:EAMxx::SurfaceCouplingImporter::run"                       -         24       24 3.456000e+03   2.800093e+00     0.122 (    19      0)     0.111 (     2      0)
"a:EAMxx::SurfaceCouplingImporter::run-precondition-checks"   -         24       24 3.456000e+03   6.027507e-04     0.000 (    11      0)     0.000 (    18      0)
"a:EAMxx::SurfaceCouplingImporter::run-postcondition-checks"  -         24       24 3.456000e+03   2.484204e+00     0.109 (    19      0)     0.098 (     2      0)
"a:EAMxx::homme::run"                                         -         24       24 3.456000e+03   7.526933e+02    31.394 (    13      0)    31.332 (     3      0)
"a:EAMxx::homme::run-precondition-checks"                     -         24       24 3.456000e+03   6.044027e-04     0.000 (    17      0)     0.000 (     8      0)
"a:tl-sc prim_run_subcycle_c"                                 -         24       24 3.456000e+03   7.301824e+02    30.459 (     4      0)    30.390 (    13      0)
"a:tl-s prim_step_flexible"                                   -         24       24 3.456000e+03   7.301682e+02    30.458 (     4      0)    30.389 (    13      0)
"a:ApplyCAMForcing_tracers"                                   -         24       24 3.456000e+03   3.597277e+00     0.178 (     3      0)     0.125 (    14      0)
"a:tl-s deep_copy+derived_dp"                                 -         24       24 3.456000e+03   1.637322e-01     0.008 (    15      0)     0.006 (     3      0)
"a:ApplyCAMForcing_dynamics"                                  -         24       24 1.036800e+04   1.301517e+00     0.063 (     9      0)     0.050 (    14      0)
"a:tl-ae prim_advance_exp"                                    -         24       24 2.073600e+04   6.111727e+02    25.590 (    14      0)    25.329 (     5      0)
"a:ttype9_imex_timestep"                                      -         24       24 2.073600e+04   5.127338e+02    21.699 (    20      0)    21.053 (     7      0)
"a:caar compute"                                              -         24       24 2.073600e+05   1.348024e+02     5.774 (     9      0)     5.476 (    22      0)
"a:caar_bexchV"                                               -         24       24 1.036800e+05   1.038128e+02     5.021 (    16      0)     3.872 (    10      0)
"a:caar limiter"                                              -         24       24 1.244160e+05   7.397941e+01     3.255 (    21      0)     2.894 (    16      0)
"a:compute_stage_value_dirk"                                  -         24       24 1.036800e+05   1.976313e+02     8.372 (    21      0)     8.040 (    16      0)
"a:tl-ae advance_hypervis_dp"                                 -         24       24 2.073600e+04   9.780627e+01     4.363 (     2      0)     3.612 (    20      0)
"a:hvf-bhwk"                                                  -         24       24 2.073600e+04   4.808931e+01     2.122 (    23      0)     1.856 (    20      0)
"a:hvf-bexch"                                                 -         24       24 6.220800e+04   5.469197e+01     2.612 (    22      0)     1.852 (    20      0)
"a:tl-sc vertical_remap"                                      -         24       24 1.036800e+04   3.154824e+01     1.421 (    20      0)     1.231 (    16      0)
"a:Remap Thickness Functor"                                   -         24       24 1.036800e+04   1.377102e+00     0.061 (    10      0)     0.053 (    14      0)
"a:Remap Scale States Functor"                                -         24       24 1.036800e+04   5.928867e-01     0.026 (     8      0)     0.023 (     2      0)
"a:Remap Compute Grids Functor"                               -         24       24 1.036800e+04   2.397617e+00     0.102 (    19      0)     0.096 (     0      0)
"a:Remap Compute Remap Functor"                               -         24       24 1.036800e+04   1.953709e+01     0.912 (    20      0)     0.743 (    15      0)
"a:Remap Rescale States Functor"                              -         24       24 1.036800e+04   9.212839e-01     0.052 (    12      0)     0.032 (     2      0)
"a:tl-at prim_advec_tracers_compose"                          -         24       24 3.456000e+03   7.776660e+01     3.378 (    16      0)     3.140 (    10      0)
"a:compose_transport"                                         -         24       24 3.456000e+03   7.771922e+01     3.376 (    16      0)     3.138 (    10      0)
"a:compose_calc_trajectory"                                   -         24       24 3.456000e+03   9.197062e+00     0.470 (     3      0)     0.338 (    11      0)
"a:compose_3d_levels"                                         -         24       24 3.456000e+03   4.481963e+00     0.201 (     9      0)     0.170 (    17      0)
"a:compose_v_bexchv"                                          -         24       24 3.456000e+03   4.418469e+00     0.267 (     3      0)     0.128 (    11      0)
"a:compose_v2x"                                               -         24       24 3.456000e+03   2.819925e-01     0.013 (     9      0)     0.011 (    14      0)
"a:compose_isl"                                               -         24       24 3.456000e+03   3.231880e+01     1.471 (     6      0)     1.203 (    23      0)
"a:compose_hypervis_scalar"                                   -         24       24 3.456000e+03   2.569345e+01     1.227 (    23      0)     0.950 (     2      0)
"a:compose_cedr_global"                                       -         24       24 3.456000e+03   6.393388e+00     0.319 (     4      0)     0.210 (    13      0)
"a:repro_sum_int"                                             -         24       24 3.456000e+03   3.233500e+00     0.184 (     6      0)     0.069 (    13      0)
"a:compose_cedr_local"                                        -         24       24 3.456000e+03   1.184636e+00     0.053 (    16      0)     0.047 (     0      0)
"a:compose_dss_q"                                             -         24       24 3.456000e+03   2.905472e+00     0.155 (    13      0)     0.096 (     3      0)
"a:compose_vertical_remap"                                    -         24       24 3.456000e+03   4.454987e+00     0.198 (    20      0)     0.175 (     0      0)
"a:EAMxx::homme::run-postcondition-checks"                    -         24       24 3.456000e+03   3.310700e+00     0.143 (    21      0)     0.132 (     2      0)
"a:EAMxx::physics::run"                                       -         24       24 3.456000e+03   6.401210e+02    27.669 (    13      0)    24.936 (    12      0)
"a:EAMxx::physics::run-precondition-checks"                   -         24       24 3.456000e+03   9.674259e-04     0.000 (     7      0)     0.000 (     3      0)
"a:EAMxx::mac_aero_mic::run"                                  -         24       24 3.456000e+03   5.713396e+02    24.877 (    13      0)    22.153 (    12      0)
"a:EAMxx::mac_aero_mic::run-precondition-checks"              -         24       24 3.456000e+03   5.879558e-04     0.000 (    14      0)     0.000 (    23      0)
"a:EAMxx::tms::run"                                           -         24       24 4.147200e+04   4.814583e+00     0.209 (     1      0)     0.193 (    16      0)
"a:EAMxx::tms::run-precondition-checks"                       -         24       24 4.147200e+04   1.205383e-02     0.001 (     5      0)     0.000 (    20      0)
"a:EAMxx::tms::run-postcondition-checks"                      -         24       24 4.147200e+04   3.013668e+00     0.130 (    17      0)     0.119 (     8      0)
"a:EAMxx::shoc::run"                                          -         24       24 4.147200e+04   1.941887e+02     8.459 (    13      0)     7.833 (    16      0)
"a:EAMxx::shoc::run-precondition-checks"                      -         24       24 4.147200e+04   7.474368e-03     0.000 (     2      0)     0.000 (    18      0)
"a:EAMxx::shoc::preprocess"                                   -         24       24 4.147200e+04   1.042378e+00     0.048 (    11      0)     0.039 (    22      0)
"a:EAMxx::shoc::shoc_main"                                    -         24       24 4.147200e+04   5.772771e+01     2.538 (    13      0)     2.314 (    16      0)
"a:EAMxx::shoc::postprocess"                                  -         24       24 4.147200e+04   2.184908e+01     0.965 (    13      0)     0.878 (    16      0)
"a:EAMxx::shoc::run-postcondition-checks"                     -         24       24 4.147200e+04   8.558768e+01     3.673 (    13      0)     3.490 (    16      0)
"a:EAMxx::cld_fraction::run"                                  -         24       24 4.147200e+04   1.368375e+01     0.585 (    21      0)     0.556 (    14      0)
"a:EAMxx::cld_fraction::run-precondition-checks"              -         24       24 4.147200e+04   1.290090e-02     0.001 (    15      0)     0.000 (    13      0)
"a:EAMxx::cld_fraction::run-postcondition-checks"             -         24       24 4.147200e+04   1.214535e+01     0.520 (    21      0)     0.495 (    14      0)
"a:EAMxx::spa::run"                                           -         24       24 4.147200e+04   6.287903e+01     2.848 (    14      0)     2.549 (    18      0)
"a:EAMxx::spa::run-precondition-checks"                       -         24       24 4.147200e+04   8.273551e-03     0.000 (    19      0)     0.000 (     1      0)
"a:EAMxx::spa::run-postcondition-checks"                      -         24       24 4.147200e+04   3.947301e+01     1.803 (    14      0)     1.598 (    18      0)
"a:EAMxx::p3::run"                                            -         24       24 4.147200e+04   2.952756e+02    13.182 (    17      0)    10.553 (     0      0)
"a:EAMxx::p3::run-precondition-checks"                        -         24       24 4.147200e+04   3.934862e+00     0.184 (    20      0)     0.159 (    22      0)
"a:EAMxx::p3::run-postcondition-checks"                       -         24       24 4.147200e+04   9.661948e+01     4.194 (    13      0)     3.865 (    16      0)
"a:EAMxx::mac_aero_mic::run-postcondition-checks"             -         24       24 3.456000e+03   1.007212e-03     0.000 (    22      0)     0.000 (    18      0)
"a:EAMxx::rrtmgp::run"                                        -         24       24 3.456000e+03   6.864387e+01     2.937 (    18      0)     2.777 (    12      0)
"a:EAMxx::rrtmgp::run-precondition-checks"                    -         24       24 3.456000e+03   1.866247e-01     0.008 (    21      0)     0.007 (    14      0)
"a:EAMxx::rrtmgp::run-postcondition-checks"                   -         24       24 3.456000e+03   6.997414e+00     0.311 (    21      0)     0.279 (     2      0)
"a:EAMxx::physics::run-postcondition-checks"                  -         24       24 3.456000e+03   7.153143e-04     0.000 (     2      0)     0.000 (     1      0)
"a:EAMxx::SurfaceCouplingExporter::run"                       -         24       24 3.456000e+03   2.873102e+00     0.125 (    13      0)     0.116 (    16      0)
"a:EAMxx::SurfaceCouplingExporter::run-precondition-checks"   -         24       24 3.456000e+03   1.261068e-03     0.000 (    11      0)     0.000 (    10      0)
"a:EAMxx::SurfaceCouplingExporter::run-postcondition-checks"  -         24       24 3.456000e+03   1.405563e-03     0.000 (     2      0)     0.000 (    10      0)
"a:EAMxx::EAMxx::run-postcondition-checks"                    -         24       24 3.456000e+03   6.015580e-04     0.000 (     2      0)     0.000 (    10      0)
"a:EAMxx::IO::restart"                                        -         24       24 3.456000e+03   1.937357e-02     0.001 (    17      0)     0.001 (     9      0)
"a:EAMxx::IO::model_restart"                                  -         24       24 3.456000e+03   1.593751e-02     0.001 (    12      0)     0.001 (    13      0)
"a:EAMxx::IO::restart::get_new_file"                          -         24       24 3.456000e+03   5.383585e-04     0.000 (    11      0)     0.000 (     9      0)
"a:EAMxx::IO::restart::run_output_streams"                    -         24       24 3.456000e+03   6.040939e-03     0.000 (    12      0)     0.000 (    13      0)
"a:EAMxx::IO::standard"                                       -         24       24 3.456000e+03   7.791233e-03     0.000 (    17      0)     0.000 (     4      0)
"a:EAMxx::IO::nooutput.yaml"                                  -         24       24 3.456000e+03   5.797787e-03     0.000 (    11      0)     0.000 (     4      0)
"a:EAMxx::IO::standard::get_new_file"                         -         24       24 3.456000e+03   2.764602e-04     0.000 (     2      0)     0.000 (    20      0)
"a:EAMxx::IO::standard::run_output_streams"                   -         24       24 3.456000e+03   6.296222e-04     0.000 (     0      0)     0.000 (    13      0)
"CPL:A2C"                                                     -         24       24 3.456000e+03   2.912812e+01     3.157 (    12      0)     0.329 (     1      0)
"CPL:a2c_atma2atmx"                                           -         24       24 3.456000e+03   2.369845e+01     2.953 (    12      0)     0.165 (    11      0)
"CPL:a2c_infoexch"                                            -         24       24 3.456000e+03   5.419905e+00     0.401 (    16      0)     0.005 (     2      0)
"CPL:ATMPOST"                                                 -         24       24 3.456000e+03   1.672577e-03     0.000 (    23      0)     0.000 (    14      0)
"CPL:HISTORY"                                                 -         24       24 3.456000e+03   8.327547e-03     0.000 (     8      0)     0.000 (     4      0)
"CPL:cime_run_write_history"                                  -         24       24 3.456000e+03   6.491971e-03     0.000 (    15      0)     0.000 (     4      0)
"CPL:TSTAMP_WRITE"                                            -         24       24 3.456000e+03   4.857625e-02     0.024 (     0      0)     0.000 (     5      0)
"CPL:TPROF_WRITE"                                             -         24       24 3.456000e+03   7.390679e+00     0.324 (     3      0)     0.300 (     0      0)
"CPL:C2O_INITWAIT"                                            -         24       24 3.432000e+03   1.380024e+01     1.564 (     3      0)     0.066 (    21      0)
"l:interpMonthlyVeg"                                          -         24       24 3.432000e+03   4.494265e+00     0.188 (    12      0)     0.187 (    16      0)
"l:readMonthlyVeg"                                            -         24       24 2.400000e+01   4.490809e+00     0.188 (    12      0)     0.187 (    10      0)
"l:PIO:openfile"                                              -         24       24 2.400000e+01   1.168883e-01     0.009 (    13      0)     0.001 (    20      0)
"l:PIO:pio_inq_varid_file_vdesc"                              -         24       24 1.920000e+02   5.101695e-02     0.004 (    13      0)     0.000 (     0      0)
"l:PIO:pio_inq_varid_file_vid"                                -         24       24 1.920000e+02   5.095356e-02     0.004 (    13      0)     0.000 (     0      0)
"l:PIO:pio_inq_varndims_file_vdesc"                           -         24       24 1.920000e+02   6.547044e-03     0.000 (    16      0)     0.000 (     3      0)
"l:PIO:pio_inq_varndims_file_vid"                             -         24       24 1.920000e+02   6.501502e-03     0.000 (    16      0)     0.000 (     3      0)
"l:PIO:pio_inq_vardimid_file_vdesc"                           -         24       24 1.920000e+02   1.380475e-02     0.001 (    18      0)     0.001 (     0      0)
"l:PIO:pio_inq_vardimid_file_vid"                             -         24       24 1.920000e+02   1.376524e-02     0.001 (    18      0)     0.000 (     0      0)
"l:PIO:pio_inq_dimname_file_dimid"                            -         24       24 1.632000e+03   3.483677e-02     0.002 (    15      0)     0.001 (     0      0)
"l:PIO:pio_inq_dimlen_file_dimid"                             -         24       24 3.840000e+02   5.728020e-03     0.000 (    13      0)     0.000 (     0      0)
"l:PIO:pio_inq_dimlen_file_dimid_offlen"                      -         24       24 3.840000e+02   5.650570e-03     0.000 (    13      0)     0.000 (     0      0)
"l:PIO:pio_inquire_file"                                      -         24       24 7.200000e+02   1.051860e-02     0.000 (    13      0)     0.000 (     8      0)
"l:PIO:pio_inq_ndims_file"                                    -         24       24 7.200000e+02   1.039535e-02     0.000 (    13      0)     0.000 (     0      0)
"l:PIO:initdecomp"                                            -         24       24 2.400000e+01   3.924954e-02     0.002 (     0      0)     0.001 (    15      0)
"l:PIO:PIOc_initdecomp"                                       -         24       24 2.400000e+01   3.876205e-02     0.002 (     0      0)     0.001 (    15      0)
"l:PIO:box_rearrange_create"                                  -         24       24 2.400000e+01   2.793832e-02     0.001 (     0      0)     0.001 (    17      0)
"l:PIO:pio_swapm"                                             -         24       24 2.640000e+02   3.820789e+00     0.172 (    11      0)     0.016 (     0      0)
"l:PIO:read_darray_3d_double"                                 -         24       24 1.920000e+02   4.100381e+00     0.173 (     0      0)     0.169 (    13      0)
"l:PIO:PIOc_read_darray"                                      -         24       24 1.920000e+02   4.100102e+00     0.173 (     0      0)     0.169 (    13      0)
"l:PIO:read_darray_nc"                                        -         24       24 1.920000e+02   2.705169e-01     0.157 (     0      0)     0.000 (    19      0)
"l:PIO:rearrange_io2comp"                                     -         24       24 1.920000e+02   3.809242e+00     0.172 (    11      0)     0.015 (     0      0)
"l:PIO:closefile"                                             -         24       24 2.400000e+01   1.659175e-03     0.001 (     0      0)     0.000 (    19      0)
"l:PIO:PIOc_closefile"                                        -         24       24 2.400000e+01   1.638669e-03     0.001 (     0      0)     0.000 (    22      0)
"l:surfalb"                                                   -         24       24 3.432000e+03   6.434568e+00     0.285 (     4      0)     0.253 (     7      0)
"l:urbsurfalb"                                                -         24       24 3.432000e+03   1.294205e+00     0.056 (     1      0)     0.051 (     6      0)
"CPL:OCNT_RUN"                                                -         24       24 3.432000e+03   3.885696e-01     0.030 (     0      0)     0.015 (     6      0)
"o:DOCN_RUN"                                                  -         24       24 3.432000e+03   2.893729e-01     0.015 (     0      0)     0.011 (     6      0)
"o:docn_run1"                                                 -         24       24 3.432000e+03   3.174063e-03     0.000 (     4      0)     0.000 (     9      0)
"o:docn"                                                      -         24       24 3.432000e+03   2.779821e-01     0.013 (    16      0)     0.011 (     6      0)
"o:docn_strdata_advance"                                      -         24       24 3.432000e+03   6.713115e-02     0.004 (    16      0)     0.003 (     2      0)
"o:docn_strd_adv_total"                                       -         24       24 3.432000e+03   6.242525e-02     0.003 (    16      0)     0.002 (    14      0)
"o:docn_strd_adv_readLBUB"                                    -         24       24 3.432000e+03   9.956590e-03     0.001 (    16      0)     0.000 (    17      0)
"o:docn_readLBUB_setup"                                       -         24       24 3.432000e+03   1.259931e-03     0.000 (    10      0)     0.000 (    19      0)
"o:docn_readLBUB_filemgt"                                     -         24       24 3.432000e+03   7.141101e-04     0.000 (    16      0)     0.000 (    14      0)
"o:docn_strd_adv_tint"                                        -         24       24 3.432000e+03   3.098828e-02     0.002 (     9      0)     0.001 (    17      0)
"o:docn_scatter"                                              -         24       24 3.432000e+03   1.240695e-01     0.006 (    16      0)     0.005 (    14      0)
"o:docn_datamode"                                             -         24       24 3.432000e+03   1.544657e-02     0.001 (     9      0)     0.001 (     6      0)
"o:docn_run2"                                                 -         24       24 3.432000e+03   1.502452e-03     0.001 (     0      0)     0.000 (    14      0)
"CPL:O2CT"                                                    -         24       24 3.432000e+03   1.146063e+01     1.043 (     9      0)     0.014 (     0      0)
"CPL:o2c_ocno2ocnx"                                           -         24       24 3.432000e+03   8.341647e-02     0.004 (     4      0)     0.003 (    23      0)
"CPL:o2c_infoexch"                                            -         24       24 3.432000e+03   1.137132e+01     1.039 (     9      0)     0.011 (     0      0)
"CPL:OCNPOSTT"                                                -         24       24 3.432000e+03   2.268626e-03     0.000 (    12      0)     0.000 (    10      0)
"CPL:RUN_LOOP_sync1_tprf"                                     -         24       24 7.200000e+01   1.927582e-01     0.024 (     3      0)     0.000 (     0      0)
"CPL:RUN_LOOP_t_prf"                                          -         24       24 7.200000e+01   4.442963e-01     0.300 (     0      0)     0.001 (     5      0)
"CPL:RUN_LOOP_sync2_tprf"                                     -         24       24 7.200000e+01   6.751772e+00     0.299 (     5      0)     0.000 (     0      0)
"CPL:RUN_LOOP_BSTOP"                                          -         24       24 2.400000e+01   1.965918e-04     0.000 (    21      0)     0.000 (     0      0)
"CPL:FINAL"                                                   -         24       24 2.400000e+01   3.240785e+00     0.136 (     0      0)     0.135 (     4      0)
"CPL:cime_final"                                              -         24       24 2.400000e+01   3.240748e+00     0.136 (     0      0)     0.135 (     4      0)
"o_f:DOCN_FINAL"                                              -         24       24 2.400000e+01   1.832504e-05     0.000 (     0      0)     0.000 (    18      0)
"a_f:EAMxx::finalize"                                         y         24       24 2.400000e+01   2.707236e+00     0.124 (     1      0)     0.104 (    23      0)
"a_f:PIO:PIOc_sync"                                           -         24       24 2.400000e+01   4.782077e-04     0.000 (     0      0)     0.000 (     8      0)
"a_f:PIO:write_total"                                         -         24       24 4.800000e+01   2.023522e-03     0.001 (    12      0)     0.000 (     8      0)
"a_f:PIO:flush_output_buffer"                                 -          2        2 4.000000e+00   2.303217e-04     0.000 (     0      0)     0.000 (    12      0)
"a_f:PIO:PIOc_closefile"                                      -         24       24 4.800000e+01   1.492716e-02     0.012 (    12      0)     0.000 (    20      0)
"a_f:PIO:PIOc_closefile_write_mode"                           -         24       24 2.400000e+01   1.580925e-03     0.001 (    12      0)     0.000 (    18      0)
"a_f:PIO:PIOc_freedecomp"                                     -         24       24 2.400000e+02   2.829757e-03     0.001 (     0      0)     0.000 (    16      0)
"PIO:finalize"                                                -         24       24 2.400000e+02   1.971024e-01     0.013 (    23      0)     0.001 (     1      0)
"PIO:PIOc_finalize"                                           -         24       24 2.400000e+02   1.943948e-01     0.013 (    23      0)     0.001 (    12      0)
"CPL:FINAL_sync1_tprf"                                        -         24       24 2.400000e+01   3.338775e-02     0.001 (    15      0)     0.000 (     0      0)
"CPL:FINAL_t_prf"                                             y          0        0 0.000000e+00   0.000000e+00     0.000 (     0      0)     0.000 (     0      0)

