
***** GLOBAL STATISTICS (  6144 MPI TASKS) *****

$Id: gptl.c,v 1.157 2011-03-28 20:55:18 rosinski Exp $
'count' is cumulative. All other stats are max/min
'on' indicates whether the timer was active during output, and so stats are lower or upper bounds.

name                                                         on  processes  threads        count      walltotal   wallmax (proc   thrd  )   wallmin (proc   thrd  )
"CPL:INIT"                                                    -       6144     6144 6.144000e+03   3.110945e+06   581.522 (   868      0)   486.436 (  4887      0)
"CPL:cime_pre_init1"                                          -       6144     6144 6.144000e+03   1.328590e+05    96.806 (   871      0)     1.723 (  4886      0)
"CPL:mpi_init"                                                -       6144     6144 6.144000e+03   1.276608e+05    95.948 (   867      0)     0.898 (  4885      0)
"CPL:ESMF_Initialize"                                         -       6144     6144 6.144000e+03   5.488970e+01     0.034 (  2895      0)     0.000 (   637      0)
"CPL:cime_pre_init2"                                          -       6144     6144 6.144000e+03   9.542166e+03     1.578 (  3839      0)     1.496 (   178      0)
"CPL:seq_infodata_init"                                       -       6144     6144 6.144000e+03   7.510731e+02     0.417 (  3236      0)     0.001 (   574      0)
"CPL:seq_timemgr_clockInit"                                   -       6144     6144 6.144000e+03   6.179775e+01     0.022 (  5001      0)     0.001 (   252      0)
"CPL:cime_init"                                               -       6144     6144 6.144000e+03   2.968488e+06   483.192 (   325      0)   483.123 (  3583      0)
"CPL:init_comps"                                              -       6144     6144 6.144000e+03   2.967316e+06   483.001 (   325      0)   482.933 (  3583      0)
"CPL:comp_init_pre_all"                                       -       6144     6144 6.144000e+03   3.556872e+00     0.003 (   140      0)     0.000 (  2300      0)
"CPL:comp_init_cc_atm"                                        -       6144     6144 6.144000e+03   8.107866e+05   132.002 (     6      0)   131.942 (  3583      0)
"a_i:comp_init"                                               -       6144     6144 1.228800e+04   8.104371e+05   131.997 (    72      0)   131.867 (  3583      0)
"a_i:EAMxx::init"                                             -       6144     6144 4.300800e+04   8.037589e+05   131.567 (  2076      0)   129.369 (  4829      0)
"a_i:EAMxx::create_output_managers"                           -       6144     6144 6.144000e+03   3.389200e+01     0.024 (    86      0)     0.000 (     8      0)
"a_i:EAMxx::create_atm_processes"                             -       6144     6144 6.144000e+03   1.090429e+03     0.269 (  2620      0)     0.067 (  3673      0)
"a_i:EAMxx::create_grids"                                     -       6144     6144 6.144000e+03   1.338140e+05    21.859 (   962      0)    21.721 (  4552      0)
"a_i:EAMxx::build_grids"                                      -       6144     6144 6.144000e+03   1.238259e+05    20.160 (  2397      0)    20.144 (  4028      0)
"a_i:PartitioningTime"                                        -       6144     6144 6.144000e+03   1.422565e-03     0.000 (  3537      0)     0.000 (  2846      0)
"a_i:repro_sum_int"                                           -       6144     6144 6.144000e+03   2.755537e+02     0.092 (  2051      0)     0.026 (  5427      0)
"a_i:PIO:spio_get_att_tc"                                     -       6144     6144 6.696960e+05   2.714911e+02     0.058 (   583      0)     0.042 (  4872      0)
"a_i:PIO:spio_get_vars_tc"                                    -       6144     6144 1.228800e+05   1.830594e+03     0.420 (  1561      0)     0.192 (  3998      0)
"a_i:PIO:PIOc_closefile"                                      -       6144     6144 7.987200e+04   5.186166e+02     3.536 (  4656      0)     0.000 (  2873      0)
"a_i:EAMxx::SurfaceCouplingImporter::set_grids"               -       6144     6144 6.144000e+03   2.796093e+01     0.011 (   730      0)     0.000 (  5616      0)
"a_i:EAMxx::homme::set_grids"                                 -       6144     6144 6.144000e+03   4.033521e+03     0.876 (  5053      0)     0.386 (  4214      0)
"a_i:EAMxx::physics::set_grids"                               -       6144     6144 6.144000e+03   5.224860e+03     1.137 (  2160      0)     0.662 (  1021      0)
"a_i:EAMxx::mac_aero_mic::set_grids"                          -       6144     6144 6.144000e+03   2.525568e+03     0.675 (   542      0)     0.218 (  5053      0)
"a_i:EAMxx::tms::set_grids"                                   -       6144     6144 6.144000e+03   1.410790e+01     0.003 (  5379      0)     0.002 (  4515      0)
"a_i:EAMxx::shoc::set_grids"                                  -       6144     6144 6.144000e+03   4.962845e+00     0.009 (  5810      0)     0.000 (  4752      0)
"a_i:EAMxx::cld_fraction::set_grids"                          -       6144     6144 6.144000e+03   1.574368e+00     0.001 (  1690      0)     0.000 (  5524      0)
"a_i:EAMxx::spa::set_grids"                                   -       6144     6144 6.144000e+03   2.434599e+03     0.669 (   542      0)     0.207 (  5404      0)
"a_i:EAMxx::p3::set_grids"                                    -       6144     6144 6.144000e+03   2.265244e+01     0.004 (  4816      0)     0.003 (   458      0)
"a_i:EAMxx::rrtmgp::set_grids"                                -       6144     6144 6.144000e+03   2.657682e+03     0.468 (  2016      0)     0.404 (  1226      0)
"a_i:EAMxx::SurfaceCouplingExporter::set_grids"               -       6144     6144 6.144000e+03   8.534483e+01     0.033 (  3292      0)     0.009 (  2389      0)
"a_i:EAMxx::create_fields"                                    -       6144     6144 6.144000e+03   2.067056e+03     0.349 (  4939      0)     0.307 (  3828      0)
"a_i:EAMxx::initialize_fields"                                -       6144     6144 6.144000e+03   2.379335e+05    38.893 (  4728      0)    38.578 (  3140      0)
"a_i:PIO:PIOc_initdecomp"                                     -       6144     6144 7.987200e+04   6.415721e+04    10.453 (  2106      0)    10.423 (  1431      0)
"a_i:PIO:box_rearrange_create"                                -       6144     6144 7.987200e+04   6.385413e+04    10.396 (  5367      0)    10.369 (   137      0)
"a_i:PIO:pio_swapm"                                           -       6144     6144 3.747840e+05   1.517218e+05    31.236 (   680      0)     3.223 (  2856      0)
"a_i:PIO:PIOc_read_darray"                                    -       6144     6144 1.351680e+05   1.321877e+05    22.774 (   108      0)    19.375 (  4510      0)
"a_i:PIO:read_darray_nc"                                      -       6144     6144 1.351680e+05   9.330867e+03    21.565 (    84      0)     0.000 (   522      0)
"a_i:PIO:rearrange_io2comp"                                   -       6144     6144 1.351680e+05   1.156945e+05    22.200 (    62      0)     0.324 (  3984      0)
"a_i:EAMxx::initialize_atm_procs"                             -       6144     6144 6.144000e+03   4.248403e+05    69.815 (  4496      0)    67.583 (   168      0)
"a_i:EAMxx::SurfaceCouplingImporter::init"                    -       6144     6144 6.144000e+03   6.339655e+00     0.082 (  5407      0)     0.000 (  3720      0)
"a_i:EAMxx::homme::init"                                      -       6144     6144 6.144000e+03   3.024994e+05    49.399 (  3261      0)    48.880 (   696      0)
"a_i:compose_init"                                            -       6144     6144 6.144000e+03   9.438157e+02     0.297 (  3259      0)     0.027 (  4661      0)
"a_i:sl_init1"                                                -       6144     6144 6.144000e+03   2.478735e+04     4.379 (  3539      0)     3.688 (   248      0)
"a_i:EAMxx::tms::init"                                        -       6144     6144 6.144000e+03   4.928227e-02     0.000 (  1631      0)     0.000 (  4779      0)
"a_i:EAMxx::shoc::init"                                       -       6144     6144 6.144000e+03   7.928319e+01     0.178 (  2087      0)     0.001 (  3585      0)
"a_i:EAMxx::cld_fraction::init"                               -       6144     6144 6.144000e+03   1.560683e-01     0.000 (  6103      0)     0.000 (  2294      0)
"a_i:EAMxx::spa::init"                                        -       6144     6144 6.144000e+03   1.055710e+05    20.646 (  3412      0)    17.103 (   144      0)
"a_i:EAMxx::p3::init"                                         -       6144     6144 6.144000e+03   1.803132e+03     0.442 (  5851      0)     0.045 (  2236      0)
"a_i:EAMxx::rrtmgp::init"                                     -       6144     6144 6.144000e+03   1.481360e+04     3.127 (   931      0)     0.049 (  2236      0)
"a_i:EAMxx::SurfaceCouplingExporter::init"                    -       6144     6144 6.144000e+03   3.318976e+01     0.052 (  5822      0)     0.002 (  2076      0)
"a_i:EAMxx::initialize_output_managers"                       -       6144     6144 6.144000e+03   3.979628e+03     0.697 (   888      0)     0.625 (  3815      0)
"a_i:EAMxx::IO::standard"                                     -       6144     6144 6.144000e+03   2.963021e+03     0.583 (  5016      0)     0.436 (  1096      0)
"a_i:EAMxx::IO::nooutput.yaml"                                -       6144     6144 6.144000e+03   2.963014e+03     0.583 (  5016      0)     0.436 (  1096      0)
"a_i:EAMxx::IO::standard::get_new_file"                       -       6144     6144 6.144000e+03   2.955247e+03     0.574 (  4054      0)     0.436 (  1096      0)
"a_i:PIO:PIOc_createfile"                                     -       6144     6144 6.144000e+03   1.097055e+03     0.237 (  3234      0)     0.152 (  2819      0)
"a_i:PIO:write_total"                                         -       6144     6144 2.027520e+05   1.208630e+03     0.350 (  4608      0)     0.153 (  2819      0)
"a_i:PIO:spio_put_att_tc"                                     -       6144     6144 1.843200e+05   2.495486e+01     0.061 (   360      0)     0.000 (  1909      0)
"a_i:PIO:spio_put_vars_tc"                                    -       6144     6144 6.144000e+03   8.494380e+01     0.062 (  2916      0)     0.000 (    65      0)
"a_i:PIO:flush_output_buffer"                                 -        512      512 1.024000e+03   2.367003e+01     0.064 (  3780      0)     0.003 (  4032      0)
"a_i:EAMxx::IO::standard::run_output_streams"                 -       6144     6144 6.144000e+03   8.239860e-04     0.000 (  3642      0)     0.000 (  1327      0)
"a_i:EAMxx::IO::standard::update_snapshot_tally"              -       6144     6144 6.144000e+03   7.746012e+00     0.018 (  4641      0)     0.000 (  2509      0)
"a_i:PIO:PIOc_sync"                                           -       6144     6144 6.144000e+03   1.680098e+00     0.003 (  1176      0)     0.000 (  5781      0)
"CPL:comp_init_cc_lnd"                                        -       6144     6144 6.144000e+03   1.543457e+06   251.215 (  2201      0)   251.209 (  3583      0)
"l_i:comp_init"                                               -       6144     6144 6.144000e+03   1.543198e+06   251.209 (     0      0)   251.158 (  5488      0)
"l_i:elm_init1"                                               -       6144     6144 6.144000e+03   1.768991e+05    28.853 (  1872      0)    28.706 (  3765      0)
"l_i:PIO:openfile"                                            -       6144     6144 1.413120e+05   1.285576e+04     2.691 (    84      0)     1.618 (  5978      0)
"l_i:PIO:pio_inq_dimid_file_dimid"                            -       6144     6144 3.809280e+05   1.860344e+02     0.065 (  5933      0)     0.008 (   549      0)
"l_i:PIO:pio_inq_dimlen_file_dimid"                           -       6144     6144 2.211840e+06   3.405115e+02     0.075 (     8      0)     0.018 (  2085      0)
"l_i:PIO:pio_inq_dimlen_file_dimid_offlen"                    -       6144     6144 2.211840e+06   3.400227e+02     0.074 (     8      0)     0.018 (  2082      0)
"l_i:PIO:pio_inq_varid_file_vdesc"                            -       6144     6144 2.826240e+06   7.831457e+03     5.498 (  2046      0)     0.094 (     0      0)
"l_i:PIO:pio_inq_varid_file_vid"                              -       6144     6144 2.826240e+06   7.641253e+03     5.498 (  2046      0)     0.082 (  3108      0)
"l_i:PIO:get_var_1d_int"                                      -       6144     6144 3.686400e+04   1.155107e+03     0.219 (  4149      0)     0.166 (  5777      0)
"l_i:PIO:spio_get_vars_tc"                                    -       6144     6144 1.222656e+06   5.536478e+03     1.409 (   556      0)     0.786 (  3732      0)
"l_i:PIO:closefile"                                           -       6144     6144 1.228800e+05   4.450445e+01     0.143 (   672      0)     0.001 (  3716      0)
"l_i:PIO:PIOc_closefile"                                      -       6144     6144 1.228800e+05   4.438512e+01     0.143 (   672      0)     0.001 (  3716      0)
"l_i:PIO:pio_inq_varndims_file_vdesc"                         -       6144     6144 1.357824e+06   5.725679e+02     2.017 (  2044      0)     0.016 (  2099      0)
"l_i:PIO:pio_inq_varndims_file_vid"                           -       6144     6144 1.357824e+06   5.721950e+02     2.017 (  2044      0)     0.016 (  2099      0)
"l_i:PIO:pio_inq_vardimid_file_vdesc"                         -       6144     6144 1.357824e+06   9.343110e+02     0.226 (     3      0)     0.040 (  2065      0)
"l_i:PIO:pio_inq_vardimid_file_vid"                           -       6144     6144 1.357824e+06   9.339722e+02     0.226 (     2      0)     0.040 (  2067      0)
"l_i:PIO:pio_inq_dimname_file_dimid"                          -       6144     6144 4.884480e+06   1.111384e+03     0.244 (     6      0)     0.064 (  2064      0)
"l_i:PIO:initdecomp"                                          -       6144     6144 1.597440e+05   4.112374e+04     6.842 (   438      0)     6.494 (  4020      0)
"l_i:PIO:PIOc_initdecomp"                                     -       6144     6144 1.597440e+05   4.110457e+04     6.838 (   438      0)     6.492 (  4020      0)
"l_i:PIO:box_rearrange_create"                                -       6144     6144 1.597440e+05   3.927001e+04     6.393 (  5847      0)     6.390 (   876      0)
"l_i:PIO:pio_swapm"                                           -       6144     6144 1.824768e+06   1.383714e+06   234.068 (  3417      0)   129.334 (  1896      0)
"l_i:PIO:read_darray_1d_double"                               -       6144     6144 5.038080e+05   4.876320e+05    79.842 (  2075      0)    78.021 (  2046      0)
"l_i:PIO:PIOc_read_darray"                                    -       6144     6144 1.345536e+06   1.397850e+06   228.990 (  2051      0)   221.704 (  2046      0)
"l_i:PIO:read_darray_nc"                                      -       6144     6144 1.345536e+06   4.381887e+04   101.097 (  1896      0)     0.000 (  5717      0)
"l_i:PIO:rearrange_io2comp"                                   -       6144     6144 1.345536e+06   1.351395e+06   228.648 (  2051      0)   124.461 (  1896      0)
"l_i:PIO:pio_inquire_file"                                    -       6144     6144 1.769472e+06   3.034612e+02     0.071 (   699      0)     0.018 (  2196      0)
"l_i:PIO:pio_inq_ndims_file"                                  -       6144     6144 1.769472e+06   3.026604e+02     0.070 (   699      0)     0.018 (  2196      0)
"l_i:PIO:read_darray_1d_int"                                  -       6144     6144 4.300800e+04   7.024215e+04    11.605 (  3432      0)    10.395 (  1898      0)
"l_i:PIO:read_darray_3d_double"                               -       6144     6144 1.105920e+05   2.518685e+04     4.160 (  2083      0)     3.993 (  2042      0)
"l_i:PIO:read_darray_3d_int"                                  -       6144     6144 6.144000e+03   7.385473e+02     0.125 (  3372      0)     0.112 (   625      0)
"l_i:PIO:read_darray_4d_double"                               -       6144     6144 8.601600e+04   6.101975e+04     9.983 (  2051      0)     9.825 (  2040      0)
"l_i:PIO:get_var_1d_text"                                     -       6144     6144 1.228800e+04   1.170315e+02     0.039 (  5501      0)     0.007 (  5781      0)
"l_i:PIO:get_var_1d_double"                                   -       6144     6144 8.847360e+05   2.957129e+03     0.525 (    10      0)     0.457 (  3567      0)
"l_i:PIO:get_var_0d_double"                                   -       6144     6144 6.144000e+04   1.423991e+02     0.027 (  2333      0)     0.020 (  1323      0)
"l_i:PIO:read_darray_2d_double"                               -       6144     6144 5.713920e+05   7.511665e+05   123.379 (  3231      0)   118.386 (  2046      0)
"l_i:PIO:read_darray_2d_int"                                  -       6144     6144 2.457600e+04   1.866910e+03     0.337 (  4272      0)     0.284 (  5656      0)
"l_i:gather_1darray_int_total"                                -       6144     6144 3.072000e+04   2.093408e+03     1.083 (     0      0)     0.227 (    68      0)
"l_i:scatter_1darray_int_total"                               -       6144     6144 3.072000e+04   9.339458e+03     1.594 (     6      0)     0.717 (     0      0)
"l_i:init_filters"                                            -       6144     6144 6.144000e+03   6.613133e+01     0.028 (  2532      0)     0.000 (  2665      0)
"l_i:elm_init2"                                               -       6144     6144 6.144000e+03   1.364377e+06   222.105 (     0      0)   222.054 (  5488      0)
"l_i:init_orbd"                                               -       6144     6144 6.144000e+03   7.001746e-01     0.002 (  6081      0)     0.000 (   691      0)
"l_i:PIO:get_var_0d_int"                                      -       6144     6144 1.290240e+05   3.238810e+03     1.094 (  1022      0)     0.430 (  2083      0)
"l_i:PIO:get_var_2d_double"                                   -       6144     6144 7.372800e+04   4.229550e+02     0.070 (    27      0)     0.066 (  5628      0)
"l_i:PIO:get_var_3d_double"                                   -       6144     6144 2.457600e+04   1.004766e+02     0.027 (  3878      0)     0.007 (    24      0)
"l_i:init_accflds"                                            -       6144     6144 6.144000e+03   7.800482e+00     0.001 (  5808      0)     0.001 (  1745      0)
"l_i:init_dyn_subgrid"                                        -       6144     6144 6.144000e+03   1.719550e+02     0.049 (  1198      0)     0.002 (  1992      0)
"l_i:subgridRest_write-read"                                  -       6144     6144 6.144000e+03   6.181959e+04    10.080 (  4056      0)     9.996 (  1967      0)
"l_i:init_map2gc"                                             -       6144     6144 6.144000e+03   6.913927e+01     0.028 (  4778      0)     0.001 (  3150      0)
"l_i:init_elm_interface_data & pflotran"                      -       6144     6144 6.144000e+03   1.373956e-03     0.000 (  4851      0)     0.000 (  4062      0)
"l_i:init_wlog"                                               -       6144     6144 6.144000e+03   2.904136e-02     0.027 (     0      0)     0.000 (  5196      0)
"l_i:elm_init3"                                               -       6144     6144 6.144000e+03   9.381506e-03     0.000 (   454      0)     0.000 (  4927      0)
"CPL:comp_init_cc_rof"                                        -       6144     6144 6.144000e+03   3.082478e+01     0.005 (  1368      0)     0.005 (  2213      0)
"r_i:comp_init"                                               -       6144     6144 6.144000e+03   4.402063e-01     0.000 (   324      0)     0.000 (     0      0)
"CPL:comp_init_cc_ocn"                                        -       6144     6144 6.144000e+03   3.630825e+05    59.096 (  6120      0)    59.094 (  3583      0)
"o_i:comp_init"                                               -       6144     6144 6.144000e+03   3.628018e+05    59.090 (     0      0)    58.969 (  5791      0)
"o_i:docn_readnml"                                            -       6144     6144 6.144000e+03   5.187378e+03     0.949 (  3153      0)     0.229 (     0      0)
"o_i:DOCN_INIT"                                               -       6144     6144 6.144000e+03   3.573845e+05    58.796 (     0      0)    58.069 (  5703      0)
"o_i:docn_strdata_init"                                       -       6144     6144 6.144000e+03   2.412646e+05    40.650 (   911      0)    38.667 (  1052      0)
"o_i:PIO:initdecomp"                                          -       6144     6144 1.843200e+04   2.750158e+03     0.463 (     1      0)     0.430 (     0      0)
"o_i:PIO:PIOc_initdecomp"                                     -       6144     6144 1.843200e+04   2.750105e+03     0.463 (     1      0)     0.430 (     0      0)
"o_i:PIO:box_rearrange_create"                                -       6144     6144 1.843200e+04   2.628670e+03     0.428 (  1826      0)     0.428 (   868      0)
"o_i:PIO:pio_swapm"                                           -       6144     6144 6.758400e+04   5.469155e+03     1.123 (  1916      0)     0.351 (     0      0)
"o_i:docn_initgsmaps"                                         -       6144     6144 6.144000e+03   2.108732e+00     0.000 (  4152      0)     0.000 (  2556      0)
"o_i:docn_initmctdom"                                         -       6144     6144 6.144000e+03   1.040793e+00     0.000 (  4712      0)     0.000 (  2010      0)
"o_i:docn_initmctavs"                                         -       6144     6144 6.144000e+03   1.480189e+00     0.000 (  1993      0)     0.000 (  5834      0)
"o_i:DOCN_RUN"                                                -       6144     6144 6.144000e+03   1.161117e+05    19.436 (  4704      0)    17.809 (   906      0)
"o_i:docn_run1"                                               -       6144     6144 6.144000e+03   5.001005e-03     0.000 (  4482      0)     0.000 (   548      0)
"o_i:docn"                                                    -       6144     6144 6.144000e+03   1.161117e+05    19.436 (  4704      0)    17.809 (   906      0)
"o_i:docn_strdata_advance"                                    -       6144     6144 6.144000e+03   1.161101e+05    19.436 (  4704      0)    17.809 (   902      0)
"o_i:docn_strd_adv_total"                                     -       6144     6144 6.144000e+03   1.161100e+05    19.436 (  4704      0)    17.809 (   902      0)
"o_i:docn_strd_adv_readLBUB"                                  -       6144     6144 6.144000e+03   1.154079e+05    19.413 (   276      0)    17.689 (   910      0)
"o_i:docn_readLBUB_setup"                                     -       6144     6144 6.144000e+03   1.795916e-03     0.000 (  3292      0)     0.000 (  5528      0)
"o_i:docn_readLBUB_fbound"                                    -       6144     6144 6.144000e+03   1.800601e+01    18.005 (     0      0)     0.000 (   555      0)
"o_i:docn_readLBUB_bcast"                                     -       6144     6144 6.144000e+03   1.111495e+05    18.627 (  2556      0)     0.000 (     0      0)
"o_i:docn_readLBUB_LB_setup"                                  -       6144     6144 6.144000e+03   1.735982e-03     0.000 (     0      0)     0.000 (  5060      0)
"o_i:docn_readLBUB_LB_readpio"                                -       6144     6144 6.144000e+03   8.224056e+02     0.655 (   432      0)     0.092 (     1      0)
"o_i:PIO:openfile"                                            -       6144     6144 6.144000e+03   4.551883e+02     0.080 (  6132      0)     0.052 (  5991      0)
"o_i:PIO:pio_inq_varid_file_vdesc"                            -       6144     6144 2.457600e+04   4.889914e+00     0.001 (  6034      0)     0.000 (    23      0)
"o_i:PIO:pio_inq_varid_file_vid"                              -       6144     6144 2.457600e+04   4.878844e+00     0.001 (  6034      0)     0.000 (    23      0)
"o_i:PIO:pio_inq_varndims_file_vdesc"                         -       6144     6144 1.228800e+04   2.105864e+02     0.510 (   301      0)     0.001 (    23      0)
"o_i:PIO:pio_inq_varndims_file_vid"                           -       6144     6144 1.228800e+04   2.105789e+02     0.510 (   301      0)     0.001 (    23      0)
"o_i:PIO:pio_inq_vardimid_file_vdesc"                         -       6144     6144 1.228800e+04   9.991465e+00     0.002 (     7      0)     0.001 (  2681      0)
"o_i:PIO:pio_inq_vardimid_file_vid"                           -       6144     6144 1.228800e+04   9.984893e+00     0.002 (    10      0)     0.001 (  2681      0)
"o_i:PIO:pio_inq_dimlen_file_dimid"                           -       6144     6144 3.686400e+04   5.878638e+00     0.001 (  4682      0)     0.001 (  1343      0)
"o_i:PIO:pio_inq_dimlen_file_dimid_offlen"                    -       6144     6144 3.686400e+04   5.866699e+00     0.001 (  4682      0)     0.001 (  1343      0)
"o_i:PIO:pio_inq_vartype_file_vdesc"                          -       6144     6144 1.228800e+04   4.691152e+00     0.001 (  5783      0)     0.001 (   986      0)
"o_i:PIO:pio_inq_vartype_file_vid"                            -       6144     6144 1.228800e+04   4.684870e+00     0.001 (  5783      0)     0.001 (  5143      0)
"o_i:PIO:read_darray_1d_real"                                 -       6144     6144 1.228800e+04   3.263063e+03     0.711 (  1252      0)     0.025 (   302      0)
"o_i:PIO:PIOc_read_darray"                                    -       6144     6144 1.228800e+04   3.263021e+03     0.711 (  1252      0)     0.025 (   302      0)
"o_i:PIO:read_darray_nc"                                      -       6144     6144 1.228800e+04   2.673392e+02     0.698 (  2688      0)     0.000 (  3457      0)
"o_i:PIO:rearrange_io2comp"                                   -       6144     6144 1.228800e+04   2.978600e+03     0.708 (  1252      0)     0.001 (  6132      0)
"o_i:docn_readLBUB_UB_setup"                                  -       6144     6144 6.144000e+03   4.249472e-03     0.000 (     0      0)     0.000 (  1841      0)
"o_i:docn_readLBUB_UB_readpio"                                -       6144     6144 6.144000e+03   3.417283e+03     0.688 (  3048      0)     0.003 (   432      0)
"o_i:docn_readLBUB_filemgt"                                   -       6144     6144 6.144000e+03   1.380056e-03     0.000 (  4844      0)     0.000 (   824      0)
"o_i:docn_strd_adv_fill"                                      -       6144     6144 6.144000e+03   1.741400e+01     0.036 (  5663      0)     0.000 (   374      0)
"o_i:docn_strd_adv_map"                                       -       6144     6144 6.144000e+03   6.581678e+02     0.145 (   764      0)     0.002 (  2452      0)
"o_i:docn_strd_adv_tint"                                      -       6144     6144 6.144000e+03   2.649354e+01     0.035 (  5840      0)     0.000 (   558      0)
"o_i:docn_scatter"                                            -       6144     6144 6.144000e+03   9.370354e-01     0.000 (  4026      0)     0.000 (  2427      0)
"o_i:docn_datamode"                                           -       6144     6144 6.144000e+03   2.634027e-01     0.000 (     0      0)     0.000 (  1190      0)
"o_i:docn_run2"                                               -       6144     6144 6.144000e+03   9.196308e-04     0.000 (     0      0)     0.000 (  1000      0)
"CPL:comp_init_cc_ice"                                        -       6144     6144 6.144000e+03   2.481073e+05    40.425 (  3233      0)    40.366 (  3019      0)
"i_i:comp_init"                                               -       6144     6144 6.144000e+03   2.461017e+05    40.420 (  3167      0)    39.642 (  5420      0)
"i_i:cice_init"                                               -       6144     6144 6.144000e+03   2.838862e+04     4.646 (   887      0)     4.533 (  3328      0)
"i_i:ice_HaloUpdate2DR8"                                      -       6144     6144 2.457600e+04   1.580420e+02     0.778 (  3155      0)     0.000 (  4036      0)
"i_i:ice_HU2DR8_init"                                         -       6144     6144 2.457600e+04   1.456852e-02     0.000 (   305      0)     0.000 (  4628      0)
"i_i:state_bound_h1"                                          -       6144     6144 6.144000e+03   4.062817e+00     0.025 (  3492      0)     0.000 (  1933      0)
"i_i:ice_HaloUpdate3DR8"                                      -       6144     6144 3.072000e+04   4.555777e+00     0.025 (  3492      0)     0.000 (  5985      0)
"i_i:ice_HU3DR8_init"                                         -       6144     6144 3.072000e+04   4.734373e-02     0.000 (  3180      0)     0.000 (  1872      0)
"i_i:ice_HU3DR8_recvall"                                      -       6144     6144 3.072000e+04   3.687235e+00     0.025 (  3492      0)     0.000 (  1618      0)
"i_i:state_bound_hm"                                          -       6144     6144 6.144000e+03   3.017566e+00     0.001 (  2238      0)     0.000 (     0      0)
"i_i:state_bound_hc"                                          -       6144     6144 6.144000e+03   6.012769e-02     0.000 (  5739      0)     0.000 (  2829      0)
"i_i:state_bound_h2"                                          -       6144     6144 6.144000e+03   8.942818e-01     0.000 (   800      0)     0.000 (    23      0)
"i_i:ice_HaloUpdate4DR8"                                      -       6144     6144 6.144000e+03   3.071756e-01     0.000 (   800      0)     0.000 (  3863      0)
"i_i:ice_HU4DR8_init"                                         -       6144     6144 6.144000e+03   3.472874e-02     0.000 (  3654      0)     0.000 (  4128      0)
"i_i:ice_HU4DR8_recvall"                                      -       6144     6144 6.144000e+03   1.757052e-03     0.000 (  1098      0)     0.000 (  3182      0)
"i_i:state_bound_hd"                                          -       6144     6144 6.144000e+03   2.342584e-02     0.000 (   754      0)     0.000 (  2868      0)
"i_i:cice_mct_init"                                           -       6144     6144 6.144000e+03   2.176324e+05    35.798 (  3160      0)    34.991 (  1263      0)
"i_i:PIO:initdecomp"                                          -       6144     6144 1.843200e+04   3.089676e+03     0.954 (     2      0)     0.435 (     0      0)
"i_i:PIO:PIOc_initdecomp"                                     -       6144     6144 1.843200e+04   3.089614e+03     0.954 (     4      0)     0.435 (     0      0)
"i_i:PIO:box_rearrange_create"                                -       6144     6144 1.843200e+04   2.662446e+03     0.434 (  6122      0)     0.433 (   791      0)
"i_i:PIO:pio_swapm"                                           -       6144     6144 5.529600e+04   2.518752e+03     0.429 (  5184      0)     0.350 (  1081      0)
"CPL:comp_init_cc_glc"                                        -       6144     6144 6.144000e+03   2.564726e+01     0.005 (  5772      0)     0.001 (   263      0)
"g_i:comp_init"                                               -       6144     6144 6.144000e+03   9.576250e-03     0.000 (  4169      0)     0.000 (  2780      0)
"CPL:comp_init_cc_wav"                                        -       6144     6144 6.144000e+03   2.302027e+01     0.005 (  4780      0)     0.001 (  4284      0)
"w_i:comp_init"                                               -       6144     6144 6.144000e+03   3.403334e-03     0.000 (  1153      0)     0.000 (   705      0)
"CPL:comp_init_cc_esp"                                        -       6144     6144 6.144000e+03   1.993186e+01     0.004 (  4394      0)     0.000 (  1604      0)
"e_i:comp_init"                                               -       6144     6144 6.144000e+03   4.833493e-03     0.000 (  4829      0)     0.000 (  1330      0)
"CPL:comp_init_cc_iac"                                        -       6144     6144 6.144000e+03   2.272786e+01     0.005 (  2465      0)     0.001 (  1644      0)
"z_i:comp_init"                                               -       6144     6144 6.144000e+03   3.380418e-03     0.000 (  5611      0)     0.000 (  2817      0)
"CPL:comp_init_cx_all"                                        -       6144     6144 6.144000e+03   1.757197e+03     0.298 (  5839      0)     0.249 (  3246      0)
"CPL:comp_list_all"                                           -       6144     6144 6.144000e+03   1.131762e-01     0.000 (  5338      0)     0.000 (  4857      0)
"CPL:init_maps"                                               -       6144     6144 6.144000e+03   2.442585e+02     0.115 (  5572      0)     0.016 (     0      0)
"CPL:init_aream"                                              -       6144     6144 6.144000e+03   1.084773e+02     0.097 (  5103      0)     0.000 (  6143      0)
"CPL:init_domain_check"                                       -       6144     6144 6.144000e+03   3.787089e+02     0.102 (  1422      0)     0.004 (  5572      0)
"CPL:init_areacor"                                            -       6144     6144 6.144000e+03   6.071472e+01     0.010 (  2892      0)     0.009 (   460      0)
"CPL:init_fracs"                                              -       6144     6144 6.144000e+03   1.642481e+01     0.013 (     6      0)     0.001 (  4837      0)
"CPL:init_aoflux"                                             -       6144     6144 6.144000e+03   6.379464e+00     0.001 (  4955      0)     0.001 (     0      0)
"CPL:init_atminit"                                            -       6144     6144 3.686400e+04   3.997397e+01     0.017 (  3474      0)     0.003 (  2962      0)
"CPL:comp_init_cc_atm2"                                       -       6144     6144 6.144000e+03   1.189844e+02     0.024 (  2942      0)     0.010 (   119      0)
"CPL:init_readrestart"                                        -       6144     6144 6.144000e+03   9.881853e-01     0.004 (  4336      0)     0.000 (   964      0)
"CPL:cime_run_init"                                           -       6144     6144 6.144000e+03   8.016186e-01     0.030 (     0      0)     0.000 (  3307      0)
"CPL:INIT_sync1_tprf"                                         -       6144     6144 6.144000e+03   1.845410e+02     0.030 (  5555      0)     0.000 (     0      0)
"CPL:INIT_t_prf"                                              -       6144     6144 6.144000e+03   2.226942e+00     0.343 (     0      0)     0.000 (  2949      0)
"CPL:INIT_sync2_tprf"                                         -       6144     6144 6.144000e+03   2.105951e+03     0.343 (  2949      0)     0.000 (     0      0)
"CPL:RUN_LOOP_BSTART"                                         -       6144     6144 6.144000e+03   2.068967e-01     0.000 (   928      0)     0.000 (     0      0)
"CPL:RUN_LOOP"                                                -       6144     6144 2.654208e+06   3.310665e+06   538.850 (  2458      0)   538.834 (  3583      0)
"CPL:CLOCK_ADVANCE"                                           -       6144     6144 2.654208e+06   2.843181e+02     0.052 (     0      0)     0.041 (  1028      0)
"CPL:RUN"                                                     -       6144     6144 3.184435e+07   2.977012e+04     8.879 (  3852      0)     2.720 (  1904      0)
"CPL:OCNPRE1"                                                 -       6144     6144 2.654208e+06   2.359997e+03     0.454 (  4855      0)     0.323 (  4245      0)
"CPL:ocnpre1_atm2ocn"                                         -       6144     6144 2.654208e+06   2.356874e+03     0.454 (  4855      0)     0.323 (  4245      0)
"CPL:LNDPREP"                                                 -       6144     6144 2.654208e+06   5.898045e+02     0.162 (   708      0)     0.039 (  2758      0)
"CPL:lndprep_atm2lnd"                                         -       6144     6144 2.654208e+06   3.830994e+02     0.120 (   710      0)     0.027 (  1449      0)
"CPL:lndprep_mrgx2l"                                          -       6144     6144 2.654208e+06   2.010327e+02     0.049 (  4794      0)     0.003 (  2761      0)
"CPL:COMM"                                                    -       6144     6144 1.857331e+07   1.468333e+05    41.624 (  3335      0)     8.232 (   751      0)
"CPL:C2L"                                                     -       6144     6144 2.654208e+06   2.423148e+03     0.487 (  1420      0)     0.319 (  5916      0)
"CPL:c2l_lndx2lndl"                                           -       6144     6144 2.654208e+06   1.081554e+03     0.245 (   791      0)     0.115 (  4689      0)
"CPL:c2l_infoexch"                                            -       6144     6144 2.654208e+06   1.336874e+03     0.337 (  1388      0)     0.099 (  5470      0)
"CPL:ICEPREP"                                                 -       6144     6144 2.654208e+06   1.724957e+03     0.299 (  5022      0)     0.268 (   440      0)
"CPL:iceprep_ocn2ice"                                         -       6144     6144 2.654208e+06   2.899096e+02     0.052 (  1444      0)     0.044 (   440      0)
"CPL:iceprep_atm2ice"                                         -       6144     6144 2.654208e+06   5.125066e+02     0.090 (  1380      0)     0.079 (  5482      0)
"CPL:iceprep_mrgx2i"                                          -       6144     6144 2.654208e+06   9.086999e+02     0.160 (  1946      0)     0.141 (  5540      0)
"CPL:C2I"                                                     -       6144     6144 2.654208e+06   1.931708e+03     0.337 (  1544      0)     0.275 (  1387      0)
"CPL:c2i_icex2icei"                                           -       6144     6144 2.654208e+06   5.169953e+02     0.089 (  2544      0)     0.080 (  5290      0)
"CPL:ice_infoexch"                                            -       6144     6144 2.654208e+06   1.410937e+03     0.257 (  1544      0)     0.186 (  1391      0)
"CPL:ICE_RUN"                                                 -       6144     6144 2.654208e+06   2.917998e+04     5.834 (  4848      0)     4.419 (  5881      0)
"i:cice_run_total"                                            -       6144     6144 2.654208e+06   2.599249e+04     5.512 (  4847      0)     3.985 (  1954      0)
"i:cice_run_import"                                           -       6144     6144 2.654208e+06   2.273224e+03     0.465 (  2877      0)     0.332 (  1672      0)
"i:cice_imp_ocn"                                              -       6144     6144 2.654208e+06   1.868627e+02     0.037 (  2080      0)     0.028 (  5144      0)
"i:cice_imp_atm"                                              -       6144     6144 2.654208e+06   1.880661e+02     0.039 (  1813      0)     0.028 (   239      0)
"i:cice_run_initmd"                                           -       6144     6144 2.654208e+06   6.477511e+03     1.139 (  6136      0)     0.923 (  4193      0)
"i:cice_run_presc"                                            -       6144     6144 2.654208e+06   5.811601e+03     0.975 (  4347      0)     0.910 (  5882      0)
"i:cice_pice_strd_adv_total"                                  -       6144     6144 2.654208e+06   3.526529e+03     0.586 (  5247      0)     0.557 (   434      0)
"i:cice_pice_strd_adv_readLBUB"                               -       6144     6144 2.654208e+06   2.992554e+03     0.551 (   684      0)     0.435 (     2      0)
"i:cice_pice_readLBUB_setup"                                  -       6144     6144 2.654208e+06   7.894005e-01     0.000 (   462      0)     0.000 (  2655      0)
"i:cice_pice_readLBUB_fbound"                                 -       6144     6144 1.228800e+04   2.574511e-01     0.256 (     0      0)     0.000 (  1246      0)
"i:cice_pice_readLBUB_bcast"                                  -       6144     6144 1.228800e+04   1.576708e+03     0.257 (    38      0)     0.001 (     0      0)
"i:cice_pice_readLBUB_LB_setup"                               -       6144     6144 6.144000e+03   2.320121e-03     0.000 (     0      0)     0.000 (  5944      0)
"i:cice_pice_readLBUB_LB_readpio"                             -       6144     6144 6.144000e+03   4.109744e+02     0.168 (  4896      0)     0.035 (     0      0)
"i:PIO:openfile"                                              -       6144     6144 6.144000e+03   1.646098e+02     0.027 (  6132      0)     0.027 (     0      0)
"i:PIO:pio_inq_varid_file_vdesc"                              -       6144     6144 3.686400e+04   9.549734e+00     0.002 (  6113      0)     0.001 (    27      0)
"i:PIO:pio_inq_varid_file_vid"                                -       6144     6144 3.686400e+04   9.534622e+00     0.002 (  6108      0)     0.001 (    27      0)
"i:PIO:pio_inq_varndims_file_vdesc"                           -       6144     6144 1.843200e+04   1.578887e+02     0.111 (   301      0)     0.001 (   707      0)
"i:PIO:pio_inq_varndims_file_vid"                             -       6144     6144 1.843200e+04   1.578787e+02     0.111 (   301      0)     0.001 (   707      0)
"i:PIO:pio_inq_vardimid_file_vdesc"                           -       6144     6144 1.843200e+04   1.843274e+01     0.003 (  3897      0)     0.002 (  5678      0)
"i:PIO:pio_inq_vardimid_file_vid"                             -       6144     6144 1.843200e+04   1.842394e+01     0.003 (  3897      0)     0.002 (  5678      0)
"i:PIO:pio_inq_dimlen_file_dimid"                             -       6144     6144 5.529600e+04   1.104460e+01     0.002 (  5742      0)     0.001 (   432      0)
"i:PIO:pio_inq_dimlen_file_dimid_offlen"                      -       6144     6144 5.529600e+04   1.102725e+01     0.002 (  5742      0)     0.001 (   432      0)
"i:PIO:pio_inq_vartype_file_vdesc"                            -       6144     6144 1.843200e+04   8.807267e+00     0.002 (  4999      0)     0.001 (  2800      0)
"i:PIO:pio_inq_vartype_file_vid"                              -       6144     6144 1.843200e+04   8.799294e+00     0.002 (  4999      0)     0.001 (  2796      0)
"i:PIO:read_darray_1d_real"                                   -       6144     6144 1.843200e+04   8.824683e+02     0.256 (   708      0)     0.042 (   301      0)
"i:PIO:PIOc_read_darray"                                      -       6144     6144 1.843200e+04   8.824227e+02     0.256 (   708      0)     0.042 (   301      0)
"i:PIO:read_darray_nc"                                        -       6144     6144 1.843200e+04   7.129176e+01     0.225 (   996      0)     0.000 (  2418      0)
"i:PIO:rearrange_io2comp"                                     -       6144     6144 1.843200e+04   7.907121e+02     0.227 (    75      0)     0.000 (     0      0)
"i:PIO:pio_swapm"                                             -       6144     6144 1.843200e+04   7.901935e+02     0.227 (    75      0)     0.000 (     0      0)
"i:cice_pice_readLBUB_UB_setup"                               -       6144     6144 1.228800e+04   5.152032e-03     0.000 (     0      0)     0.000 (  6125      0)
"i:cice_pice_readLBUB_UB_readpio"                             -       6144     6144 1.228800e+04   9.954860e+02     0.235 (  2292      0)     0.027 (  1988      0)
"i:cice_pice_readLBUB_filemgt"                                -       6144     6144 2.654208e+06   6.220634e-01     0.000 (  4720      0)     0.000 (  2689      0)
"i:cice_pice_strd_adv_map"                                    -       6144     6144 1.228800e+04   4.598385e+02     0.123 (     4      0)     0.008 (  2292      0)
"i:cice_pice_strd_adv_tint"                                   -       6144     6144 2.654208e+06   6.315813e+01     0.016 (    60      0)     0.010 (   888      0)
"i:cice_run_initflux"                                         -       6144     6144 2.654208e+06   2.337138e+02     0.042 (  4884      0)     0.034 (  3421      0)
"i:cice_run_prepradiation"                                    -       6144     6144 2.654208e+06   8.712394e+01     0.022 (  4862      0)     0.013 (  5147      0)
"i:cice_run_therm1"                                           -       6144     6144 2.654208e+06   3.494136e+03     1.137 (  4839      0)     0.494 (  2308      0)
"i:cice_run_dyn"                                              -       6144     6144 2.654208e+06   1.411328e-01     0.000 (  4168      0)     0.000 (  5172      0)
"i:cice_run_radiation"                                        -       6144     6144 2.654208e+06   2.117684e+03     1.165 (  4926      0)     0.251 (  5879      0)
"i:cice_step_radiationib"                                     -       6144     6144 2.654208e+06   1.901206e+03     1.130 (  4926      0)     0.216 (  5879      0)
"i:cice_step_rib_swdedd1"                                     -       6144     6144 2.654208e+06   1.680104e+02     0.051 (  4292      0)     0.011 (  5901      0)
"i:cice_step_rib_swdedd2"                                     -       6144     6144 2.654208e+06   1.324714e+02     0.024 (  4854      0)     0.021 (  6100      0)
"i:cice_step_rib_swdedd7"                                     -       6144     6144 2.654208e+06   1.492531e+03     1.055 (  4926      0)     0.162 (  5080      0)
"i:cice_run_couplingprep"                                     -       6144     6144 2.654208e+06   1.496684e+03     0.324 (  4295      0)     0.222 (  5672      0)
"i:ice_HaloUpdate2DR8"                                        -       6144     6144 2.654208e+06   1.354510e+02     0.105 (  4295      0)     0.008 (  1454      0)
"i:ice_HU2DR8_init"                                           -       6144     6144 2.654208e+06   2.120762e+00     0.001 (  5525      0)     0.000 (  3307      0)
"i:cice_run_diag"                                             -       6144     6144 2.654208e+06   1.842691e+03     0.320 (   436      0)     0.236 (  4896      0)
"i:cice_run_hist"                                             -       6144     6144 2.654208e+06   1.377860e+03     0.246 (  6116      0)     0.177 (  5878      0)
"i:cice_run_accum"                                            -       6144     6144 2.654208e+06   2.832756e+01     0.005 (  4788      0)     0.004 (   788      0)
"i:cice_run_export"                                           -       6144     6144 2.654208e+06   6.944190e+02     0.128 (  4839      0)     0.104 (  1943      0)
"CPL:LND_RUN"                                                 -       6144     6144 2.654208e+06   3.550690e+05    67.782 (   379      0)    48.995 (  6052      0)
"l:lc_lnd_import"                                             -       6144     6144 2.654208e+06   8.759002e+02     0.213 (  5744      0)     0.085 (    80      0)
"l:elm_run"                                                   -       6144     6144 2.660352e+06   3.533002e+05    67.454 (   379      0)    48.660 (  6052      0)
"l:shr_orb_decl"                                              -       6144     6144 2.660352e+06   2.866827e+00     0.001 (  1844      0)     0.000 (  4828      0)
"l:decomp_vert"                                               -       6144     6144 2.660352e+06   4.241660e+01     0.012 (  1471      0)     0.003 (  4689      0)
"l:beggridwbal"                                               -       6144     6144 2.660352e+06   1.590911e+03     0.309 (   430      0)     0.221 (  4380      0)
"l:cnpinit"                                                   -       6144     6144 2.660352e+06   2.575672e+00     0.001 (  5532      0)     0.000 (  4231      0)
"l:cnpvegsumm"                                                -       6144     6144 2.660352e+06   4.561462e-01     0.000 (  5867      0)     0.000 (  5773      0)
"l:dyn_subgrid"                                               -       6144     6144 2.660352e+06   9.528943e+03     1.801 (   654      0)     1.359 (  3441      0)
"l:begwbal"                                                   -       6144     6144 2.660352e+06   1.848321e+02     0.046 (   430      0)     0.019 (  5491      0)
"l:begcnpbal"                                                 -       6144     6144 2.660352e+06   4.174784e-01     0.000 (  4917      0)     0.000 (  1470      0)
"l:drvinit"                                                   -       6144     6144 2.660352e+06   8.719146e+02     0.159 (   935      0)     0.129 (  3442      0)
"l:canhydro"                                                  -       6144     6144 2.660352e+06   1.716005e+03     0.390 (   737      0)     0.210 (  3312      0)
"l:surfrad"                                                   -       6144     6144 2.660352e+06   3.399616e+03     0.675 (  1117      0)     0.461 (  2885      0)
"l:bgp1"                                                      -       6144     6144 2.660352e+06   1.929541e+03     0.438 (   430      0)     0.239 (  3441      0)
"l:bgflux"                                                    -       6144     6144 2.660352e+06   2.677126e+03     0.607 (   980      0)     0.270 (  1382      0)
"l:canflux"                                                   -       6144     6144 2.660352e+06   1.044991e+05    24.805 (  5034      0)    10.961 (  4067      0)
"l:can_iter"                                                  -       6144     6144 2.660352e+06   8.552602e+04    21.289 (  5034      0)     8.388 (  4067      0)
"l:uflux"                                                     -       6144     6144 2.660352e+06   1.548644e+03     0.490 (  6075      0)     0.098 (  5491      0)
"l:bgplake"                                                   -       6144     6144 2.660352e+06   7.722348e+03     1.796 (   186      0)     0.835 (  3860      0)
"l:bgc"                                                       -       6144     6144 2.660352e+06   5.775170e+03     1.238 (  1867      0)     0.718 (  3099      0)
"l:soiltemperature"                                           -       6144     6144 2.660352e+06   6.877395e+04    13.272 (  6075      0)     9.695 (  3421      0)
"l:SoilThermProp"                                             -       6144     6144 2.660352e+06   3.267622e+03     0.753 (   654      0)     0.380 (  5491      0)
"l:SoilTempBandDiag"                                          -       6144     6144 5.320704e+06   6.252637e+03     1.662 (   100      0)     0.672 (  5491      0)
"l:PhaseChangeH2osfc"                                         -       6144     6144 2.660352e+06   3.256547e+01     0.010 (   654      0)     0.003 (  5491      0)
"l:PhaseChangebeta"                                           -       6144     6144 2.660352e+06   1.267612e+03     0.326 (   654      0)     0.107 (  4921      0)
"l:bgp2"                                                      -       6144     6144 2.660352e+06   2.727017e+03     0.557 (  6075      0)     0.346 (  3442      0)
"l:bgp2_loop_1"                                               -       6144     6144 2.660352e+06   4.892995e+02     0.099 (  6075      0)     0.064 (  3442      0)
"l:bgp2_loop_2"                                               -       6144     6144 2.660352e+06   8.855231e+02     0.172 (   751      0)     0.119 (  3442      0)
"l:bgp2_loop_3"                                               -       6144     6144 2.660352e+06   1.046119e+03     0.232 (  5346      0)     0.117 (  3099      0)
"l:bgp2_loop_4"                                               -       6144     6144 2.660352e+06   2.908817e+02     0.058 (   848      0)     0.040 (  3788      0)
"l:patch2col"                                                 -       6144     6144 2.660352e+06   1.350046e+03     0.273 (   768      0)     0.180 (  4101      0)
"l:hydro without drainage"                                    -       6144     6144 2.660352e+06   2.194274e+04     4.703 (   740      0)     2.852 (  3280      0)
"l:hylake"                                                    -       6144     6144 2.660352e+06   1.991130e+03     0.764 (   192      0)     0.251 (    82      0)
"l:snow_init"                                                 -       6144     6144 2.660352e+06   1.336074e+02     0.051 (  1185      0)     0.009 (   257      0)
"l:ecosysdyn"                                                 -       6144     6144 2.660352e+06   5.025943e+02     0.096 (  1039      0)     0.068 (  2885      0)
"l:depvel"                                                    -       6144     6144 5.320704e+06   2.902847e+00     0.001 (  4428      0)     0.000 (  4219      0)
"l:hydro2 drainage"                                           -       6144     6144 2.660352e+06   1.446724e+03     0.342 (  1656      0)     0.172 (  3735      0)
"l:balchk"                                                    -       6144     6144 2.660352e+06   1.653087e+03     0.304 (  1039      0)     0.240 (  2884      0)
"l:gridbalchk"                                                -       6144     6144 2.660352e+06   1.088555e+03     0.194 (  6075      0)     0.160 (  2133      0)
"l:lnd2atm"                                                   -       6144     6144 2.660352e+06   7.800540e+03     1.424 (  5771      0)     1.134 (  1190      0)
"l:wrtdiag"                                                   -       6144     6144 2.660352e+06   2.957776e+01     0.023 (     0      0)     0.004 (  3368      0)
"l:hbuf"                                                      -       6144     6144 2.660352e+06   2.849931e+04     5.139 (  1039      0)     4.176 (  1190      0)
"l:elm_drv_io"                                                -       6144     6144 2.660352e+06   8.544142e+00     0.002 (  5882      0)     0.001 (  1874      0)
"l:elm_drv_io_htapes"                                         -       6144     6144 2.660352e+06   7.079040e+00     0.002 (   226      0)     0.001 (  4683      0)
"l:lc_lnd_export"                                             -       6144     6144 2.660352e+06   2.481062e+02     0.043 (  1639      0)     0.039 (  3069      0)
"l:lc_elm2_adv_timestep"                                      -       6144     6144 2.660352e+06   2.007701e+00     0.000 (  3073      0)     0.000 (  5736      0)
"l:accum"                                                     -       6144     6144 2.654208e+06   5.724084e+03     0.978 (  4920      0)     0.880 (  1426      0)
"CPL:ATMOCNP"                                                 -       6144     6144 2.654208e+06   4.439554e+03     1.041 (  2905      0)     0.172 (  5900      0)
"CPL:atmocnp_fluxo"                                           -       6144     6144 2.654208e+06   3.774645e+03     0.942 (  2905      0)     0.062 (  5900      0)
"CPL:atmocnp_ocnalb"                                          -       6144     6144 2.654208e+06   6.567527e+02     0.159 (  1926      0)     0.079 (  3721      0)
"CPL:L2C"                                                     -       6144     6144 2.654208e+06   2.944155e+04     9.960 (  5541      0)     0.220 (  1071      0)
"CPL:l2c_lndl2lndx"                                           -       6144     6144 2.654208e+06   2.943038e+04     9.958 (  5541      0)     0.219 (  1071      0)
"lnd2cpl_run"                                                 -       6144     6144 2.654208e+06   6.995210e+00     0.001 (   570      0)     0.001 (  4198      0)
"CPL:LNDPOST"                                                 -       6144     6144 2.654208e+06   1.712513e+00     0.000 (   518      0)     0.000 (  5640      0)
"CPL:I2C"                                                     -       6144     6144 2.654208e+06   5.234163e+02     0.090 (  3204      0)     0.079 (  5728      0)
"CPL:i2c_icei2icex"                                           -       6144     6144 2.654208e+06   5.138066e+02     0.088 (  3204      0)     0.078 (  1082      0)
"CPL:i2c_infoexch"                                            -       6144     6144 2.654208e+06   4.782638e+00     0.001 (  3035      0)     0.001 (  4870      0)
"CPL:ICEPOST"                                                 -       6144     6144 2.654208e+06   5.685113e-01     0.000 (  5994      0)     0.000 (  5146      0)
"CPL:FRACSET"                                                 -       6144     6144 2.654208e+06   6.213188e+02     0.106 (  1256      0)     0.097 (  2766      0)
"CPL:fracset_fracset"                                         -       6144     6144 2.654208e+06   6.200241e+02     0.106 (  1256      0)     0.097 (  2766      0)
"CPL:ATMPREP"                                                 -       6144     6144 2.654208e+06   1.999938e+04     7.163 (  3852      0)     1.282 (  1449      0)
"CPL:atmprep_xao2atm"                                         -       6144     6144 2.654208e+06   1.687429e+03     0.317 (  1837      0)     0.249 (  1073      0)
"CPL:atmprep_ocn2atm"                                         -       6144     6144 2.654208e+06   1.082184e+03     0.201 (  2033      0)     0.158 (  1123      0)
"CPL:atmprep_alb2atm"                                         -       6144     6144 2.654208e+06   4.468229e+02     0.086 (  5724      0)     0.064 (  5900      0)
"CPL:atmprep_ice2atm"                                         -       6144     6144 2.654208e+06   1.808948e+03     0.329 (  5916      0)     0.269 (  4615      0)
"CPL:atmprep_lnd2atm"                                         -       6144     6144 2.654208e+06   1.312575e+04     6.060 (  3852      0)     0.168 (  1449      0)
"CPL:atmprep_mrgx2a"                                          -       6144     6144 2.654208e+06   1.832039e+03     0.339 (  5604      0)     0.278 (  2538      0)
"CPL:C2A"                                                     -       6144     6144 2.654208e+06   2.093364e+04     6.045 (  2754      0)     0.756 (  3919      0)
"CPL:c2a_atmx2atmg"                                           -       6144     6144 2.654208e+06   1.782061e+04     5.746 (  2751      0)     0.537 (  3919      0)
"CPL:c2a_infoexch"                                            -       6144     6144 2.654208e+06   3.109066e+03     1.739 (  1264      0)     0.139 (  2161      0)
"CPL:ATM_RUN"                                                 -       6144     6144 2.654208e+06   2.722542e+06   454.652 (  4860      0)   432.795 (  3331      0)
"a:EAMxx::run"                                                -       6144     6144 2.654208e+06   2.720815e+06   454.375 (  4860      0)   432.518 (  3331      0)
"a:PIO:PIOc_sync"                                             -       6144     6144 6.144000e+03   1.401238e-01     0.000 (  3300      0)     0.000 (  3023      0)
"a:PIO:write_total"                                           -       6144     6144 6.144000e+03   1.255312e-01     0.000 (  3300      0)     0.000 (  3966      0)
"a:PIO:flush_output_buffer"                                   -        512      512 5.120000e+02   5.399355e-02     0.000 (  3300      0)     0.000 (  3276      0)
"a:EAMxx::EAMxx::run"                                         -       6144     6144 2.654208e+06   2.720319e+06   454.290 (  4860      0)   432.437 (  3331      0)
"a:EAMxx::EAMxx::run-precondition-checks"                     -       6144     6144 2.654208e+06   1.056755e+00     0.000 (  6044      0)     0.000 (  3588      0)
"a:EAMxx::SurfaceCouplingImporter::run"                       -       6144     6144 2.654208e+06   2.414442e+03     0.636 (  1635      0)     0.288 (    44      0)
"a:EAMxx::SurfaceCouplingImporter::run-precondition-checks"   -       6144     6144 2.654208e+06   4.795179e-01     0.000 (   145      0)     0.000 (  3468      0)
"a:EAMxx::SurfaceCouplingImporter::run-postcondition-checks"  -       6144     6144 2.654208e+06   1.969070e+03     0.563 (  1635      0)     0.217 (   212      0)
"a:EAMxx::homme::run"                                         -       6144     6144 2.654208e+06   2.500990e+06   407.233 (  4559      0)   406.830 (  2816      0)
"a:EAMxx::homme::run-precondition-checks"                     -       6144     6144 2.654208e+06   5.061860e-01     0.000 (  2119      0)     0.000 (  1076      0)
"a:tl-sc prim_run_subcycle_c"                                 -       6144     6144 5.308416e+06   2.440038e+06   397.374 (  5157      0)   396.770 (  5731      0)
"a:tl-s prim_step_flexible"                                   -       6144     6144 5.308416e+06   2.440013e+06   397.370 (  5157      0)   396.766 (  5731      0)
"a:ApplyCAMForcing_tracers"                                   -       6144     6144 2.654208e+06   5.366813e+03     1.209 (  3548      0)     0.683 (   905      0)
"a:tl-s deep_copy+derived_dp"                                 -       6144     6144 5.308416e+06   8.835939e+02     0.210 (  2909      0)     0.130 (  5872      0)
"a:ApplyCAMForcing_dynamics"                                  -       6144     6144 1.592525e+07   5.479754e+03     1.181 (  4403      0)     0.781 (  5538      0)
"a:tl-ae prim_advance_exp"                                    -       6144     6144 3.185050e+07   1.997025e+06   332.334 (  5731      0)   320.826 (  6094      0)
"a:ttype9_imex_timestep"                                      -       6144     6144 3.185050e+07   1.701539e+06   288.303 (  1513      0)   272.146 (  4173      0)
"a:caar compute"                                              -       6144     6144 3.185050e+08   5.465851e+05    95.547 (  1512      0)    79.727 (  5730      0)
"a:caar_bexchV"                                               -       6144     6144 1.592525e+08   3.525568e+05    75.733 (  5730      0)    44.333 (  2547      0)
"a:caar limiter"                                              -       6144     6144 1.911030e+08   1.249860e+05    23.612 (  5578      0)    18.458 (  4354      0)
"a:compute_stage_value_dirk"                                  -       6144     6144 1.592525e+08   6.632586e+05   120.859 (  1814      0)   101.567 (  5730      0)
"a:tl-ae advance_hypervis_dp"                                 -       6144     6144 3.185050e+07   2.942404e+05    56.647 (  1224      0)    41.131 (  1103      0)
"a:hvf-bhwk"                                                  -       6144     6144 3.185050e+07   1.691156e+05    31.126 (  1201      0)    24.800 (  1787      0)
"a:hvf-bexch"                                                 -       6144     6144 9.555149e+07   1.415576e+05    32.675 (  1224      0)    15.385 (  2547      0)
"a:tl-sc vertical_remap"                                      -       6144     6144 1.592525e+07   1.361275e+05    26.600 (  5621      0)    17.902 (  5730      0)
"a:Remap Thickness Functor"                                   -       6144     6144 1.592525e+07   3.172891e+03     0.575 (  1512      0)     0.444 (  5730      0)
"a:Remap Scale States Functor"                                -       6144     6144 1.592525e+07   1.237573e+03     0.223 (  3993      0)     0.183 (  1229      0)
"a:Remap Compute Grids Functor"                               -       6144     6144 1.592525e+07   1.077351e+04     1.929 (  1512      0)     1.521 (  5730      0)
"a:Remap Compute Remap Functor"                               -       6144     6144 1.592525e+07   9.855724e+04    19.797 (  5621      0)    12.801 (  5730      0)
"a:Remap Rescale States Functor"                              -       6144     6144 1.592525e+07   2.225654e+03     0.452 (  1999      0)     0.283 (  5730      0)
"a:tl-at prim_advec_tracers_compose"                          -       6144     6144 5.308416e+06   2.709556e+05    48.014 (  4161      0)    36.331 (  1512      0)
"a:compose_transport"                                         -       6144     6144 5.308416e+06   2.708859e+05    48.002 (  4161      0)    36.320 (  1512      0)
"a:compose_calc_trajectory"                                   -       6144     6144 5.308416e+06   3.151755e+04     7.887 (  5620      0)     4.499 (  2023      0)
"a:compose_3d_levels"                                         -       6144     6144 5.308416e+06   1.862826e+04     3.582 (  5621      0)     2.558 (  5730      0)
"a:compose_v_bexchv"                                          -       6144     6144 5.308416e+06   1.176162e+04     4.684 (  5620      0)     1.258 (  2023      0)
"a:compose_v2x"                                               -       6144     6144 5.308416e+06   1.105048e+03     0.260 (  3940      0)     0.142 (  5730      0)
"a:compose_isl"                                               -       6144     6144 5.308416e+06   7.602377e+04    15.503 (  4878      0)    10.221 (  1607      0)
"a:compose_hypervis_scalar"                                   -       6144     6144 5.308416e+06   8.054249e+04    18.254 (   487      0)     8.356 (  3757      0)
"a:compose_cedr_global"                                       -       6144     6144 5.308416e+06   5.922131e+04    13.815 (  6134      0)     6.620 (  1499      0)
"a:repro_sum_int"                                             -       6144     6144 5.308416e+06   4.599610e+04    11.658 (  6132      0)     4.455 (  1499      0)
"a:compose_cedr_local"                                        -       6144     6144 5.308416e+06   8.254106e+03     1.570 (  3776      0)     1.111 (  5730      0)
"a:compose_dss_q"                                             -       6144     6144 5.308416e+06   1.528581e+04     2.692 (  3425      0)     2.239 (  3811      0)
"a:compose_vertical_remap"                                    -       6144     6144 5.308416e+06   2.394306e+04     4.443 (  5621      0)     3.400 (  5730      0)
"a:shr_reprosum_INF_NaN_Chk"                                  -       6144     6144 5.308416e+06   3.633053e+02     0.072 (  2575      0)     0.058 (  1776      0)
"a:shr_reprosum_int"                                          -       6144     6144 5.308416e+06   9.148326e+03     2.357 (  5730      0)     0.735 (  5621      0)
"a:repro_sum_loopa"                                           -       6144     6144 5.308416e+06   1.949248e+02     0.034 (  4528      0)     0.031 (  3369      0)
"a:repro_sum_allr_minmax"                                     -       6144     6144 5.308416e+06   6.964621e+03     2.002 (  5730      0)     0.394 (  5621      0)
"a:repro_sum_loopb"                                           -       6144     6144 5.308416e+06   5.043953e+02     0.117 (   360      0)     0.080 (  1141      0)
"a:repro_sum_allr_i8"                                         -       6144     6144 5.308416e+06   1.451612e+03     0.248 (  1827      0)     0.209 (  5972      0)
"a:repro_sum_finalsum"                                        -       6144     6144 5.308416e+06   5.360363e+00     0.001 (  3120      0)     0.001 (  1813      0)
"a:EAMxx::homme::run-postcondition-checks"                    -       6144     6144 2.654208e+06   4.035601e+03     0.751 (  4327      0)     0.593 (  2680      0)
"a:EAMxx::physics::run"                                       -       6144     6144 2.654208e+06   2.140645e+05    46.416 (  4860      0)    24.518 (  3331      0)
"a:EAMxx::physics::run-precondition-checks"                   -       6144     6144 2.654208e+06   6.624697e-01     0.000 (  5648      0)     0.000 (  3768      0)
"a:EAMxx::mac_aero_mic::run"                                  -       6144     6144 2.654208e+06   5.891011e+04    13.499 (  2601      0)     7.644 (   668      0)
"a:EAMxx::mac_aero_mic::run-precondition-checks"              -       6144     6144 2.654208e+06   4.397062e-01     0.000 (  2709      0)     0.000 (   251      0)
"a:EAMxx::tms::run"                                           -       6144     6144 2.654208e+06   1.018137e+03     0.404 (   105      0)     0.057 (    46      0)
"a:EAMxx::tms::run-precondition-checks"                       -       6144     6144 2.654208e+06   3.972902e-01     0.000 (  1931      0)     0.000 (  2234      0)
"a:EAMxx::tms::run-postcondition-checks"                      -       6144     6144 2.654208e+06   2.714725e+02     0.072 (  4106      0)     0.040 (  2672      0)
"a:EAMxx::shoc::run"                                          -       6144     6144 2.654208e+06   1.980192e+04     3.557 (  2594      0)     2.497 (  5463      0)
"a:EAMxx::shoc::run-precondition-checks"                      -       6144     6144 2.654208e+06   4.021442e-01     0.000 (  1584      0)     0.000 (  5147      0)
"a:EAMxx::shoc::preprocess"                                   -       6144     6144 2.654208e+06   2.915915e+02     0.390 (  2514      0)     0.006 (  4465      0)
"a:EAMxx::shoc::shoc_main"                                    -       6144     6144 2.654208e+06   6.559176e+03     1.385 (  3942      0)     0.680 (  5024      0)
"a:EAMxx::shoc::postprocess"                                  -       6144     6144 2.654208e+06   1.743225e+03     0.552 (  4573      0)     0.238 (  1149      0)
"a:EAMxx::shoc::run-postcondition-checks"                     -       6144     6144 2.654208e+06   7.311781e+03     1.272 (  1294      0)     0.707 (   668      0)
"a:EAMxx::cld_fraction::run"                                  -       6144     6144 2.654208e+06   1.557417e+03     0.281 (  4689      0)     0.231 (  5730      0)
"a:EAMxx::cld_fraction::run-precondition-checks"              -       6144     6144 2.654208e+06   8.910967e-01     0.000 (  5453      0)     0.000 (  4821      0)
"a:EAMxx::cld_fraction::run-postcondition-checks"             -       6144     6144 2.654208e+06   1.412370e+03     0.256 (  3501      0)     0.209 (  5620      0)
"a:EAMxx::spa::run"                                           -       6144     6144 2.654208e+06   1.105790e+04     2.196 (   261      0)     1.660 (  4964      0)
"a:EAMxx::spa::run-precondition-checks"                       -       6144     6144 2.654208e+06   5.520152e-01     0.000 (  5886      0)     0.000 (  4289      0)
"a:EAMxx::spa::run-postcondition-checks"                      -       6144     6144 2.654208e+06   7.109236e+03     1.249 (   893      0)     1.062 (  5045      0)
"a:EAMxx::p3::run"                                            -       6144     6144 2.654208e+06   2.537202e+04     7.898 (  2601      0)     2.586 (   668      0)
"a:EAMxx::p3::run-precondition-checks"                        -       6144     6144 2.654208e+06   8.098297e+02     0.481 (  3635      0)     0.069 (  5680      0)
"a:EAMxx::p3::run-postcondition-checks"                       -       6144     6144 2.654208e+06   7.246706e+03     1.524 (  3416      0)     0.924 (   668      0)
"a:EAMxx::mac_aero_mic::run-postcondition-checks"             -       6144     6144 2.654208e+06   7.180488e-01     0.000 (  5843      0)     0.000 (  2797      0)
"a:EAMxx::rrtmgp::run"                                        -       6144     6144 2.654208e+06   1.550543e+05    34.582 (  1549      0)    16.201 (  3330      0)
"a:EAMxx::rrtmgp::run-precondition-checks"                    -       6144     6144 2.654208e+06   2.320409e+02     0.041 (  2967      0)     0.032 (  3342      0)
"a:EAMxx::rrtmgp::run-postcondition-checks"                   -       6144     6144 2.654208e+06   5.530229e+03     0.996 (  4279      0)     0.831 (   914      0)
"a:EAMxx::physics::run-postcondition-checks"                  -       6144     6144 2.654208e+06   5.467576e-01     0.000 (  2187      0)     0.000 (  4300      0)
"a:EAMxx::SurfaceCouplingExporter::run"                       -       6144     6144 2.654208e+06   2.611454e+03     0.478 (  1957      0)     0.383 (  1858      0)
"a:EAMxx::SurfaceCouplingExporter::run-precondition-checks"   -       6144     6144 2.654208e+06   9.358606e-01     0.000 (  2036      0)     0.000 (  4895      0)
"a:EAMxx::SurfaceCouplingExporter::run-postcondition-checks"  -       6144     6144 2.654208e+06   9.887900e-01     0.000 (  4802      0)     0.000 (  5870      0)
"a:EAMxx::EAMxx::run-postcondition-checks"                    -       6144     6144 2.654208e+06   4.644665e-01     0.000 (  3034      0)     0.000 (   893      0)
"a:EAMxx::IO::restart"                                        -       6144     6144 2.654208e+06   1.566518e+01     0.008 (  1354      0)     0.002 (  4565      0)
"a:EAMxx::IO::model_restart"                                  -       6144     6144 2.654208e+06   1.289949e+01     0.007 (  1354      0)     0.002 (  4565      0)
"a:EAMxx::IO::restart::get_new_file"                          -       6144     6144 2.654208e+06   4.141474e-01     0.000 (  5285      0)     0.000 (  4584      0)
"a:EAMxx::IO::restart::run_output_streams"                    -       6144     6144 2.654208e+06   4.742750e+00     0.006 (  1354      0)     0.001 (  2028      0)
"a:EAMxx::IO::standard"                                       -       6144     6144 2.654208e+06   6.251889e+00     0.001 (  1796      0)     0.001 (   780      0)
"a:EAMxx::IO::nooutput.yaml"                                  -       6144     6144 2.654208e+06   4.560967e+00     0.001 (   466      0)     0.001 (  5629      0)
"a:EAMxx::IO::standard::get_new_file"                         -       6144     6144 2.654208e+06   2.021909e-01     0.000 (  3828      0)     0.000 (  4584      0)
"a:EAMxx::IO::standard::run_output_streams"                   -       6144     6144 2.654208e+06   4.320188e-01     0.000 (  1383      0)     0.000 (  2816      0)
"CPL:A2C"                                                     -       6144     6144 2.654208e+06   7.400191e+04    22.448 (  3331      0)     1.942 (  4860      0)
"CPL:a2c_atma2atmx"                                           -       6144     6144 2.654208e+06   5.259173e+04    19.954 (  4287      0)     0.311 (  2087      0)
"CPL:a2c_infoexch"                                            -       6144     6144 2.654208e+06   2.140239e+04    11.175 (  3615      0)     0.060 (     0      0)
"CPL:ATMPOST"                                                 -       6144     6144 2.654208e+06   1.437004e+00     0.000 (  1048      0)     0.000 (  4564      0)
"CPL:HISTORY"                                                 -       6144     6144 2.654208e+06   7.255400e+00     0.002 (   684      0)     0.001 (  3518      0)
"CPL:cime_run_write_history"                                  -       6144     6144 2.654208e+06   5.689653e+00     0.001 (   696      0)     0.001 (  1028      0)
"CPL:TSTAMP_WRITE"                                            -       6144     6144 2.654208e+06   1.786976e+00     0.001 (  6073      0)     0.000 (  1874      0)
"CPL:TPROF_WRITE"                                             -       6144     6144 2.654208e+06   9.046004e-01     0.000 (  4272      0)     0.000 (  3137      0)
"CPL:C2O_INITWAIT"                                            -       6144     6144 2.648064e+06   2.557345e+04     8.243 (    96      0)     2.044 (  1477      0)
"l:interpMonthlyVeg"                                          -       6144     6144 2.648064e+06   4.722321e+04     7.692 (  5484      0)     7.676 (   871      0)
"l:readMonthlyVeg"                                            -       6144     6144 6.144000e+03   4.722149e+04     7.691 (  5520      0)     7.676 (   871      0)
"l:PIO:openfile"                                              -       6144     6144 6.144000e+03   2.735564e+02     0.070 (  3980      0)     0.017 (  3285      0)
"l:PIO:pio_inq_varid_file_vdesc"                              -       6144     6144 4.915200e+04   2.004392e+01     0.008 (  5875      0)     0.000 (    70      0)
"l:PIO:pio_inq_varid_file_vid"                                -       6144     6144 4.915200e+04   2.002362e+01     0.008 (  5875      0)     0.000 (    70      0)
"l:PIO:pio_inq_varndims_file_vdesc"                           -       6144     6144 4.915200e+04   1.709433e+01     0.086 (  2041      0)     0.001 (  2051      0)
"l:PIO:pio_inq_varndims_file_vid"                             -       6144     6144 4.915200e+04   1.707885e+01     0.086 (  2041      0)     0.001 (  2051      0)
"l:PIO:pio_inq_vardimid_file_vdesc"                           -       6144     6144 4.915200e+04   4.066548e+01     0.008 (   219      0)     0.002 (  2076      0)
"l:PIO:pio_inq_vardimid_file_vid"                             -       6144     6144 4.915200e+04   4.065177e+01     0.008 (   219      0)     0.002 (  2080      0)
"l:PIO:pio_inq_dimname_file_dimid"                            -       6144     6144 4.177920e+05   1.031965e+02     0.021 (    26      0)     0.003 (  2088      0)
"l:PIO:pio_inq_dimlen_file_dimid"                             -       6144     6144 9.830400e+04   1.655413e+01     0.003 (  1426      0)     0.001 (  2052      0)
"l:PIO:pio_inq_dimlen_file_dimid_offlen"                      -       6144     6144 9.830400e+04   1.653000e+01     0.003 (  1426      0)     0.001 (  2052      0)
"l:PIO:pio_inquire_file"                                      -       6144     6144 1.843200e+05   3.032777e+01     0.006 (  1259      0)     0.001 (  2052      0)
"l:PIO:pio_inq_ndims_file"                                    -       6144     6144 1.843200e+05   3.028679e+01     0.006 (  1254      0)     0.001 (  2052      0)
"l:PIO:initdecomp"                                            -       6144     6144 6.144000e+03   1.508964e+03     0.246 (  4536      0)     0.245 (   868      0)
"l:PIO:PIOc_initdecomp"                                       -       6144     6144 6.144000e+03   1.508577e+03     0.246 (  4537      0)     0.245 (  1060      0)
"l:PIO:box_rearrange_create"                                  -       6144     6144 6.144000e+03   1.504926e+03     0.245 (  4505      0)     0.245 (   876      0)
"l:PIO:pio_swapm"                                             -       6144     6144 6.758400e+04   4.548622e+04     7.592 (  2087      0)     2.972 (   660      0)
"l:PIO:read_darray_3d_double"                                 -       6144     6144 4.915200e+04   4.504186e+04     7.365 (  2051      0)     7.263 (  2044      0)
"l:PIO:PIOc_read_darray"                                      -       6144     6144 4.915200e+04   4.504173e+04     7.365 (  2051      0)     7.263 (  2045      0)
"l:PIO:read_darray_nc"                                        -       6144     6144 4.915200e+04   8.581698e+02     4.527 (   660      0)     0.000 (  1971      0)
"l:PIO:rearrange_io2comp"                                     -       6144     6144 4.915200e+04   4.412203e+04     7.362 (  2051      0)     2.779 (   660      0)
"l:PIO:closefile"                                             -       6144     6144 6.144000e+03   2.881307e+00     0.014 (  1200      0)     0.000 (  5626      0)
"l:PIO:PIOc_closefile"                                        -       6144     6144 6.144000e+03   2.872419e+00     0.014 (  1200      0)     0.000 (  5626      0)
"l:surfalb"                                                   -       6144     6144 2.648064e+06   2.138019e+04     4.140 (  3594      0)     2.913 (   805      0)
"l:urbsurfalb"                                                -       6144     6144 2.648064e+06   4.066139e+03     0.756 (   461      0)     0.545 (    49      0)
"CPL:OCNT_RUN"                                                -       6144     6144 2.648064e+06   1.328749e+03     0.283 (     0      0)     0.173 (  5772      0)
"o:DOCN_RUN"                                                  -       6144     6144 2.648064e+06   1.175919e+03     0.224 (  6052      0)     0.148 (  5772      0)
"o:docn_run1"                                                 -       6144     6144 2.648064e+06   2.427919e+00     0.000 (    84      0)     0.000 (  5348      0)
"o:docn"                                                      -       6144     6144 2.648064e+06   1.168511e+03     0.223 (  6052      0)     0.146 (  5772      0)
"o:docn_strdata_advance"                                      -       6144     6144 2.648064e+06   6.533103e+02     0.135 (  6052      0)     0.063 (  5772      0)
"o:docn_strd_adv_total"                                       -       6144     6144 2.648064e+06   6.500380e+02     0.134 (  6052      0)     0.062 (  5772      0)
"o:docn_strd_adv_readLBUB"                                    -       6144     6144 2.648064e+06   3.873886e+02     0.110 (   698      0)     0.018 (  6108      0)
"o:docn_readLBUB_setup"                                       -       6144     6144 2.648064e+06   8.482307e-01     0.000 (  4393      0)     0.000 (  3612      0)
"o:docn_readLBUB_filemgt"                                     -       6144     6144 2.648064e+06   5.126362e-01     0.000 (  4966      0)     0.000 (  4476      0)
"o:docn_strd_adv_tint"                                        -       6144     6144 2.648064e+06   5.460005e+01     0.011 (   803      0)     0.008 (  2533      0)
"o:docn_scatter"                                              -       6144     6144 2.648064e+06   2.659764e+02     0.050 (  5287      0)     0.040 (   937      0)
"o:docn_datamode"                                             -       6144     6144 2.648064e+06   5.875515e+01     0.011 (  4862      0)     0.008 (  2417      0)
"o:docn_run2"                                                 -       6144     6144 2.648064e+06   2.776676e-01     0.004 (     0      0)     0.000 (  4231      0)
"CPL:O2CT"                                                    -       6144     6144 2.648064e+06   1.756645e+04    12.314 (  1193      0)     0.044 (  5430      0)
"CPL:o2c_ocno2ocnx"                                           -       6144     6144 2.648064e+06   2.359218e+02     0.042 (  5839      0)     0.035 (   969      0)
"CPL:o2c_infoexch"                                            -       6144     6144 2.648064e+06   1.732613e+04    12.274 (  1193      0)     0.005 (   751      0)
"CPL:OCNPOSTT"                                                -       6144     6144 2.648064e+06   1.613915e+00     0.000 (  4393      0)     0.000 (  3024      0)
"i:cice_pice_readLBUB_LB_copy"                                -       6144     6144 6.144000e+03   8.202938e-03     0.000 (  4821      0)     0.000 (  1888      0)
"o:docn_readLBUB_fbound"                                      -       6144     6144 6.144000e+03   8.189917e-04     0.000 (     0      0)     0.000 (  5982      0)
"o:docn_readLBUB_bcast"                                       -       6144     6144 6.144000e+03   1.268445e+02     0.052 (  1193      0)     0.000 (   496      0)
"o:docn_readLBUB_LB_copy"                                     -       6144     6144 6.144000e+03   9.094718e-03     0.000 (  4638      0)     0.000 (  3577      0)
"o:docn_readLBUB_UB_setup"                                    -       6144     6144 6.144000e+03   2.701028e-03     0.000 (     0      0)     0.000 (   793      0)
"o:docn_readLBUB_UB_readpio"                                  -       6144     6144 6.144000e+03   2.531847e+02     0.079 (   241      0)     0.011 (   373      0)
"o:PIO:pio_inq_varid_file_vdesc"                              -       6144     6144 1.228800e+04   5.393531e+00     0.012 (  5543      0)     0.000 (   496      0)
"o:PIO:pio_inq_varid_file_vid"                                -       6144     6144 1.228800e+04   5.385782e+00     0.012 (  5541      0)     0.000 (   496      0)
"o:PIO:pio_inq_varndims_file_vdesc"                           -       6144     6144 6.144000e+03   1.314851e+00     0.000 (  5456      0)     0.000 (  5325      0)
"o:PIO:pio_inq_varndims_file_vid"                             -       6144     6144 6.144000e+03   1.309633e+00     0.000 (  5456      0)     0.000 (  5324      0)
"o:PIO:pio_inq_vardimid_file_vdesc"                           -       6144     6144 6.144000e+03   3.233267e+00     0.001 (  3951      0)     0.000 (  5602      0)
"o:PIO:pio_inq_vardimid_file_vid"                             -       6144     6144 6.144000e+03   3.228109e+00     0.001 (  3952      0)     0.000 (  5602      0)
"o:PIO:pio_inq_dimlen_file_dimid"                             -       6144     6144 1.843200e+04   2.001375e+00     0.001 (  2122      0)     0.000 (  2850      0)
"o:PIO:pio_inq_dimlen_file_dimid_offlen"                      -       6144     6144 1.843200e+04   1.990853e+00     0.001 (  2122      0)     0.000 (  2850      0)
"o:PIO:pio_inq_vartype_file_vdesc"                            -       6144     6144 6.144000e+03   1.641952e+00     0.001 (  3103      0)     0.000 (  5426      0)
"o:PIO:pio_inq_vartype_file_vid"                              -       6144     6144 6.144000e+03   1.637425e+00     0.001 (  3104      0)     0.000 (  5426      0)
"o:PIO:read_darray_1d_real"                                   -       6144     6144 6.144000e+03   2.376069e+02     0.074 (   299      0)     0.011 (   373      0)
"o:PIO:PIOc_read_darray"                                      -       6144     6144 6.144000e+03   2.375875e+02     0.074 (   299      0)     0.011 (   373      0)
"o:PIO:read_darray_nc"                                        -       6144     6144 6.144000e+03   1.991750e+01     0.073 (   324      0)     0.000 (   681      0)
"o:PIO:rearrange_io2comp"                                     -       6144     6144 6.144000e+03   2.162278e+02     0.073 (   299      0)     0.000 (     0      0)
"o:PIO:pio_swapm"                                             -       6144     6144 6.144000e+03   2.161381e+02     0.073 (   299      0)     0.000 (     0      0)
"o:docn_strd_adv_fill"                                        -       6144     6144 6.144000e+03   5.677324e-01     0.000 (  3039      0)     0.000 (  1013      0)
"o:docn_strd_adv_map"                                         -       6144     6144 6.144000e+03   1.919872e+02     0.049 (     5      0)     0.002 (   315      0)
"CPL:RUN_LOOP_BSTOP"                                          -       6144     6144 6.144000e+03   1.775582e+01     0.003 (  6133      0)     0.000 (  2424      0)
"CPL:FINAL"                                                   -       6144     6144 6.144000e+03   3.913863e+03     0.639 (     0      0)     0.637 (  1488      0)
"CPL:cime_final"                                              -       6144     6144 6.144000e+03   3.913819e+03     0.639 (     0      0)     0.637 (  1488      0)
"o_f:DOCN_FINAL"                                              -       6144     6144 6.144000e+03   1.502845e-03     0.000 (     0      0)     0.000 (  3617      0)
"a_f:EAMxx::finalize"                                         y       6144     6144 6.144000e+03   2.157607e+03     0.612 (  5740      0)     0.252 (  1490      0)
"a_f:PIO:PIOc_sync"                                           -       6144     6144 6.144000e+03   1.302734e-01     0.000 (   492      0)     0.000 (  2284      0)
"a_f:PIO:write_total"                                         -       6144     6144 1.228800e+04   1.784883e+01     0.054 (  5928      0)     0.000 (  1031      0)
"a_f:PIO:flush_output_buffer"                                 -        512      512 1.024000e+03   6.432255e-02     0.000 (   492      0)     0.000 (  5808      0)
"a_f:PIO:PIOc_closefile"                                      -       6144     6144 1.228800e+04   1.019879e+02     0.269 (   492      0)     0.000 (  5681      0)
"a_f:PIO:PIOc_closefile_write_mode"                           -       6144     6144 6.144000e+03   1.772908e+01     0.054 (  5928      0)     0.000 (  3322      0)
"a_f:PIO:PIOc_freedecomp"                                     -       6144     6144 7.987200e+04   1.080194e+00     0.002 (  3744      0)     0.000 (   485      0)
"PIO:finalize"                                                -       6144     6144 6.144000e+04   1.035678e+03     0.326 (  5672      0)     0.002 (  2493      0)
"PIO:PIOc_finalize"                                           -       6144     6144 6.144000e+04   1.034128e+03     0.326 (  5672      0)     0.002 (  6060      0)
"CPL:FINAL_sync1_tprf"                                        -       6144     6144 6.144000e+03   1.009680e+01     0.002 (   789      0)     0.000 (     0      0)
"CPL:FINAL_t_prf"                                             y          0        0 0.000000e+00   0.000000e+00     0.000 (     0      0)     0.000 (     0      0)

