
***** GLOBAL STATISTICS (  6144 MPI TASKS) *****

$Id: gptl.c,v 1.157 2011-03-28 20:55:18 rosinski Exp $
'count' is cumulative. All other stats are max/min
'on' indicates whether the timer was active during output, and so stats are lower or upper bounds.

name                                                         on  processes  threads        count      walltotal   wallmax (proc   thrd  )   wallmin (proc   thrd  )
"CPL:INIT"                                                    -       6144     6144 6.144000e+03   2.528536e+06   463.882 (  4139      0)   389.124 (  5416      0)
"CPL:cime_pre_init1"                                          -       6144     6144 6.144000e+03   1.904431e+05    83.331 (  4132      0)     8.573 (  5413      0)
"CPL:mpi_init"                                                -       6144     6144 6.144000e+03   1.883449e+05    82.990 (  4131      0)     8.232 (  5412      0)
"CPL:ESMF_Initialize"                                         -       6144     6144 6.144000e+03   4.837751e-01     0.000 (  1042      0)     0.000 (   175      0)
"CPL:cime_pre_init2"                                          -       6144     6144 6.144000e+03   1.065478e+04     1.796 (  5373      0)     0.716 (     0      0)
"CPL:seq_infodata_init"                                       -       6144     6144 6.144000e+03   7.442250e+02     0.371 (   458      0)     0.025 (   767      0)
"CPL:seq_timemgr_clockInit"                                   -       6144     6144 6.144000e+03   2.713921e+01     0.018 (  3351      0)     0.001 (  4692      0)
"CPL:cime_init"                                               -       6144     6144 6.144000e+03   2.327437e+06   379.830 (     8      0)   378.754 (  5374      0)
"CPL:init_comps"                                              -       6144     6144 6.144000e+03   2.325402e+06   379.502 (     8      0)   378.420 (  5374      0)
"CPL:comp_init_pre_all"                                       -       6144     6144 6.144000e+03   3.865108e-01     0.000 (  5921      0)     0.000 (  3451      0)
"CPL:comp_init_cc_atm"                                        -       6144     6144 6.144000e+03   8.128232e+05   133.314 (     0      0)   132.233 (  5374      0)
"a_i:comp_init"                                               -       6144     6144 1.228800e+04   8.127350e+05   133.309 (     0      0)   132.220 (  5374      0)
"a_i:EAMxx::init"                                             -       6144     6144 4.300800e+04   8.024933e+05   131.402 (    76      0)   129.669 (  3854      0)
"a_i:EAMxx::create_output_managers"                           -       6144     6144 6.144000e+03   2.714456e+01     0.036 (   179      0)     0.000 (   554      0)
"a_i:EAMxx::create_atm_processes"                             -       6144     6144 6.144000e+03   1.290419e+03     1.158 (    10      0)     0.090 (  5392      0)
"a_i:EAMxx::create_grids"                                     -       6144     6144 6.144000e+03   1.386519e+05    22.645 (     0      0)    22.518 (   297      0)
"a_i:EAMxx::build_grids"                                      -       6144     6144 6.144000e+03   1.289267e+05    20.992 (  5511      0)    20.982 (  3119      0)
"a_i:PartitioningTime"                                        -       6144     6144 6.144000e+03   1.316173e-03     0.000 (  2651      0)     0.000 (  5055      0)
"a_i:repro_sum_int"                                           -       6144     6144 6.144000e+03   3.390819e+02     0.084 (  5120      0)     0.040 (  2090      0)
"a_i:PIO:spio_get_att_tc"                                     -       6144     6144 6.696960e+05   2.718100e+02     0.046 (  1418      0)     0.044 (  5265      0)
"a_i:PIO:spio_get_vars_tc"                                    -       6144     6144 1.228800e+05   1.357622e+03     0.293 (     3      0)     0.204 (  5052      0)
"a_i:PIO:PIOc_closefile"                                      -       6144     6144 7.987200e+04   2.772010e+02     2.857 (  4752      0)     0.000 (  2306      0)
"a_i:EAMxx::SurfaceCouplingImporter::set_grids"               -       6144     6144 6.144000e+03   1.649199e+00     0.001 (  3119      0)     0.000 (  3056      0)
"a_i:EAMxx::homme::set_grids"                                 -       6144     6144 6.144000e+03   4.288656e+03     0.979 (  5645      0)     0.413 (  1424      0)
"a_i:EAMxx::physics::set_grids"                               -       6144     6144 6.144000e+03   4.988272e+03     1.097 (  1424      0)     0.529 (  5651      0)
"a_i:EAMxx::mac_aero_mic::set_grids"                          -       6144     6144 6.144000e+03   3.013463e+03     0.776 (  1424      0)     0.208 (  5651      0)
"a_i:EAMxx::tms::set_grids"                                   -       6144     6144 6.144000e+03   1.408673e+01     0.003 (   642      0)     0.002 (  3332      0)
"a_i:EAMxx::shoc::set_grids"                                  -       6144     6144 6.144000e+03   2.898057e+00     0.002 (   639      0)     0.000 (  1620      0)
"a_i:EAMxx::cld_fraction::set_grids"                          -       6144     6144 6.144000e+03   7.131329e-01     0.001 (  5640      0)     0.000 (  3903      0)
"a_i:EAMxx::spa::set_grids"                                   -       6144     6144 6.144000e+03   2.972692e+03     0.770 (  1424      0)     0.201 (  5651      0)
"a_i:EAMxx::p3::set_grids"                                    -       6144     6144 6.144000e+03   2.271673e+01     0.005 (  5210      0)     0.003 (  5291      0)
"a_i:EAMxx::rrtmgp::set_grids"                                -       6144     6144 6.144000e+03   1.974349e+03     0.324 (  2412      0)     0.319 (   409      0)
"a_i:EAMxx::SurfaceCouplingExporter::set_grids"               -       6144     6144 6.144000e+03   8.301936e+01     0.020 (  3496      0)     0.010 (  3057      0)
"a_i:EAMxx::create_fields"                                    -       6144     6144 6.144000e+03   2.055238e+03     1.243 (  5591      0)     0.319 (  2762      0)
"a_i:EAMxx::initialize_fields"                                -       6144     6144 6.144000e+03   2.288605e+05    37.277 (  1743      0)    37.223 (  5137      0)
"a_i:PIO:PIOc_initdecomp"                                     -       6144     6144 7.987200e+04   6.361218e+04    10.358 (  3066      0)    10.347 (  5642      0)
"a_i:PIO:box_rearrange_create"                                -       6144     6144 7.987200e+04   6.344557e+04    10.327 (  4312      0)    10.325 (  5512      0)
"a_i:PIO:pio_swapm"                                           -       6144     6144 3.747840e+05   1.464154e+05    30.233 (   678      0)     3.176 (  3060      0)
"a_i:PIO:PIOc_read_darray"                                    -       6144     6144 1.351680e+05   1.271996e+05    21.617 (   516      0)    18.672 (  4561      0)
"a_i:PIO:read_darray_nc"                                      -       6144     6144 1.351680e+05   9.172136e+03    20.571 (  3096      0)     0.000 (  6041      0)
"a_i:PIO:rearrange_io2comp"                                   -       6144     6144 1.351680e+05   1.112852e+05    21.250 (   678      0)     0.448 (  4680      0)
"a_i:EAMxx::initialize_atm_procs"                             -       6144     6144 6.144000e+03   4.284642e+05    70.259 (   774      0)    68.806 (  3852      0)
"a_i:EAMxx::SurfaceCouplingImporter::init"                    -       6144     6144 6.144000e+03   1.970541e+01     0.070 (  2898      0)     0.000 (  1126      0)
"a_i:EAMxx::homme::init"                                      -       6144     6144 6.144000e+03   3.052929e+05    49.919 (  4382      0)    49.062 (   924      0)
"a_i:compose_init"                                            -       6144     6144 6.144000e+03   3.836728e+02     0.258 (  5640      0)     0.027 (  2107      0)
"a_i:sl_init1"                                                -       6144     6144 6.144000e+03   2.527877e+04     4.641 (  3552      0)     3.479 (  1904      0)
"a_i:EAMxx::tms::init"                                        -       6144     6144 6.144000e+03   2.432279e-02     0.000 (  5515      0)     0.000 (   538      0)
"a_i:EAMxx::shoc::init"                                       -       6144     6144 6.144000e+03   5.499594e+01     0.225 (   924      0)     0.001 (  1970      0)
"a_i:EAMxx::cld_fraction::init"                               -       6144     6144 6.144000e+03   1.662205e-01     0.000 (  5523      0)     0.000 (  2705      0)
"a_i:EAMxx::spa::init"                                        -       6144     6144 6.144000e+03   1.080271e+05    20.528 (    76      0)    17.340 (  2796      0)
"a_i:EAMxx::p3::init"                                         -       6144     6144 6.144000e+03   1.954917e+03     0.481 (    33      0)     0.046 (  2236      0)
"a_i:EAMxx::rrtmgp::init"                                     -       6144     6144 6.144000e+03   1.295662e+04     2.705 (  5216      0)     0.048 (   386      0)
"a_i:EAMxx::SurfaceCouplingExporter::init"                    -       6144     6144 6.144000e+03   9.825603e+01     0.083 (  4350      0)     0.002 (  2124      0)
"a_i:EAMxx::initialize_output_managers"                       -       6144     6144 6.144000e+03   3.143634e+03     0.522 (   132      0)     0.510 (  5258      0)
"a_i:EAMxx::IO::standard"                                     -       6144     6144 6.144000e+03   2.130631e+03     0.433 (  2388      0)     0.220 (  3437      0)
"a_i:EAMxx::IO::nooutput.yaml"                                -       6144     6144 6.144000e+03   2.130623e+03     0.433 (  2388      0)     0.220 (  3437      0)
"a_i:EAMxx::IO::standard::get_new_file"                       -       6144     6144 6.144000e+03   2.124534e+03     0.423 (  2396      0)     0.220 (  3437      0)
"a_i:PIO:PIOc_createfile"                                     -       6144     6144 6.144000e+03   1.486704e+03     0.319 (  2396      0)     0.116 (  3437      0)
"a_i:PIO:write_total"                                         -       6144     6144 2.027520e+05   1.518956e+03     0.370 (  5112      0)     0.117 (  3437      0)
"a_i:PIO:spio_put_att_tc"                                     -       6144     6144 1.843200e+05   2.323141e+01     0.056 (  3828      0)     0.000 (  5971      0)
"a_i:PIO:spio_put_vars_tc"                                    -       6144     6144 6.144000e+03   7.336603e+00     0.002 (  6048      0)     0.001 (  5531      0)
"a_i:PIO:flush_output_buffer"                                 -        512      512 1.024000e+03   1.829412e+00     0.004 (  3456      0)     0.003 (   780      0)
"a_i:EAMxx::IO::standard::run_output_streams"                 -       6144     6144 6.144000e+03   7.055698e-04     0.000 (  2809      0)     0.000 (  5820      0)
"a_i:EAMxx::IO::standard::update_snapshot_tally"              -       6144     6144 6.144000e+03   6.067641e+00     0.012 (  5172      0)     0.000 (  1648      0)
"a_i:PIO:PIOc_sync"                                           -       6144     6144 6.144000e+03   1.687400e+00     0.003 (   132      0)     0.000 (   715      0)
"CPL:comp_init_cc_lnd"                                        -       6144     6144 6.144000e+03   9.616274e+05   156.516 (   704      0)   156.510 (  5840      0)
"l_i:comp_init"                                               -       6144     6144 6.144000e+03   9.612098e+05   156.510 (     0      0)   156.439 (  5840      0)
"l_i:elm_init1"                                               -       6144     6144 6.144000e+03   2.222788e+05    36.211 (  2603      0)    35.971 (   754      0)
"l_i:PIO:openfile"                                            -       6144     6144 1.413120e+05   8.946314e+03     1.851 (   138      0)     1.103 (  5586      0)
"l_i:PIO:pio_inq_dimid_file_dimid"                            -       6144     6144 3.809280e+05   6.557132e+01     0.022 (  5927      0)     0.008 (  4306      0)
"l_i:PIO:pio_inq_dimlen_file_dimid"                           -       6144     6144 2.285568e+06   3.567866e+02     0.077 (   252      0)     0.018 (  2052      0)
"l_i:PIO:pio_inq_dimlen_file_dimid_offlen"                    -       6144     6144 2.285568e+06   3.560831e+02     0.076 (   252      0)     0.018 (  2052      0)
"l_i:PIO:pio_inq_varid_file_vdesc"                            -       6144     6144 2.863104e+06   3.447934e+03     2.493 (  2036      0)     0.067 (  3156      0)
"l_i:PIO:pio_inq_varid_file_vid"                              -       6144     6144 2.863104e+06   3.446772e+03     2.493 (  2036      0)     0.067 (  3156      0)
"l_i:PIO:get_var_1d_int"                                      -       6144     6144 3.686400e+04   1.397243e+03     0.230 (  2680      0)     0.208 (  5264      0)
"l_i:PIO:spio_get_vars_tc"                                    -       6144     6144 1.222656e+06   4.899952e+03     0.883 (  5447      0)     0.686 (  5022      0)
"l_i:PIO:closefile"                                           -       6144     6144 1.228800e+05   6.952478e+01     0.191 (   240      0)     0.001 (  5411      0)
"l_i:PIO:PIOc_closefile"                                      -       6144     6144 1.228800e+05   6.941207e+01     0.191 (   240      0)     0.001 (  2218      0)
"l_i:PIO:pio_inq_varndims_file_vdesc"                         -       6144     6144 1.394688e+06   5.159983e+02     1.221 (  2043      0)     0.016 (  2051      0)
"l_i:PIO:pio_inq_varndims_file_vid"                           -       6144     6144 1.394688e+06   5.156265e+02     1.221 (  2043      0)     0.016 (  2051      0)
"l_i:PIO:pio_inq_vardimid_file_vdesc"                         -       6144     6144 1.394688e+06   9.702509e+02     0.232 (     3      0)     0.041 (  2066      0)
"l_i:PIO:pio_inq_vardimid_file_vid"                           -       6144     6144 1.394688e+06   9.699372e+02     0.231 (     3      0)     0.041 (  2066      0)
"l_i:PIO:pio_inq_dimname_file_dimid"                          -       6144     6144 5.068800e+06   1.164984e+03     0.252 (    11      0)     0.061 (  2076      0)
"l_i:PIO:initdecomp"                                          -       6144     6144 1.597440e+05   5.565008e+04     9.180 (     7      0)     8.815 (  5256      0)
"l_i:PIO:PIOc_initdecomp"                                     -       6144     6144 1.597440e+05   5.563143e+04     9.177 (     7      0)     8.813 (  5256      0)
"l_i:PIO:box_rearrange_create"                                -       6144     6144 1.597440e+05   5.345087e+04     8.701 (  4571      0)     8.697 (  5527      0)
"l_i:PIO:pio_swapm"                                           -       6144     6144 1.861632e+06   8.206967e+05   140.667 (  2169      0)    56.883 (   420      0)
"l_i:PIO:read_darray_1d_double"                               -       6144     6144 5.038080e+05   2.542814e+05    41.764 (  2196      0)    40.021 (  1213      0)
"l_i:PIO:PIOc_read_darray"                                    -       6144     6144 1.382400e+06   8.142908e+05   133.349 (  2196      0)   129.767 (  2041      0)
"l_i:PIO:read_darray_nc"                                      -       6144     6144 1.382400e+06   3.687731e+04    82.070 (   420      0)     0.000 (  1484      0)
"l_i:PIO:rearrange_io2comp"                                   -       6144     6144 1.382400e+06   7.746792e+05   132.985 (  2159      0)    49.840 (   420      0)
"l_i:PIO:pio_inquire_file"                                    -       6144     6144 1.843200e+06   2.867802e+02     0.061 (   679      0)     0.015 (  2076      0)
"l_i:PIO:pio_inq_ndims_file"                                  -       6144     6144 1.843200e+06   2.863596e+02     0.061 (   679      0)     0.015 (  2076      0)
"l_i:PIO:read_darray_1d_int"                                  -       6144     6144 4.300800e+04   2.557878e+04     4.189 (  4140      0)     4.128 (  2042      0)
"l_i:PIO:read_darray_3d_double"                               -       6144     6144 1.105920e+05   3.884089e+04     6.381 (  2083      0)     6.215 (  2041      0)
"l_i:PIO:read_darray_3d_int"                                  -       6144     6144 6.144000e+03   9.667338e+02     0.162 (  3372      0)     0.150 (   628      0)
"l_i:PIO:read_darray_4d_double"                               -       6144     6144 8.601600e+04   8.510689e+04    13.904 (  2051      0)    13.746 (  2040      0)
"l_i:PIO:get_var_1d_text"                                     -       6144     6144 1.228800e+04   6.979784e+01     0.014 (  2130      0)     0.006 (  3389      0)
"l_i:PIO:get_var_1d_double"                                   -       6144     6144 8.847360e+05   3.120542e+03     0.520 (     4      0)     0.471 (  5265      0)
"l_i:PIO:get_var_0d_double"                                   -       6144     6144 6.144000e+04   1.479596e+02     0.024 (   276      0)     0.024 (    84      0)
"l_i:PIO:read_darray_2d_double"                               -       6144     6144 6.082560e+05   4.076560e+05    66.903 (  4992      0)    64.598 (  1072      0)
"l_i:PIO:read_darray_2d_int"                                  -       6144     6144 2.457600e+04   1.863208e+03     0.312 (  5808      0)     0.288 (  5581      0)
"l_i:gather_1darray_int_total"                                -       6144     6144 3.072000e+04   2.240758e+03     1.114 (     0      0)     0.230 (    42      0)
"l_i:scatter_1darray_int_total"                               -       6144     6144 3.072000e+04   9.346733e+03     1.628 (     9      0)     0.715 (     0      0)
"l_i:init_filters"                                            -       6144     6144 6.144000e+03   8.929541e+01     0.026 (  2784      0)     0.000 (  5586      0)
"l_i:elm_init2"                                               -       6144     6144 6.144000e+03   7.372242e+05   120.054 (     0      0)   119.984 (  5840      0)
"l_i:init_orbd"                                               -       6144     6144 6.144000e+03   2.202023e+00     0.030 (   943      0)     0.000 (  3199      0)
"l_i:PIO:get_var_0d_int"                                      -       6144     6144 1.290240e+05   2.330793e+03     0.462 (  5438      0)     0.279 (  5371      0)
"l_i:PIO:get_var_2d_double"                                   -       6144     6144 7.372800e+04   4.377917e+02     0.072 (   293      0)     0.070 (  5531      0)
"l_i:PIO:get_var_3d_double"                                   -       6144     6144 2.457600e+04   1.074299e+02     0.031 (  5259      0)     0.015 (  3756      0)
"l_i:init_accflds"                                            -       6144     6144 6.144000e+03   6.656033e+00     0.002 (  5526      0)     0.001 (  3766      0)
"l_i:init_dyn_subgrid"                                        -       6144     6144 6.144000e+03   8.034318e+01     0.023 (  5159      0)     0.003 (  2136      0)
"l_i:subgridRest_write-read"                                  -       6144     6144 6.144000e+03   5.728666e+04     9.330 (  3252      0)     9.317 (  1952      0)
"l_i:init_map2gc"                                             -       6144     6144 6.144000e+03   5.811536e+00     0.054 (  5589      0)     0.001 (  3441      0)
"l_i:init_elm_interface_data & pflotran"                      -       6144     6144 6.144000e+03   4.217860e-04     0.000 (  5753      0)     0.000 (  4873      0)
"l_i:init_wlog"                                               -       6144     6144 6.144000e+03   2.478725e-02     0.023 (     0      0)     0.000 (  1698      0)
"l_i:elm_init3"                                               -       6144     6144 6.144000e+03   9.689626e-03     0.000 (  5586      0)     0.000 (  3867      0)
"CPL:comp_init_cc_rof"                                        -       6144     6144 6.144000e+03   3.095154e+01     0.042 (  5220      0)     0.005 (  3407      0)
"r_i:comp_init"                                               -       6144     6144 6.144000e+03   9.272228e-01     0.038 (  5221      0)     0.000 (  5174      0)
"CPL:comp_init_cc_ocn"                                        -       6144     6144 6.144000e+03   2.762131e+05    44.958 (  5164      0)    44.921 (  5223      0)
"o_i:comp_init"                                               -       6144     6144 6.144000e+03   2.761734e+05    44.954 (  4795      0)    44.917 (  5221      0)
"o_i:docn_readnml"                                            -       6144     6144 6.144000e+03   5.437689e+03     1.473 (  2247      0)     0.322 (     0      0)
"o_i:DOCN_INIT"                                               -       6144     6144 6.144000e+03   2.705263e+05    44.589 (     0      0)    43.429 (  2247      0)
"o_i:docn_strdata_init"                                       -       6144     6144 6.144000e+03   2.470992e+05    40.928 (     0      0)    39.477 (  2247      0)
"o_i:PIO:initdecomp"                                          -       6144     6144 1.843200e+04   2.761029e+03     0.464 (     1      0)     0.432 (     0      0)
"o_i:PIO:PIOc_initdecomp"                                     -       6144     6144 1.843200e+04   2.760972e+03     0.464 (     4      0)     0.432 (     0      0)
"o_i:PIO:box_rearrange_create"                                -       6144     6144 1.843200e+04   2.649494e+03     0.432 (  6122      0)     0.431 (   879      0)
"o_i:PIO:pio_swapm"                                           -       6144     6144 6.758400e+04   3.170675e+03     0.631 (  1983      0)     0.351 (     0      0)
"o_i:docn_initgsmaps"                                         -       6144     6144 6.144000e+03   2.085772e+00     0.001 (  5529      0)     0.000 (  5709      0)
"o_i:docn_initmctdom"                                         -       6144     6144 6.144000e+03   1.074955e+00     0.000 (  5520      0)     0.000 (   748      0)
"o_i:docn_initmctavs"                                         -       6144     6144 6.144000e+03   1.443453e+00     0.000 (  5160      0)     0.000 (  3516      0)
"o_i:DOCN_RUN"                                                -       6144     6144 6.144000e+03   2.342236e+04     3.996 (  5112      0)     3.629 (  3361      0)
"o_i:docn_run1"                                               -       6144     6144 6.144000e+03   4.994284e-03     0.000 (  3544      0)     0.000 (  2758      0)
"o_i:docn"                                                    -       6144     6144 6.144000e+03   2.342231e+04     3.996 (  5112      0)     3.629 (  3361      0)
"o_i:docn_strdata_advance"                                    -       6144     6144 6.144000e+03   2.342083e+04     3.995 (  5112      0)     3.629 (  3361      0)
"o_i:docn_strd_adv_total"                                     -       6144     6144 6.144000e+03   2.342081e+04     3.995 (  5112      0)     3.629 (  3361      0)
"o_i:docn_strd_adv_readLBUB"                                  -       6144     6144 6.144000e+03   2.308616e+04     3.985 (  5112      0)     3.554 (   217      0)
"o_i:docn_readLBUB_setup"                                     -       6144     6144 6.144000e+03   1.842959e-03     0.000 (  3852      0)     0.000 (  4292      0)
"o_i:docn_readLBUB_fbound"                                    -       6144     6144 6.144000e+03   3.355936e+00     3.355 (     0      0)     0.000 (  1259      0)
"o_i:docn_readLBUB_bcast"                                     -       6144     6144 6.144000e+03   2.155125e+04     3.691 (  5112      0)     0.000 (     0      0)
"o_i:docn_readLBUB_LB_setup"                                  -       6144     6144 6.144000e+03   1.465096e-03     0.000 (     0      0)     0.000 (  4117      0)
"o_i:docn_readLBUB_LB_readpio"                                -       6144     6144 6.144000e+03   7.578075e+02     0.221 (   971      0)     0.097 (     6      0)
"o_i:PIO:openfile"                                            -       6144     6144 6.144000e+03   4.858383e+02     0.087 (  6132      0)     0.048 (  1296      0)
"o_i:PIO:pio_inq_varid_file_vdesc"                            -       6144     6144 2.457600e+04   5.041789e+00     0.001 (  6137      0)     0.000 (  3091      0)
"o_i:PIO:pio_inq_varid_file_vid"                              -       6144     6144 2.457600e+04   5.030748e+00     0.001 (  6137      0)     0.000 (  3091      0)
"o_i:PIO:pio_inq_varndims_file_vdesc"                         -       6144     6144 1.228800e+04   2.945987e+01     0.073 (   637      0)     0.001 (    34      0)
"o_i:PIO:pio_inq_varndims_file_vid"                           -       6144     6144 1.228800e+04   2.945253e+01     0.073 (   637      0)     0.001 (    35      0)
"o_i:PIO:pio_inq_vardimid_file_vdesc"                         -       6144     6144 1.228800e+04   1.070379e+01     0.002 (   377      0)     0.001 (  4882      0)
"o_i:PIO:pio_inq_vardimid_file_vid"                           -       6144     6144 1.228800e+04   1.069776e+01     0.002 (   377      0)     0.001 (  4882      0)
"o_i:PIO:pio_inq_dimlen_file_dimid"                           -       6144     6144 3.686400e+04   6.475843e+00     0.001 (  3076      0)     0.001 (  3203      0)
"o_i:PIO:pio_inq_dimlen_file_dimid_offlen"                    -       6144     6144 3.686400e+04   6.464874e+00     0.001 (  3076      0)     0.001 (  3203      0)
"o_i:PIO:pio_inq_vartype_file_vdesc"                          -       6144     6144 1.228800e+04   5.173842e+00     0.001 (   359      0)     0.001 (  1213      0)
"o_i:PIO:pio_inq_vartype_file_vid"                            -       6144     6144 1.228800e+04   5.167244e+00     0.001 (   359      0)     0.001 (  1213      0)
"o_i:PIO:read_darray_1d_real"                                 -       6144     6144 1.228800e+04   7.464338e+02     0.209 (  1976      0)     0.019 (  1015      0)
"o_i:PIO:PIOc_read_darray"                                    -       6144     6144 1.228800e+04   7.463959e+02     0.209 (  1976      0)     0.019 (  1015      0)
"o_i:PIO:read_darray_nc"                                      -       6144     6144 1.228800e+04   5.785111e+01     0.191 (  5232      0)     0.000 (  5425      0)
"o_i:PIO:rearrange_io2comp"                                   -       6144     6144 1.228800e+04   6.712407e+02     0.206 (  1976      0)     0.001 (  2604      0)
"o_i:docn_readLBUB_UB_setup"                                  -       6144     6144 6.144000e+03   3.996228e-03     0.000 (     0      0)     0.000 (  4327      0)
"o_i:docn_readLBUB_UB_readpio"                                -       6144     6144 6.144000e+03   7.731286e+02     0.196 (  4689      0)     0.017 (   971      0)
"o_i:docn_readLBUB_filemgt"                                   -       6144     6144 6.144000e+03   1.299046e-03     0.000 (  5325      0)     0.000 (    63      0)
"o_i:docn_strd_adv_fill"                                      -       6144     6144 6.144000e+03   8.281184e-01     0.000 (  5057      0)     0.000 (  4652      0)
"o_i:docn_strd_adv_map"                                       -       6144     6144 6.144000e+03   3.335485e+02     0.081 (     4      0)     0.002 (  2784      0)
"o_i:docn_strd_adv_tint"                                      -       6144     6144 6.144000e+03   2.030037e-01     0.000 (  4925      0)     0.000 (  5824      0)
"o_i:docn_scatter"                                            -       6144     6144 6.144000e+03   7.953334e-01     0.000 (     0      0)     0.000 (   503      0)
"o_i:docn_datamode"                                           -       6144     6144 6.144000e+03   2.276385e-01     0.000 (     0      0)     0.000 (  3644      0)
"o_i:docn_run2"                                               -       6144     6144 6.144000e+03   1.087033e-02     0.000 (  3140      0)     0.000 (  3313      0)
"CPL:comp_init_cc_ice"                                        -       6144     6144 6.144000e+03   2.684295e+05    43.705 (  3368      0)    43.612 (  1625      0)
"i_i:comp_init"                                               -       6144     6144 6.144000e+03   2.673624e+05    43.700 (  3369      0)    43.234 (  5214      0)
"i_i:cice_init"                                               -       6144     6144 6.144000e+03   3.348085e+04     5.577 (  5589      0)     5.447 (  4718      0)
"i_i:ice_HaloUpdate2DR8"                                      -       6144     6144 2.457600e+04   1.039632e+02     0.462 (   396      0)     0.000 (  5218      0)
"i_i:ice_HU2DR8_init"                                         -       6144     6144 2.457600e+04   1.476321e-02     0.000 (  5527      0)     0.000 (  5005      0)
"i_i:state_bound_h1"                                          -       6144     6144 6.144000e+03   2.086088e+00     0.115 (  5592      0)     0.000 (  1609      0)
"i_i:ice_HaloUpdate3DR8"                                      -       6144     6144 3.072000e+04   2.400695e+00     0.115 (  5592      0)     0.000 (  5710      0)
"i_i:ice_HU3DR8_init"                                         -       6144     6144 3.072000e+04   7.765276e-02     0.004 (  5582      0)     0.000 (  5175      0)
"i_i:ice_HU3DR8_recvall"                                      -       6144     6144 3.072000e+04   1.514215e+00     0.115 (  5592      0)     0.000 (   211      0)
"i_i:state_bound_hm"                                          -       6144     6144 6.144000e+03   2.841989e+00     0.001 (   653      0)     0.000 (  5042      0)
"i_i:state_bound_hc"                                          -       6144     6144 6.144000e+03   8.548588e-02     0.004 (  5590      0)     0.000 (  5495      0)
"i_i:state_bound_h2"                                          -       6144     6144 6.144000e+03   1.128331e+00     0.017 (  5265      0)     0.000 (  5069      0)
"i_i:ice_HaloUpdate4DR8"                                      -       6144     6144 6.144000e+03   3.784602e-01     0.012 (  5581      0)     0.000 (  4299      0)
"i_i:ice_HU4DR8_init"                                         -       6144     6144 6.144000e+03   1.554700e-01     0.012 (  5589      0)     0.000 (  3658      0)
"i_i:ice_HU4DR8_recvall"                                      -       6144     6144 6.144000e+03   1.517531e-03     0.000 (  2897      0)     0.000 (  5528      0)
"i_i:state_bound_hd"                                          -       6144     6144 6.144000e+03   3.248058e-03     0.000 (  1375      0)     0.000 (   983      0)
"i_i:cice_mct_init"                                           -       6144     6144 6.144000e+03   2.338775e+05    38.251 (  3361      0)    37.783 (  5068      0)
"i_i:PIO:initdecomp"                                          -       6144     6144 1.843200e+04   2.784987e+03     3.659 (     1      0)     0.421 (     0      0)
"i_i:PIO:PIOc_initdecomp"                                     -       6144     6144 1.843200e+04   2.784925e+03     3.659 (     1      0)     0.421 (     0      0)
"i_i:PIO:box_rearrange_create"                                -       6144     6144 1.843200e+04   2.581992e+03     0.420 (  4477      0)     0.420 (   784      0)
"i_i:PIO:pio_swapm"                                           -       6144     6144 5.529600e+04   2.444467e+03     0.416 (  4824      0)     0.343 (   116      0)
"CPL:comp_init_cc_glc"                                        -       6144     6144 6.144000e+03   1.732039e+01     0.005 (  1620      0)     0.001 (    20      0)
"g_i:comp_init"                                               -       6144     6144 6.144000e+03   1.066781e-02     0.000 (  5520      0)     0.000 (  4555      0)
"CPL:comp_init_cc_wav"                                        -       6144     6144 6.144000e+03   1.637713e+01     0.004 (  1627      0)     0.001 (   264      0)
"w_i:comp_init"                                               -       6144     6144 6.144000e+03   2.662450e-03     0.000 (  1117      0)     0.000 (  1370      0)
"CPL:comp_init_cc_esp"                                        -       6144     6144 6.144000e+03   1.421849e+01     0.004 (    96      0)     0.000 (  4003      0)
"e_i:comp_init"                                               -       6144     6144 6.144000e+03   1.226973e-02     0.000 (  5489      0)     0.000 (   796      0)
"CPL:comp_init_cc_iac"                                        -       6144     6144 6.144000e+03   1.672330e+01     0.004 (   113      0)     0.001 (   223      0)
"z_i:comp_init"                                               -       6144     6144 6.144000e+03   3.035607e-03     0.000 (  1875      0)     0.000 (  3205      0)
"CPL:comp_init_cx_all"                                        -       6144     6144 6.144000e+03   6.212517e+03     1.081 (    97      0)     0.997 (  1462      0)
"CPL:comp_list_all"                                           -       6144     6144 6.144000e+03   2.408352e-02     0.000 (  5024      0)     0.000 (  5797      0)
"CPL:init_maps"                                               -       6144     6144 6.144000e+03   1.226470e+02     0.136 (  5581      0)     0.017 (  6122      0)
"CPL:init_aream"                                              -       6144     6144 6.144000e+03   2.116191e+01     0.118 (  5125      0)     0.000 (  5934      0)
"CPL:init_domain_check"                                       -       6144     6144 6.144000e+03   1.005588e+03     0.169 (  1427      0)     0.013 (  5590      0)
"CPL:init_areacor"                                            -       6144     6144 6.144000e+03   2.910133e+02     0.047 (  1652      0)     0.047 (  5485      0)
"CPL:init_fracs"                                              -       6144     6144 6.144000e+03   2.084855e+01     0.051 (  5231      0)     0.001 (  3661      0)
"CPL:init_aoflux"                                             -       6144     6144 6.144000e+03   6.808118e+00     0.013 (  5509      0)     0.001 (     0      0)
"CPL:init_atminit"                                            -       6144     6144 3.686400e+04   5.626256e+01     0.060 (  4922      0)     0.003 (  1464      0)
"CPL:comp_init_cc_atm2"                                       -       6144     6144 6.144000e+03   3.259118e+02     0.065 (  2927      0)     0.005 (  4922      0)
"CPL:init_readrestart"                                        -       6144     6144 6.144000e+03   4.955773e-01     0.001 (  5580      0)     0.000 (   946      0)
"CPL:cime_run_init"                                           -       6144     6144 6.144000e+03   1.090924e+00     0.022 (  5419      0)     0.000 (  5833      0)
"CPL:INIT_sync1_tprf"                                         -       6144     6144 6.144000e+03   1.532701e+02     0.028 (   479      0)     0.000 (  5419      0)
"CPL:INIT_t_prf"                                              -       6144     6144 6.144000e+03   2.312319e+00     0.177 (     0      0)     0.000 (  4585      0)
"CPL:INIT_sync2_tprf"                                         -       6144     6144 6.144000e+03   1.086244e+03     0.177 (  4585      0)     0.000 (     0      0)
"CPL:RUN_LOOP_BSTART"                                         -       6144     6144 6.144000e+03   3.238588e-01     0.000 (  4724      0)     0.000 (  5883      0)
"CPL:RUN_LOOP"                                                -       6144     6144 2.654208e+06   3.867132e+06   629.433 (  2600      0)   629.397 (  5840      0)
"CPL:CLOCK_ADVANCE"                                           -       6144     6144 2.654208e+06   2.866611e+02     0.138 (  5172      0)     0.041 (  1035      0)
"CPL:RUN"                                                     -       6144     6144 3.184435e+07   6.796134e+04    48.073 (   733      0)     2.781 (  5914      0)
"CPL:OCNPRE1"                                                 -       6144     6144 2.654208e+06   2.364354e+03     0.558 (  5906      0)     0.326 (  2970      0)
"CPL:ocnpre1_atm2ocn"                                         -       6144     6144 2.654208e+06   2.360163e+03     0.557 (  5906      0)     0.326 (  2970      0)
"CPL:LNDPREP"                                                 -       6144     6144 2.654208e+06   6.005576e+02     0.317 (  5907      0)     0.039 (  1449      0)
"CPL:lndprep_atm2lnd"                                         -       6144     6144 2.654208e+06   3.923240e+02     0.268 (  5907      0)     0.025 (  1449      0)
"CPL:lndprep_mrgx2l"                                          -       6144     6144 2.654208e+06   2.000990e+02     0.049 (  5772      0)     0.003 (  2761      0)
"CPL:COMM"                                                    -       6144     6144 1.857331e+07   3.597729e+05    81.866 (  3099      0)    12.669 (   734      0)
"CPL:C2L"                                                     -       6144     6144 2.654208e+06   2.829258e+03     0.623 (  1406      0)     0.325 (  5856      0)
"CPL:c2l_lndx2lndl"                                           -       6144     6144 2.654208e+06   1.252585e+03     0.395 (  3037      0)     0.117 (  4689      0)
"CPL:c2l_infoexch"                                            -       6144     6144 2.654208e+06   1.571831e+03     0.441 (  2817      0)     0.087 (  5908      0)
"CPL:ICEPREP"                                                 -       6144     6144 2.654208e+06   1.723540e+03     0.388 (  5904      0)     0.270 (   904      0)
"CPL:iceprep_ocn2ice"                                         -       6144     6144 2.654208e+06   2.901614e+02     0.060 (  5906      0)     0.044 (   904      0)
"CPL:iceprep_atm2ice"                                         -       6144     6144 2.654208e+06   5.131532e+02     0.107 (  5904      0)     0.080 (  4244      0)
"CPL:iceprep_mrgx2i"                                          -       6144     6144 2.654208e+06   9.058270e+02     0.218 (  5904      0)     0.141 (   910      0)
"CPL:C2I"                                                     -       6144     6144 2.654208e+06   1.958397e+03     0.400 (  5911      0)     0.281 (  3042      0)
"CPL:c2i_icex2icei"                                           -       6144     6144 2.654208e+06   5.166496e+02     0.112 (  5905      0)     0.080 (   908      0)
"CPL:ice_infoexch"                                            -       6144     6144 2.654208e+06   1.437891e+03     0.316 (  5911      0)     0.178 (  5904      0)
"CPL:ICE_RUN"                                                 -       6144     6144 2.654208e+06   4.434841e+04     8.399 (  4848      0)     6.621 (  5873      0)
"i:cice_run_total"                                            -       6144     6144 2.654208e+06   4.119063e+04     8.077 (  4847      0)     6.205 (  5878      0)
"i:cice_run_import"                                           -       6144     6144 2.654208e+06   2.302220e+03     0.581 (  5906      0)     0.330 (  1720      0)
"i:cice_imp_ocn"                                              -       6144     6144 2.654208e+06   1.799520e+02     0.065 (  5904      0)     0.027 (  5329      0)
"i:cice_imp_atm"                                              -       6144     6144 2.654208e+06   1.824583e+02     0.065 (  5905      0)     0.028 (   632      0)
"i:cice_run_initmd"                                           -       6144     6144 2.654208e+06   1.498792e+04     2.582 (  4661      0)     1.962 (  5906      0)
"i:cice_run_presc"                                            -       6144     6144 2.654208e+06   1.211136e+04     2.044 (  5331      0)     1.742 (  5846      0)
"i:cice_pice_strd_adv_total"                                  -       6144     6144 2.654208e+06   9.817647e+03     1.631 (  5909      0)     1.393 (  5846      0)
"i:cice_pice_strd_adv_readLBUB"                               -       6144     6144 2.654208e+06   5.440762e+03     1.582 (  2484      0)     0.742 (     2      0)
"i:cice_pice_readLBUB_setup"                                  -       6144     6144 2.654208e+06   8.401043e-01     0.001 (  5886      0)     0.000 (   502      0)
"i:cice_pice_readLBUB_fbound"                                 -       6144     6144 1.228800e+04   3.031778e-01     0.302 (     0      0)     0.000 (  4992      0)
"i:cice_pice_readLBUB_bcast"                                  -       6144     6144 1.228800e+04   1.857034e+03     0.302 (  1731      0)     0.001 (     0      0)
"i:cice_pice_readLBUB_LB_setup"                               -       6144     6144 6.144000e+03   2.016941e-03     0.000 (     0      0)     0.000 (  4293      0)
"i:cice_pice_readLBUB_LB_readpio"                             -       6144     6144 6.144000e+03   3.307460e+02     0.126 (  5388      0)     0.030 (     0      0)
"i:PIO:openfile"                                              -       6144     6144 6.144000e+03   1.317035e+02     0.022 (  6132      0)     0.021 (  5488      0)
"i:PIO:pio_inq_varid_file_vdesc"                              -       6144     6144 3.686400e+04   2.595166e+01     0.182 (  2712      0)     0.001 (  5529      0)
"i:PIO:pio_inq_varid_file_vid"                                -       6144     6144 3.686400e+04   2.588511e+01     0.182 (  2712      0)     0.001 (  5529      0)
"i:PIO:pio_inq_varndims_file_vdesc"                           -       6144     6144 1.843200e+04   1.692853e+01     0.050 (  3518      0)     0.001 (  5928      0)
"i:PIO:pio_inq_varndims_file_vid"                             -       6144     6144 1.843200e+04   1.691875e+01     0.050 (  3519      0)     0.001 (  5928      0)
"i:PIO:pio_inq_vardimid_file_vdesc"                           -       6144     6144 1.843200e+04   1.580229e+01     0.003 (  3073      0)     0.001 (  5928      0)
"i:PIO:pio_inq_vardimid_file_vid"                             -       6144     6144 1.843200e+04   1.579422e+01     0.003 (  3074      0)     0.001 (  5928      0)
"i:PIO:pio_inq_dimlen_file_dimid"                             -       6144     6144 5.529600e+04   9.614246e+00     0.002 (  3109      0)     0.001 (  5935      0)
"i:PIO:pio_inq_dimlen_file_dimid_offlen"                      -       6144     6144 5.529600e+04   9.598333e+00     0.002 (  3109      0)     0.001 (  5935      0)
"i:PIO:pio_inq_vartype_file_vdesc"                            -       6144     6144 1.843200e+04   7.762578e+00     0.002 (  3155      0)     0.001 (  5050      0)
"i:PIO:pio_inq_vartype_file_vid"                              -       6144     6144 1.843200e+04   7.753900e+00     0.002 (  3154      0)     0.001 (  5046      0)
"i:PIO:read_darray_1d_real"                                   -       6144     6144 1.843200e+04   3.277545e+03     1.241 (  3492      0)     0.189 (  5883      0)
"i:PIO:PIOc_read_darray"                                      -       6144     6144 1.843200e+04   3.277180e+03     1.241 (  3492      0)     0.189 (  5882      0)
"i:PIO:read_darray_nc"                                        -       6144     6144 1.843200e+04   2.628522e+02     1.223 (  3492      0)     0.000 (  2902      0)
"i:PIO:rearrange_io2comp"                                     -       6144     6144 1.843200e+04   2.992805e+03     1.217 (  1789      0)     0.000 (     0      0)
"i:PIO:pio_swapm"                                             -       6144     6144 1.843200e+04   2.991233e+03     1.217 (  1789      0)     0.000 (     0      0)
"i:cice_pice_readLBUB_UB_setup"                               -       6144     6144 1.228800e+04   2.417620e-01     0.018 (  5172      0)     0.000 (  3121      0)
"i:cice_pice_readLBUB_UB_readpio"                             -       6144     6144 1.228800e+04   3.242394e+03     1.231 (  2484      0)     0.339 (  5071      0)
"i:cice_pice_readLBUB_filemgt"                                -       6144     6144 2.654208e+06   5.742189e-01     0.000 (  5908      0)     0.000 (  2304      0)
"i:cice_pice_strd_adv_map"                                    -       6144     6144 1.228800e+04   4.302684e+03     0.860 (     4      0)     0.011 (  2484      0)
"i:cice_pice_strd_adv_tint"                                   -       6144     6144 2.654208e+06   6.292129e+01     0.064 (  5891      0)     0.010 (    72      0)
"i:cice_run_initflux"                                         -       6144     6144 2.654208e+06   2.311277e+02     0.082 (  5265      0)     0.033 (  1972      0)
"i:cice_run_prepradiation"                                    -       6144     6144 2.654208e+06   9.182496e+01     0.433 (  5328      0)     0.013 (  2050      0)
"i:cice_run_therm1"                                           -       6144     6144 2.654208e+06   3.473015e+03     1.130 (  4839      0)     0.496 (  5116      0)
"i:cice_run_dyn"                                              -       6144     6144 2.654208e+06   1.377534e-01     0.000 (  5643      0)     0.000 (  2679      0)
"i:cice_run_radiation"                                        -       6144     6144 2.654208e+06   2.120795e+03     1.169 (  4955      0)     0.250 (  5879      0)
"i:cice_step_radiationib"                                     -       6144     6144 2.654208e+06   1.903901e+03     1.134 (  4956      0)     0.215 (  5879      0)
"i:cice_step_rib_swdedd1"                                     -       6144     6144 2.654208e+06   1.697657e+02     0.048 (  1472      0)     0.011 (  5901      0)
"i:cice_step_rib_swdedd2"                                     -       6144     6144 2.654208e+06   1.314780e+02     0.024 (  4860      0)     0.020 (  1042      0)
"i:cice_step_rib_swdedd7"                                     -       6144     6144 2.654208e+06   1.494568e+03     1.059 (  4955      0)     0.163 (  1054      0)
"i:cice_run_couplingprep"                                     -       6144     6144 2.654208e+06   1.502918e+03     0.967 (  5327      0)     0.224 (  4881      0)
"i:ice_HaloUpdate2DR8"                                        -       6144     6144 2.654208e+06   1.404257e+02     0.746 (  5327      0)     0.007 (  1959      0)
"i:ice_HU2DR8_init"                                           -       6144     6144 2.654208e+06   2.280153e+00     0.001 (  5069      0)     0.000 (  2095      0)
"i:cice_run_diag"                                             -       6144     6144 2.654208e+06   2.198874e+03     0.378 (   292      0)     0.293 (  4836      0)
"i:cice_run_hist"                                             -       6144     6144 2.654208e+06   1.377775e+03     0.388 (  5262      0)     0.179 (  5878      0)
"i:cice_run_accum"                                            -       6144     6144 2.654208e+06   2.891501e+01     0.044 (  5880      0)     0.004 (  3411      0)
"i:cice_run_export"                                           -       6144     6144 2.654208e+06   7.034453e+02     0.169 (  5904      0)     0.105 (   911      0)
"CPL:LND_RUN"                                                 -       6144     6144 2.654208e+06   3.344277e+05    95.028 (  5904      0)    45.625 (  6052      0)
"l:lc_lnd_import"                                             -       6144     6144 2.654208e+06   1.014863e+03     0.575 (  5337      0)     0.083 (  3427      0)
"l:elm_run"                                                   -       6144     6144 2.660352e+06   3.325139e+05    94.553 (  5904      0)    45.288 (  6052      0)
"l:shr_orb_decl"                                              -       6144     6144 2.660352e+06   2.859838e+00     0.001 (  5904      0)     0.000 (  4543      0)
"l:decomp_vert"                                               -       6144     6144 2.660352e+06   4.402171e+01     0.060 (  5865      0)     0.003 (  4689      0)
"l:beggridwbal"                                               -       6144     6144 2.660352e+06   1.579861e+03     0.512 (  5904      0)     0.214 (  4380      0)
"l:cnpinit"                                                   -       6144     6144 2.660352e+06   2.376039e+00     0.001 (  5908      0)     0.000 (  3631      0)
"l:cnpvegsumm"                                                -       6144     6144 2.660352e+06   2.893217e-01     0.000 (  5908      0)     0.000 (  2063      0)
"l:dyn_subgrid"                                               -       6144     6144 2.660352e+06   9.887852e+03     3.381 (  5904      0)     1.411 (  3441      0)
"l:begwbal"                                                   -       6144     6144 2.660352e+06   1.999610e+02     0.086 (  5904      0)     0.021 (  5491      0)
"l:begcnpbal"                                                 -       6144     6144 2.660352e+06   6.060334e-01     0.003 (  5865      0)     0.000 (  1137      0)
"l:drvinit"                                                   -       6144     6144 2.660352e+06   8.821536e+02     0.304 (  5904      0)     0.130 (  1737      0)
"l:canhydro"                                                  -       6144     6144 2.660352e+06   1.723673e+03     0.650 (  5229      0)     0.214 (  3312      0)
"l:surfrad"                                                   -       6144     6144 2.660352e+06   3.398599e+03     0.908 (  5904      0)     0.458 (  2885      0)
"l:bgp1"                                                      -       6144     6144 2.660352e+06   1.923686e+03     0.615 (  5904      0)     0.240 (  3441      0)
"l:bgflux"                                                    -       6144     6144 2.660352e+06   2.665855e+03     0.640 (  5909      0)     0.273 (  1382      0)
"l:canflux"                                                   -       6144     6144 2.660352e+06   1.035593e+05    36.785 (  5905      0)    10.811 (  4067      0)
"l:can_iter"                                                  -       6144     6144 2.660352e+06   8.456723e+04    31.264 (  5905      0)     8.184 (  3049      0)
"l:uflux"                                                     -       6144     6144 2.660352e+06   1.522396e+03     0.747 (  5904      0)     0.100 (  5491      0)
"l:bgplake"                                                   -       6144     6144 2.660352e+06   7.643717e+03     2.252 (  5905      0)     0.829 (  3860      0)
"l:bgc"                                                       -       6144     6144 2.660352e+06   5.700414e+03     1.913 (  5904      0)     0.713 (  3099      0)
"l:soiltemperature"                                           -       6144     6144 2.660352e+06   6.906239e+04    16.557 (  5904      0)     9.638 (  3280      0)
"l:SoilThermProp"                                             -       6144     6144 2.660352e+06   3.410023e+03     1.277 (  5904      0)     0.387 (  5491      0)
"l:SoilTempBandDiag"                                          -       6144     6144 5.320704e+06   6.335942e+03     2.630 (  5904      0)     0.680 (  5491      0)
"l:PhaseChangeH2osfc"                                         -       6144     6144 2.660352e+06   3.280537e+01     0.010 (  5904      0)     0.003 (  3735      0)
"l:PhaseChangebeta"                                           -       6144     6144 2.660352e+06   1.265483e+03     0.417 (  5904      0)     0.108 (  4921      0)
"l:bgp2"                                                      -       6144     6144 2.660352e+06   2.739703e+03     0.762 (  5904      0)     0.347 (  3442      0)
"l:bgp2_loop_1"                                               -       6144     6144 2.660352e+06   4.901777e+02     0.123 (  5904      0)     0.065 (  3442      0)
"l:bgp2_loop_2"                                               -       6144     6144 2.660352e+06   8.881071e+02     0.202 (  5904      0)     0.118 (  4021      0)
"l:bgp2_loop_3"                                               -       6144     6144 2.660352e+06   1.045337e+03     0.350 (  5904      0)     0.117 (  3099      0)
"l:bgp2_loop_4"                                               -       6144     6144 2.660352e+06   2.997173e+02     0.084 (  5904      0)     0.040 (  2885      0)
"l:patch2col"                                                 -       6144     6144 2.660352e+06   1.558031e+03     0.476 (  5333      0)     0.203 (  3441      0)
"l:hydro without drainage"                                    -       6144     6144 2.660352e+06   2.198403e+04     5.941 (  5904      0)     2.868 (  3280      0)
"l:hylake"                                                    -       6144     6144 2.660352e+06   1.992079e+03     0.775 (   192      0)     0.251 (    82      0)
"l:snow_init"                                                 -       6144     6144 2.660352e+06   1.343673e+02     0.051 (  1185      0)     0.009 (   257      0)
"l:ecosysdyn"                                                 -       6144     6144 2.660352e+06   5.053309e+02     0.112 (  5172      0)     0.068 (  2885      0)
"l:depvel"                                                    -       6144     6144 5.320704e+06   4.611650e+00     0.053 (  5865      0)     0.000 (  1568      0)
"l:hydro2 drainage"                                           -       6144     6144 2.660352e+06   1.451786e+03     0.480 (  5904      0)     0.173 (  3735      0)
"l:balchk"                                                    -       6144     6144 2.660352e+06   1.655551e+03     0.462 (  5904      0)     0.241 (  2884      0)
"l:gridbalchk"                                                -       6144     6144 2.660352e+06   1.061533e+03     0.333 (  5904      0)     0.155 (  2133      0)
"l:lnd2atm"                                                   -       6144     6144 2.660352e+06   8.139446e+03     2.620 (  5904      0)     1.145 (  2133      0)
"l:wrtdiag"                                                   -       6144     6144 2.660352e+06   3.022695e+01     0.026 (     0      0)     0.004 (  2833      0)
"l:hbuf"                                                      -       6144     6144 2.660352e+06   2.967259e+04     9.865 (  5904      0)     4.335 (  3442      0)
"l:elm_drv_io"                                                -       6144     6144 2.660352e+06   8.775597e+00     0.019 (  5864      0)     0.001 (  2504      0)
"l:elm_drv_io_htapes"                                         -       6144     6144 2.660352e+06   7.336671e+00     0.019 (  5864      0)     0.001 (  1099      0)
"l:lc_lnd_export"                                             -       6144     6144 2.660352e+06   2.482323e+02     0.060 (  5905      0)     0.039 (   748      0)
"l:lc_elm2_adv_timestep"                                      -       6144     6144 2.660352e+06   1.965618e+00     0.001 (  5985      0)     0.000 (  1860      0)
"l:accum"                                                     -       6144     6144 2.654208e+06   5.736130e+03     1.413 (  5904      0)     0.878 (  1426      0)
"CPL:ATMOCNP"                                                 -       6144     6144 2.654208e+06   4.442257e+03     1.155 (  2411      0)     0.172 (  5898      0)
"CPL:atmocnp_fluxo"                                           -       6144     6144 2.654208e+06   3.775911e+03     1.055 (  2411      0)     0.060 (  5900      0)
"CPL:atmocnp_ocnalb"                                          -       6144     6144 2.654208e+06   6.580496e+02     0.204 (  5905      0)     0.078 (  3722      0)
"CPL:L2C"                                                     -       6144     6144 2.654208e+06   4.430039e+04    48.999 (  2138      0)     0.366 (  5906      0)
"CPL:l2c_lndl2lndx"                                           -       6144     6144 2.654208e+06   4.428879e+04    48.997 (  2138      0)     0.363 (  5906      0)
"lnd2cpl_run"                                                 -       6144     6144 2.654208e+06   7.546095e+00     0.002 (  5905      0)     0.001 (    17      0)
"CPL:LNDPOST"                                                 -       6144     6144 2.654208e+06   2.497226e+00     0.001 (  5905      0)     0.000 (  4088      0)
"CPL:I2C"                                                     -       6144     6144 2.654208e+06   5.249145e+02     0.103 (  5904      0)     0.079 (  4856      0)
"CPL:i2c_icei2icex"                                           -       6144     6144 2.654208e+06   5.149097e+02     0.100 (  5904      0)     0.077 (  4856      0)
"CPL:i2c_infoexch"                                            -       6144     6144 2.654208e+06   4.994927e+00     0.001 (  5905      0)     0.001 (   871      0)
"CPL:ICEPOST"                                                 -       6144     6144 2.654208e+06   5.646957e-01     0.000 (  5904      0)     0.000 (  6028      0)
"CPL:FRACSET"                                                 -       6144     6144 2.654208e+06   6.240044e+02     0.184 (  5905      0)     0.097 (  3718      0)
"CPL:fracset_fracset"                                         -       6144     6144 2.654208e+06   6.227289e+02     0.184 (  5905      0)     0.097 (  3718      0)
"CPL:ATMPREP"                                                 -       6144     6144 2.654208e+06   5.816984e+04    46.708 (   733      0)     1.297 (  1449      0)
"CPL:atmprep_xao2atm"                                         -       6144     6144 2.654208e+06   1.693594e+03     0.400 (  5905      0)     0.247 (  1416      0)
"CPL:atmprep_ocn2atm"                                         -       6144     6144 2.654208e+06   1.066106e+03     0.299 (  5905      0)     0.157 (  3264      0)
"CPL:atmprep_alb2atm"                                         -       6144     6144 2.654208e+06   4.404228e+02     0.115 (  5905      0)     0.062 (  5868      0)
"CPL:atmprep_ice2atm"                                         -       6144     6144 2.654208e+06   1.814112e+03     0.439 (  5905      0)     0.270 (   752      0)
"CPL:atmprep_lnd2atm"                                         -       6144     6144 2.654208e+06   5.130073e+04    45.546 (   733      0)     0.181 (  1449      0)
"CPL:atmprep_mrgx2a"                                          -       6144     6144 2.654208e+06   1.837941e+03     0.508 (  5905      0)     0.278 (  2754      0)
"CPL:C2A"                                                     -       6144     6144 2.654208e+06   2.132841e+05    45.985 (  1648      0)     1.076 (   733      0)
"CPL:c2a_atmx2atmg"                                           -       6144     6144 2.654208e+06   1.746864e+05    45.676 (  1648      0)     0.557 (  1185      0)
"CPL:c2a_infoexch"                                            -       6144     6144 2.654208e+06   3.859354e+04    38.444 (  1015      0)     0.020 (  2089      0)
"CPL:ATM_RUN"                                                 -       6144     6144 2.654208e+06   2.971476e+06   496.047 (  1945      0)   472.315 (  3339      0)
"a:EAMxx::run"                                                -       6144     6144 2.654208e+06   2.969740e+06   495.769 (  1945      0)   472.033 (  3339      0)
"a:EAMxx::EAMxx::run"                                         -       6144     6144 2.654208e+06   2.969224e+06   495.686 (  1945      0)   471.947 (  3339      0)
"a:EAMxx::EAMxx::run-precondition-checks"                     -       6144     6144 2.654208e+06   1.089426e+00     0.000 (  2314      0)     0.000 (  2812      0)
"a:EAMxx::SurfaceCouplingImporter::run"                       -       6144     6144 2.654208e+06   2.587186e+03     0.616 (  5527      0)     0.289 (  3536      0)
"a:EAMxx::SurfaceCouplingImporter::run-precondition-checks"   -       6144     6144 2.654208e+06   5.082961e-01     0.000 (  5905      0)     0.000 (  3156      0)
"a:EAMxx::SurfaceCouplingImporter::run-postcondition-checks"  -       6144     6144 2.654208e+06   2.145800e+03     0.535 (  1219      0)     0.219 (  3536      0)
"a:EAMxx::homme::run"                                         -       6144     6144 2.654208e+06   2.733261e+06   445.577 (  3565      0)   443.809 (  2438      0)
"a:EAMxx::homme::run-precondition-checks"                     -       6144     6144 2.654208e+06   5.229315e-01     0.000 (  5905      0)     0.000 (  6050      0)
"a:tl-sc prim_run_subcycle_c"                                 -       6144     6144 5.308416e+06   2.676107e+06   436.323 (  6134      0)   434.074 (  5900      0)
"a:tl-s prim_step_flexible"                                   -       6144     6144 5.308416e+06   2.676082e+06   436.319 (  6134      0)   434.070 (  5900      0)
"a:ApplyCAMForcing_tracers"                                   -       6144     6144 2.654208e+06   1.171195e+04     3.674 (  5676      0)     0.691 (  3961      0)
"a:tl-s deep_copy+derived_dp"                                 -       6144     6144 5.308416e+06   1.013101e+03     0.972 (  5257      0)     0.132 (  2306      0)
"a:ApplyCAMForcing_dynamics"                                  -       6144     6144 1.592525e+07   6.220307e+03     2.517 (  4307      0)     0.786 (  4684      0)
"a:tl-ae prim_advance_exp"                                    -       6144     6144 3.185050e+07   2.086027e+06   357.033 (  5896      0)   328.370 (    30      0)
"a:ttype9_imex_timestep"                                      -       6144     6144 3.185050e+07   1.758990e+06   304.171 (  5906      0)   275.453 (   257      0)
"a:caar compute"                                              -       6144     6144 3.185050e+08   5.474292e+05    95.018 (   183      0)    81.837 (  4219      0)
"a:caar_bexchV"                                               -       6144     6144 1.592525e+08   4.079876e+05    86.353 (  4219      0)    51.299 (   339      0)
"a:caar limiter"                                              -       6144     6144 1.911030e+08   1.274183e+05    30.960 (  5906      0)    18.359 (  4884      0)
"a:compute_stage_value_dirk"                                  -       6144     6144 1.592525e+08   6.619216e+05   119.155 (  1095      0)   102.070 (  4219      0)
"a:tl-ae advance_hypervis_dp"                                 -       6144     6144 3.185050e+07   3.258593e+05    68.831 (  5894      0)    43.473 (   287      0)
"a:hvf-bhwk"                                                  -       6144     6144 3.185050e+07   1.795436e+05    36.621 (  6007      0)    25.475 (   131      0)
"a:hvf-bexch"                                                 -       6144     6144 9.555149e+07   1.713024e+05    43.027 (  5890      0)    16.700 (   779      0)
"a:tl-sc vertical_remap"                                      -       6144     6144 1.592525e+07   1.444148e+05    29.706 (  5014      0)    19.863 (  4219      0)
"a:Remap Thickness Functor"                                   -       6144     6144 1.592525e+07   5.634756e+03     5.228 (  4097      0)     0.469 (  3000      0)
"a:Remap Scale States Functor"                                -       6144     6144 1.592525e+07   1.506040e+03     1.750 (  3869      0)     0.182 (  2408      0)
"a:Remap Compute Grids Functor"                               -       6144     6144 1.592525e+07   1.152145e+04     4.260 (  1385      0)     1.541 (  4219      0)
"a:Remap Compute Remap Functor"                               -       6144     6144 1.592525e+07   9.917055e+04    18.889 (  4811      0)    13.118 (  4219      0)
"a:Remap Rescale States Functor"                              -       6144     6144 1.592525e+07   2.351515e+03     1.611 (  1329      0)     0.304 (  4218      0)
"a:tl-at prim_advec_tracers_compose"                          -       6144     6144 5.308416e+06   4.022835e+05    73.023 (   372      0)    48.841 (  5906      0)
"a:compose_transport"                                         -       6144     6144 5.308416e+06   4.022135e+05    73.012 (   372      0)    48.822 (  5906      0)
"a:compose_calc_trajectory"                                   -       6144     6144 5.308416e+06   3.816415e+04     7.852 (  3425      0)     5.250 (    56      0)
"a:compose_3d_levels"                                         -       6144     6144 5.308416e+06   2.379675e+04     4.302 (   779      0)     3.156 (  5258      0)
"a:compose_v_bexchv"                                          -       6144     6144 5.308416e+06   1.324860e+04     3.914 (  4544      0)     1.266 (   775      0)
"a:compose_v2x"                                               -       6144     6144 5.308416e+06   1.095911e+03     0.239 (  4693      0)     0.146 (  4219      0)
"a:compose_isl"                                               -       6144     6144 5.308416e+06   8.043987e+04    16.200 (  4861      0)    11.020 (  1180      0)
"a:compose_hypervis_scalar"                                   -       6144     6144 5.308416e+06   1.100915e+05    23.964 (  5273      0)    10.385 (   798      0)
"a:compose_cedr_global"                                       -       6144     6144 5.308416e+06   1.498103e+05    35.038 (   482      0)     9.674 (  5938      0)
"a:repro_sum_int"                                             -       6144     6144 5.308416e+06   1.363631e+05    32.907 (   482      0)     7.505 (  5938      0)
"a:compose_cedr_local"                                        -       6144     6144 5.308416e+06   8.268435e+03     1.568 (   779      0)     1.118 (  4544      0)
"a:compose_dss_q"                                             -       6144     6144 5.308416e+06   1.539902e+04     2.888 (  5905      0)     2.246 (  3427      0)
"a:compose_vertical_remap"                                    -       6144     6144 5.308416e+06   2.417830e+04     4.275 (  3229      0)     3.462 (  4219      0)
"a:EAMxx::homme::run-postcondition-checks"                    -       6144     6144 2.654208e+06   5.065582e+03     1.041 (  1467      0)     0.617 (   552      0)
"a:EAMxx::physics::run"                                       -       6144     6144 2.654208e+06   2.304952e+05    49.412 (  1945      0)    26.372 (  3342      0)
"a:EAMxx::physics::run-precondition-checks"                   -       6144     6144 2.654208e+06   7.864492e-01     0.000 (  2720      0)     0.000 (  2356      0)
"a:EAMxx::mac_aero_mic::run"                                  -       6144     6144 2.654208e+06   7.878256e+04    17.122 (  2601      0)     8.794 (   900      0)
"a:EAMxx::mac_aero_mic::run-precondition-checks"              -       6144     6144 2.654208e+06   4.739426e-01     0.000 (  5905      0)     0.000 (  3668      0)
"a:EAMxx::tms::run"                                           -       6144     6144 2.654208e+06   1.143721e+03     0.431 (  4177      0)     0.058 (  5632      0)
"a:EAMxx::tms::run-precondition-checks"                       -       6144     6144 2.654208e+06   4.064448e-01     0.000 (  5905      0)     0.000 (  5035      0)
"a:EAMxx::tms::run-postcondition-checks"                      -       6144     6144 2.654208e+06   2.881884e+02     0.082 (  1271      0)     0.042 (  4100      0)
"a:EAMxx::shoc::run"                                          -       6144     6144 2.654208e+06   2.209849e+04     5.946 (  3091      0)     2.923 (  4872      0)
"a:EAMxx::shoc::run-precondition-checks"                      -       6144     6144 2.654208e+06   4.454937e-01     0.000 (  5905      0)     0.000 (  2978      0)
"a:EAMxx::shoc::preprocess"                                   -       6144     6144 2.654208e+06   1.571175e+03     0.656 (  5448      0)     0.007 (  5777      0)
"a:EAMxx::shoc::shoc_main"                                    -       6144     6144 2.654208e+06   7.581862e+03     3.286 (  3086      0)     0.855 (  4873      0)
"a:EAMxx::shoc::postprocess"                                  -       6144     6144 2.654208e+06   1.604763e+03     0.385 (   757      0)     0.237 (  4013      0)
"a:EAMxx::shoc::run-postcondition-checks"                     -       6144     6144 2.654208e+06   7.345390e+03     1.836 (  6044      0)     1.069 (  3556      0)
"a:EAMxx::cld_fraction::run"                                  -       6144     6144 2.654208e+06   1.596022e+03     0.409 (  2293      0)     0.238 (  4218      0)
"a:EAMxx::cld_fraction::run-precondition-checks"              -       6144     6144 2.654208e+06   9.922414e-01     0.000 (  5905      0)     0.000 (  4199      0)
"a:EAMxx::cld_fraction::run-postcondition-checks"             -       6144     6144 2.654208e+06   1.415746e+03     0.261 (  5907      0)     0.212 (  4545      0)
"a:EAMxx::spa::run"                                           -       6144     6144 2.654208e+06   1.099753e+04     2.110 (  5861      0)     1.675 (   800      0)
"a:EAMxx::spa::run-precondition-checks"                       -       6144     6144 2.654208e+06   5.502519e-01     0.000 (  5904      0)     0.000 (  4479      0)
"a:EAMxx::spa::run-postcondition-checks"                      -       6144     6144 2.654208e+06   7.103272e+03     1.441 (  1020      0)     1.061 (   800      0)
"a:EAMxx::p3::run"                                            -       6144     6144 2.654208e+06   4.283861e+04    11.168 (  2601      0)     3.147 (   900      0)
"a:EAMxx::p3::run-precondition-checks"                        -       6144     6144 2.654208e+06   8.145814e+02     0.503 (  3378      0)     0.070 (  2034      0)
"a:EAMxx::p3::run-postcondition-checks"                       -       6144     6144 2.654208e+06   7.311518e+03     1.635 (  3809      0)     1.138 (  1972      0)
"a:EAMxx::mac_aero_mic::run-postcondition-checks"             -       6144     6144 2.654208e+06   8.028288e-01     0.000 (  5907      0)     0.000 (  5596      0)
"a:EAMxx::rrtmgp::run"                                        -       6144     6144 2.654208e+06   1.516101e+05    33.574 (  4923      0)    15.630 (  2895      0)
"a:EAMxx::rrtmgp::run-precondition-checks"                    -       6144     6144 2.654208e+06   2.332482e+02     0.046 (  5904      0)     0.033 (  3614      0)
"a:EAMxx::rrtmgp::run-postcondition-checks"                   -       6144     6144 2.654208e+06   5.477300e+03     1.025 (  5909      0)     0.820 (  3338      0)
"a:EAMxx::physics::run-postcondition-checks"                  -       6144     6144 2.654208e+06   6.296305e-01     0.000 (  4171      0)     0.000 (   541      0)
"a:EAMxx::SurfaceCouplingExporter::run"                       -       6144     6144 2.654208e+06   2.642275e+03     0.552 (  5906      0)     0.384 (  1156      0)
"a:EAMxx::SurfaceCouplingExporter::run-precondition-checks"   -       6144     6144 2.654208e+06   9.652097e-01     0.000 (  5905      0)     0.000 (  1612      0)
"a:EAMxx::SurfaceCouplingExporter::run-postcondition-checks"  -       6144     6144 2.654208e+06   1.104561e+00     0.000 (  5905      0)     0.000 (  4070      0)
"a:EAMxx::EAMxx::run-postcondition-checks"                    -       6144     6144 2.654208e+06   4.789042e-01     0.000 (   156      0)     0.000 (  1755      0)
"a:EAMxx::IO::restart"                                        -       6144     6144 2.654208e+06   1.581894e+01     0.022 (  5589      0)     0.002 (  2315      0)
"a:EAMxx::IO::model_restart"                                  -       6144     6144 2.654208e+06   1.304668e+01     0.022 (  5589      0)     0.002 (  3577      0)
"a:EAMxx::IO::restart::get_new_file"                          -       6144     6144 2.654208e+06   4.073754e-01     0.000 (  5884      0)     0.000 (  4350      0)
"a:EAMxx::IO::restart::run_output_streams"                    -       6144     6144 2.654208e+06   4.904635e+00     0.020 (  5589      0)     0.001 (  4193      0)
"a:EAMxx::IO::standard"                                       -       6144     6144 2.654208e+06   6.091934e+00     0.002 (  5905      0)     0.001 (  5633      0)
"a:EAMxx::IO::nooutput.yaml"                                  -       6144     6144 2.654208e+06   4.528115e+00     0.001 (  5907      0)     0.001 (  4475      0)
"a:EAMxx::IO::standard::get_new_file"                         -       6144     6144 2.654208e+06   2.192277e-01     0.000 (  4344      0)     0.000 (  1067      0)
"a:EAMxx::IO::standard::run_output_streams"                   -       6144     6144 2.654208e+06   4.543496e-01     0.000 (  5856      0)     0.000 (  2505      0)
"CPL:A2C"                                                     -       6144     6144 2.654208e+06   7.888233e+04    26.647 (  2580      0)     2.159 (  1945      0)
"CPL:a2c_atma2atmx"                                           -       6144     6144 2.654208e+06   5.541453e+04    21.219 (  4335      0)     0.676 (  1945      0)
"CPL:a2c_infoexch"                                            -       6144     6144 2.654208e+06   2.345981e+04    12.654 (  3583      0)     0.060 (     0      0)
"CPL:ATMPOST"                                                 -       6144     6144 2.654208e+06   1.526454e+00     0.000 (  5905      0)     0.000 (  3319      0)
"CPL:HISTORY"                                                 -       6144     6144 2.654208e+06   7.191409e+00     0.014 (  5328      0)     0.001 (  3304      0)
"CPL:cime_run_write_history"                                  -       6144     6144 2.654208e+06   5.649384e+00     0.013 (  5328      0)     0.001 (  2917      0)
"CPL:TSTAMP_WRITE"                                            -       6144     6144 2.654208e+06   2.453831e+00     0.016 (  5856      0)     0.000 (  5954      0)
"CPL:TPROF_WRITE"                                             -       6144     6144 2.654208e+06   1.079668e+00     0.004 (  5021      0)     0.000 (  1077      0)
"CPL:C2O_INITWAIT"                                            -       6144     6144 2.648064e+06   8.685599e+04    18.689 (    30      0)     9.193 (  2176      0)
"l:interpMonthlyVeg"                                          -       6144     6144 2.648064e+06   2.484950e+04     4.120 (  5160      0)     4.034 (  1399      0)
"l:readMonthlyVeg"                                            -       6144     6144 6.144000e+03   2.484596e+04     4.050 (  5412      0)     4.034 (  1399      0)
"l:PIO:openfile"                                              -       6144     6144 6.144000e+03   3.685080e+02     0.091 (  5416      0)     0.019 (  1722      0)
"l:PIO:pio_inq_varid_file_vdesc"                              -       6144     6144 4.915200e+04   2.147507e+01     0.009 (  3789      0)     0.000 (   785      0)
"l:PIO:pio_inq_varid_file_vid"                                -       6144     6144 4.915200e+04   2.145444e+01     0.009 (  3789      0)     0.000 (   797      0)
"l:PIO:pio_inq_varndims_file_vdesc"                           -       6144     6144 4.915200e+04   1.647180e+01     0.140 (  2047      0)     0.001 (  2051      0)
"l:PIO:pio_inq_varndims_file_vid"                             -       6144     6144 4.915200e+04   1.645668e+01     0.140 (  2047      0)     0.001 (  2051      0)
"l:PIO:pio_inq_vardimid_file_vdesc"                           -       6144     6144 4.915200e+04   3.825710e+01     0.013 (  5020      0)     0.002 (  2040      0)
"l:PIO:pio_inq_vardimid_file_vid"                             -       6144     6144 4.915200e+04   3.824442e+01     0.013 (  5020      0)     0.002 (  2040      0)
"l:PIO:pio_inq_dimname_file_dimid"                            -       6144     6144 4.177920e+05   1.017134e+02     0.021 (   692      0)     0.003 (  2040      0)
"l:PIO:pio_inq_dimlen_file_dimid"                             -       6144     6144 9.830400e+04   1.593725e+01     0.003 (   599      0)     0.001 (  2040      0)
"l:PIO:pio_inq_dimlen_file_dimid_offlen"                      -       6144     6144 9.830400e+04   1.591395e+01     0.003 (   618      0)     0.001 (  2040      0)
"l:PIO:pio_inquire_file"                                      -       6144     6144 1.843200e+05   3.002531e+01     0.006 (   219      0)     0.001 (  2051      0)
"l:PIO:pio_inq_ndims_file"                                    -       6144     6144 1.843200e+05   2.998491e+01     0.006 (   219      0)     0.001 (  2040      0)
"l:PIO:initdecomp"                                            -       6144     6144 6.144000e+03   1.105093e+04     1.799 (  5020      0)     1.798 (   139      0)
"l:PIO:PIOc_initdecomp"                                       -       6144     6144 6.144000e+03   1.105047e+04     1.799 (  5026      0)     1.798 (   139      0)
"l:PIO:box_rearrange_create"                                  -       6144     6144 6.144000e+03   1.104764e+04     1.798 (  5313      0)     1.798 (  5588      0)
"l:PIO:pio_swapm"                                             -       6144     6144 6.758400e+04   2.335371e+04     3.926 (  2091      0)     2.517 (   924      0)
"l:PIO:read_darray_3d_double"                                 -       6144     6144 4.915200e+04   1.299769e+04     2.149 (  2051      0)     1.993 (  2044      0)
"l:PIO:PIOc_read_darray"                                      -       6144     6144 4.915200e+04   1.299757e+04     2.149 (  2051      0)     1.993 (  2044      0)
"l:PIO:read_darray_nc"                                        -       6144     6144 4.915200e+04   4.681720e+02     1.320 (   924      0)     0.000 (  4232      0)
"l:PIO:rearrange_io2comp"                                     -       6144     6144 4.915200e+04   1.246851e+04     2.146 (  2051      0)     0.771 (   924      0)
"l:PIO:closefile"                                             -       6144     6144 6.144000e+03   2.923650e+00     0.014 (   252      0)     0.000 (  3730      0)
"l:PIO:PIOc_closefile"                                        -       6144     6144 6.144000e+03   2.915447e+00     0.014 (   252      0)     0.000 (  3730      0)
"l:surfalb"                                                   -       6144     6144 2.648064e+06   1.974256e+04     4.147 (  5909      0)     2.830 (    49      0)
"l:urbsurfalb"                                                -       6144     6144 2.648064e+06   4.521710e+03     1.506 (  5905      0)     0.551 (    49      0)
"CPL:OCNT_RUN"                                                -       6144     6144 2.648064e+06   1.906488e+03     0.382 (     0      0)     0.226 (  5771      0)
"o:DOCN_RUN"                                                  -       6144     6144 2.648064e+06   1.754185e+03     0.321 (  6052      0)     0.201 (  5771      0)
"o:docn_run1"                                                 -       6144     6144 2.648064e+06   2.412995e+00     0.001 (  5905      0)     0.000 (  1690      0)
"o:docn"                                                      -       6144     6144 2.648064e+06   1.746549e+03     0.319 (  6052      0)     0.200 (  5771      0)
"o:docn_strdata_advance"                                      -       6144     6144 2.648064e+06   1.232629e+03     0.231 (  6052      0)     0.091 (  5904      0)
"o:docn_strd_adv_total"                                       -       6144     6144 2.648064e+06   1.229117e+03     0.230 (  6052      0)     0.090 (  5904      0)
"o:docn_strd_adv_readLBUB"                                    -       6144     6144 2.648064e+06   7.323033e+02     0.205 (  3509      0)     0.020 (  5904      0)
"o:docn_readLBUB_setup"                                       -       6144     6144 2.648064e+06   8.397795e-01     0.000 (  1711      0)     0.000 (   502      0)
"o:docn_readLBUB_filemgt"                                     -       6144     6144 2.648064e+06   5.851244e-01     0.000 (  1523      0)     0.000 (  1350      0)
"o:docn_strd_adv_tint"                                        -       6144     6144 2.648064e+06   5.580379e+01     0.016 (  5905      0)     0.008 (  2671      0)
"o:docn_scatter"                                              -       6144     6144 2.648064e+06   2.644452e+02     0.078 (  5905      0)     0.039 (   234      0)
"o:docn_datamode"                                             -       6144     6144 2.648064e+06   5.824978e+01     0.017 (  5904      0)     0.008 (   668      0)
"o:docn_run2"                                                 -       6144     6144 2.648064e+06   2.674255e-01     0.003 (     0      0)     0.000 (  3445      0)
"CPL:O2CT"                                                    -       6144     6144 2.648064e+06   1.798210e+04    41.852 (  5910      0)     0.046 (   680      0)
"CPL:o2c_ocno2ocnx"                                           -       6144     6144 2.648064e+06   2.366891e+02     0.051 (  5904      0)     0.035 (  5879      0)
"CPL:o2c_infoexch"                                            -       6144     6144 2.648064e+06   1.774082e+04    41.812 (  5910      0)     0.007 (   935      0)
"CPL:OCNPOSTT"                                                -       6144     6144 2.648064e+06   1.833462e+00     0.001 (  5890      0)     0.000 (  5610      0)
"i:cice_pice_readLBUB_LB_copy"                                -       6144     6144 6.144000e+03   8.540174e-03     0.000 (  5466      0)     0.000 (   646      0)
"o:docn_readLBUB_fbound"                                      -       6144     6144 6.144000e+03   9.590994e-04     0.000 (     0      0)     0.000 (  4971      0)
"o:docn_readLBUB_bcast"                                       -       6144     6144 6.144000e+03   8.839874e+01     0.092 (  5910      0)     0.000 (     4      0)
"o:docn_readLBUB_LB_copy"                                     -       6144     6144 6.144000e+03   8.314585e-03     0.000 (  5071      0)     0.000 (  5340      0)
"o:docn_readLBUB_UB_setup"                                    -       6144     6144 6.144000e+03   2.231370e-03     0.000 (     0      0)     0.000 (  4480      0)
"o:docn_readLBUB_UB_readpio"                                  -       6144     6144 6.144000e+03   6.363943e+02     0.176 (  3495      0)     0.018 (  5912      0)
"o:PIO:pio_inq_varid_file_vdesc"                              -       6144     6144 1.228800e+04   1.866642e+01     0.022 (  5540      0)     0.000 (   536      0)
"o:PIO:pio_inq_varid_file_vid"                                -       6144     6144 1.228800e+04   1.865798e+01     0.022 (  5540      0)     0.000 (   536      0)
"o:PIO:pio_inq_varndims_file_vdesc"                           -       6144     6144 6.144000e+03   1.819775e+00     0.000 (  4614      0)     0.000 (  6032      0)
"o:PIO:pio_inq_varndims_file_vid"                             -       6144     6144 6.144000e+03   1.814470e+00     0.000 (  4615      0)     0.000 (  6032      0)
"o:PIO:pio_inq_vardimid_file_vdesc"                           -       6144     6144 6.144000e+03   4.483816e+00     0.001 (  2688      0)     0.000 (  1518      0)
"o:PIO:pio_inq_vardimid_file_vid"                             -       6144     6144 6.144000e+03   4.478926e+00     0.001 (  2715      0)     0.000 (  1520      0)
"o:PIO:pio_inq_dimlen_file_dimid"                             -       6144     6144 1.843200e+04   2.778226e+00     0.001 (  3758      0)     0.000 (   892      0)
"o:PIO:pio_inq_dimlen_file_dimid_offlen"                      -       6144     6144 1.843200e+04   2.767737e+00     0.001 (  3758      0)     0.000 (   561      0)
"o:PIO:pio_inq_vartype_file_vdesc"                            -       6144     6144 6.144000e+03   2.229468e+00     0.001 (  3381      0)     0.000 (  4633      0)
"o:PIO:pio_inq_vartype_file_vid"                              -       6144     6144 6.144000e+03   2.224716e+00     0.001 (  3381      0)     0.000 (  2035      0)
"o:PIO:read_darray_1d_real"                                   -       6144     6144 6.144000e+03   6.035795e+02     0.168 (  4284      0)     0.017 (  5912      0)
"o:PIO:PIOc_read_darray"                                      -       6144     6144 6.144000e+03   6.035596e+02     0.168 (  4284      0)     0.017 (  5912      0)
"o:PIO:read_darray_nc"                                        -       6144     6144 6.144000e+03   5.043385e+01     0.167 (  4284      0)     0.000 (  1541      0)
"o:PIO:rearrange_io2comp"                                     -       6144     6144 6.144000e+03   5.512171e+02     0.167 (  3495      0)     0.000 (     0      0)
"o:PIO:pio_swapm"                                             -       6144     6144 6.144000e+03   5.511291e+02     0.167 (  3495      0)     0.000 (     0      0)
"o:docn_strd_adv_fill"                                        -       6144     6144 6.144000e+03   5.474574e-01     0.000 (  5906      0)     0.000 (  5957      0)
"o:docn_strd_adv_map"                                         -       6144     6144 6.144000e+03   4.250059e+02     0.097 (     4      0)     0.002 (  3587      0)
"CPL:RUN_LOOP_BSTOP"                                          -       6144     6144 6.144000e+03   9.056500e+01     0.019 (   730      0)     0.000 (  5909      0)
"CPL:FINAL"                                                   -       6144     6144 6.144000e+03   6.763975e+03     1.102 (     0      0)     1.099 (  5888      0)
"CPL:cime_final"                                              -       6144     6144 6.144000e+03   6.763966e+03     1.102 (     0      0)     1.099 (  5889      0)
"o_f:DOCN_FINAL"                                              -       6144     6144 6.144000e+03   1.544242e-03     0.000 (     0      0)     0.000 (  1289      0)
"a_f:EAMxx::finalize"                                         y       6144     6144 6.144000e+03   2.135523e+03     1.022 (  5640      0)     0.241 (  2203      0)
"a_f:PIO:PIOc_sync"                                           -       6144     6144 6.144000e+03   1.525615e-01     0.010 (  5880      0)     0.000 (  3107      0)
"a_f:PIO:write_total"                                         -       6144     6144 1.228800e+04   9.895499e+01     0.203 (  4116      0)     0.000 (  2885      0)
"a_f:PIO:flush_output_buffer"                                 -        512      512 1.024000e+03   7.883933e-02     0.010 (  5880      0)     0.000 (  6072      0)
"a_f:PIO:PIOc_closefile"                                      -       6144     6144 1.228800e+04   3.254769e+02     0.656 (  3852      0)     0.000 (   586      0)
"a_f:PIO:PIOc_closefile_write_mode"                           -       6144     6144 6.144000e+03   9.881075e+01     0.203 (  4116      0)     0.000 (  4636      0)
"a_f:PIO:PIOc_freedecomp"                                     -       6144     6144 7.987200e+04   1.146165e+00     0.026 (  5580      0)     0.000 (  5838      0)
"PIO:finalize"                                                -       6144     6144 6.144000e+04   3.423404e+03     0.817 (  5383      0)     0.001 (  1308      0)
"PIO:PIOc_finalize"                                           -       6144     6144 6.144000e+04   3.422639e+03     0.817 (  5383      0)     0.001 (  1308      0)
"CPL:FINAL_sync1_tprf"                                        -       6144     6144 6.144000e+03   8.211698e+00     0.001 (    16      0)     0.000 (     0      0)
"CPL:FINAL_t_prf"                                             y          0        0 0.000000e+00   0.000000e+00     0.000 (     0      0)     0.000 (     0      0)

