
***** GLOBAL STATISTICS ( 24576 MPI TASKS) *****

$Id: gptl.c,v 1.157 2011-03-28 20:55:18 rosinski Exp $
'count' is cumulative. All other stats are max/min
'on' indicates whether the timer was active during output, and so stats are lower or upper bounds.

name                                                         on  processes  threads        count      walltotal   wallmax (proc   thrd  )   wallmin (proc   thrd  )
"CPL:INIT"                                                    -      24576    24576 2.457600e+04   2.443925e+07  1539.382 (  3304      0)   811.935 (  5158      0)
"CPL:cime_pre_init1"                                          -      24576    24576 2.457600e+04   4.617927e+06   732.852 (  3302      0)     5.431 (  5156      0)
"CPL:mpi_init"                                                -      24576    24576 2.457600e+04   4.559014e+06   730.333 (  3300      0)     3.125 (  5148      0)
"CPL:ESMF_Initialize"                                         -      24576    24576 2.457600e+04   1.548159e+02     0.118 (  7609      0)     0.000 ( 15404      0)
"CPL:cime_pre_init2"                                          -      24576    24576 2.457600e+04   1.608695e+05     6.720 ( 14614      0)     4.903 (     0      0)
"CPL:seq_infodata_init"                                       -      24576    24576 2.457600e+04   9.580100e+03     1.408 ( 16930      0)     0.001 ( 18130      0)
"CPL:seq_timemgr_clockInit"                                   -      24576    24576 2.457600e+04   1.621626e+02     0.309 (   717      0)     0.001 ( 16764      0)
"CPL:cime_init"                                               -      24576    24576 2.457600e+04   1.966027e+07   801.606 (    10      0)   799.769 ( 15571      0)
"CPL:init_comps"                                              -      24576    24576 2.457600e+04   1.963648e+07   800.662 (    10      0)   798.825 ( 15571      0)
"CPL:comp_init_pre_all"                                       -      24576    24576 2.457600e+04   2.764756e+01     0.069 (  9227      0)     0.000 (  7033      0)
"CPL:comp_init_cc_atm"                                        -      24576    24576 2.457600e+04   6.282426e+06   257.386 (    17      0)   255.423 ( 13906      0)
"a_i:comp_init"                                               -      24576    24576 4.915200e+04   6.279983e+06   257.259 (     0      0)   255.336 ( 13906      0)
"a_i:EAMxx::init"                                             -      24576    24576 1.720320e+05   6.121838e+06   253.056 (   828      0)   244.415 ( 20372      0)
"a_i:EAMxx::create_output_managers"                           -      24576    24576 2.457600e+04   4.154468e+02     0.232 (  4471      0)     0.000 (  8066      0)
"a_i:EAMxx::create_atm_processes"                             -      24576    24576 2.457600e+04   2.744911e+04     2.987 (    20      0)     0.496 (  2434      0)
"a_i:EAMxx::create_grids"                                     -      24576    24576 2.457600e+04   1.405836e+06    59.098 ( 11820      0)    56.976 (  1282      0)
"a_i:EAMxx::build_grids"                                      -      24576    24576 2.457600e+04   1.336709e+06    54.495 (   839      0)    54.344 (  3106      0)
"a_i:PartitioningTime"                                        -      24576    24576 2.457600e+04   5.547380e-03     0.000 ( 23888      0)     0.000 ( 17668      0)
"a_i:repro_sum_int"                                           -      24576    24576 2.457600e+04   6.546908e+03     0.472 ( 21914      0)     0.029 (  4833      0)
"a_i:PIO:spio_get_att_tc"                                     -      24576    24576 2.678784e+06   8.961748e+02     0.270 ( 15518      0)     0.021 (  3672      0)
"a_i:PIO:spio_get_vars_tc"                                    -      24576    24576 4.915200e+05   3.318811e+04     2.094 (  9021      0)     0.163 ( 13557      0)
"a_i:PIO:PIOc_closefile"                                      -      24576    24576 3.194880e+05   5.064899e+03     4.973 ( 18924      0)     0.000 ( 20098      0)
"a_i:EAMxx::SurfaceCouplingImporter::set_grids"               -      24576    24576 2.457600e+04   1.409549e+02     0.123 ( 15589      0)     0.000 (  6131      0)
"a_i:EAMxx::homme::set_grids"                                 -      24576    24576 2.457600e+04   1.675733e+04     1.195 ( 14437      0)     0.499 (  6344      0)
"a_i:EAMxx::physics::set_grids"                               -      24576    24576 2.457600e+04   4.586985e+04     3.868 ( 11820      0)     1.184 ( 14438      0)
"a_i:EAMxx::mac_aero_mic::set_grids"                          -      24576    24576 2.457600e+04   3.059044e+04     1.440 (  6344      0)     0.577 (  9283      0)
"a_i:EAMxx::tms::set_grids"                                   -      24576    24576 2.457600e+04   5.719945e+01     0.055 (   399      0)     0.001 (  8899      0)
"a_i:EAMxx::shoc::set_grids"                                  -      24576    24576 2.457600e+04   8.575733e+01     0.082 (  5027      0)     0.000 ( 22800      0)
"a_i:EAMxx::cld_fraction::set_grids"                          -      24576    24576 2.457600e+04   1.058156e+01     0.024 (  9226      0)     0.000 ( 16620      0)
"a_i:EAMxx::spa::set_grids"                                   -      24576    24576 2.457600e+04   3.024563e+04     1.435 (  6344      0)     0.491 ( 10497      0)
"a_i:EAMxx::p3::set_grids"                                    -      24576    24576 2.457600e+04   1.081941e+02     0.033 (  4835      0)     0.003 ( 17701      0)
"a_i:EAMxx::rrtmgp::set_grids"                                -      24576    24576 2.457600e+04   1.526899e+04     2.622 ( 11820      0)     0.557 ( 12361      0)
"a_i:EAMxx::SurfaceCouplingExporter::set_grids"               -      24576    24576 2.457600e+04   7.061708e+02     1.560 ( 11821      0)     0.003 ( 14039      0)
"a_i:EAMxx::create_fields"                                    -      24576    24576 2.457600e+04   5.357939e+03     1.424 ( 14573      0)     0.144 (  1272      0)
"a_i:EAMxx::initialize_fields"                                -      24576    24576 2.457600e+04   2.051556e+06    83.906 (   477      0)    83.128 (  5002      0)
"a_i:PIO:PIOc_initdecomp"                                     -      24576    24576 3.194880e+05   3.989749e+05    16.237 (  8530      0)    15.950 (   801      0)
"a_i:PIO:box_rearrange_create"                                -      24576    24576 3.194880e+05   3.786040e+05    15.407 (  7940      0)    15.388 (  1407      0)
"a_i:PIO:pio_swapm"                                           -      24576    24576 1.499136e+06   8.405533e+05    40.850 ( 24328      0)     9.897 ( 11892      0)
"a_i:PIO:PIOc_read_darray"                                    -      24576    24576 5.406720e+05   6.809518e+05    29.714 ( 10582      0)    23.795 ( 10489      0)
"a_i:PIO:read_darray_nc"                                      -      24576    24576 5.406720e+05   3.951584e+04    27.421 (  1128      0)     0.000 (  6207      0)
"a_i:PIO:rearrange_io2comp"                                   -      24576    24576 5.406720e+05   5.631363e+05    29.047 (     1      0)     0.336 (  1128      0)
"a_i:EAMxx::initialize_atm_procs"                             -      24576    24576 2.457600e+04   2.578727e+06   107.950 ( 20173      0)   100.060 ( 20364      0)
"a_i:EAMxx::SurfaceCouplingImporter::init"                    -      24576    24576 2.457600e+04   1.377756e+02     0.180 ( 11299      0)     0.000 ( 18777      0)
"a_i:EAMxx::homme::init"                                      -      24576    24576 2.457600e+04   4.315383e+05    19.410 ( 18882      0)    13.954 (  4603      0)
"a_i:compose_init"                                            -      24576    24576 2.457600e+04   8.663284e+03     1.120 ( 22851      0)     0.008 (  8748      0)
"a_i:sl_init1"                                                -      24576    24576 2.457600e+04   2.296713e+04     1.764 (  6437      0)     0.140 (  7956      0)
"a_i:EAMxx::tms::init"                                        -      24576    24576 2.457600e+04   3.660632e-01     0.001 ( 20254      0)     0.000 ( 23775      0)
"a_i:EAMxx::shoc::init"                                       -      24576    24576 2.457600e+04   1.948415e+03     2.328 (  4088      0)     0.001 ( 12044      0)
"a_i:EAMxx::cld_fraction::init"                               -      24576    24576 2.457600e+04   3.422616e+00     0.021 ( 20250      0)     0.000 (  6878      0)
"a_i:EAMxx::spa::init"                                        -      24576    24576 2.457600e+04   1.923035e+06    89.445 ( 17090      0)    76.395 ( 21263      0)
"a_i:EAMxx::p3::init"                                         -      24576    24576 2.457600e+04   2.175783e+04     1.475 ( 15851      0)     0.044 (  6843      0)
"a_i:EAMxx::rrtmgp::init"                                     -      24576    24576 2.457600e+04   1.982408e+05    11.269 ( 24280      0)     0.049 (  8510      0)
"a_i:EAMxx::SurfaceCouplingExporter::init"                    -      24576    24576 2.457600e+04   4.524009e+02     0.295 ( 20180      0)     0.002 ( 17090      0)
"a_i:EAMxx::initialize_output_managers"                       -      24576    24576 2.457600e+04   5.249449e+04     2.217 ( 18624      0)     2.017 ( 21388      0)
"a_i:EAMxx::IO::standard"                                     -      24576    24576 2.457600e+04   3.908797e+04     2.111 ( 14208      0)     1.107 ( 18257      0)
"a_i:EAMxx::IO::nooutput.yaml"                                -      24576    24576 2.457600e+04   3.908794e+04     2.111 ( 14208      0)     1.107 ( 18257      0)
"a_i:EAMxx::IO::standard::get_new_file"                       -      24576    24576 2.457600e+04   3.895859e+04     2.048 ( 14208      0)     1.107 ( 18257      0)
"a_i:PIO:PIOc_createfile"                                     -      24576    24576 2.457600e+04   2.815353e+04     1.664 ( 21223      0)     0.657 ( 16333      0)
"a_i:PIO:write_total"                                         -      24576    24576 8.110080e+05   2.837764e+04     1.730 ( 19428      0)     0.658 ( 16342      0)
"a_i:PIO:spio_put_att_tc"                                     -      24576    24576 7.372800e+05   1.416935e+02     0.141 (   624      0)     0.000 (  1205      0)
"a_i:PIO:spio_put_vars_tc"                                    -      24576    24576 2.457600e+04   5.749132e+01     0.019 (  7800      0)     0.000 ( 15949      0)
"a_i:PIO:flush_output_buffer"                                 -       2048     2048 4.096000e+03   6.111468e+01     0.031 (  2388      0)     0.014 ( 22236      0)
"a_i:EAMxx::IO::standard::run_output_streams"                 -      24576    24576 2.457600e+04   2.890113e-03     0.000 ( 18778      0)     0.000 (  1704      0)
"a_i:EAMxx::IO::standard::update_snapshot_tally"              -      24576    24576 2.457600e+04   1.290925e+02     0.065 ( 15840      0)     0.000 (  5001      0)
"a_i:PIO:PIOc_sync"                                           -      24576    24576 2.457600e+04   2.473550e+01     0.015 ( 15840      0)     0.000 ( 18179      0)
"CPL:comp_init_cc_lnd"                                        -      24576    24576 2.457600e+04   1.071082e+07   436.645 ( 19004      0)   435.082 ( 24439      0)
"l_i:comp_init"                                               -      24576    24576 2.457600e+04   1.069932e+07   436.285 ( 12997      0)   434.761 (  2564      0)
"l_i:elm_init1"                                               -      24576    24576 2.457600e+04   2.881247e+06   117.560 ( 15368      0)   116.662 ( 19287      0)
"l_i:PIO:openfile"                                            -      24576    24576 5.652480e+05   3.064015e+05    14.625 (    83      0)     8.910 ( 11184      0)
"l_i:PIO:pio_inq_dimid_file_dimid"                            -      24576    24576 1.523712e+06   8.678159e+03     1.184 ( 22810      0)     0.004 ( 13665      0)
"l_i:PIO:pio_inq_dimlen_file_dimid"                           -      24576    24576 9.142272e+06   9.210306e+02     0.157 ( 15804      0)     0.009 ( 10125      0)
"l_i:PIO:pio_inq_dimlen_file_dimid_offlen"                    -      24576    24576 9.142272e+06   7.543728e+02     0.113 (  2269      0)     0.008 ( 12388      0)
"l_i:PIO:pio_inq_varid_file_vdesc"                            -      24576    24576 1.145242e+07   2.932575e+04     8.677 (  1611      0)     0.025 ( 17412      0)
"l_i:PIO:pio_inq_varid_file_vid"                              -      24576    24576 1.145242e+07   2.913288e+04     8.677 (  1611      0)     0.017 ( 17424      0)
"l_i:PIO:get_var_1d_int"                                      -      24576    24576 1.474560e+05   5.391398e+03     0.902 (  1212      0)     0.036 ( 17856      0)
"l_i:PIO:spio_get_vars_tc"                                    -      24576    24576 4.890624e+06   1.420718e+05     6.668 (  6032      0)     4.926 (  2891      0)
"l_i:PIO:closefile"                                           -      24576    24576 4.915200e+05   6.427283e+03     3.555 (    48      0)     0.001 ( 22352      0)
"l_i:PIO:PIOc_closefile"                                      -      24576    24576 4.915200e+05   6.376356e+03     3.555 (    48      0)     0.001 ( 22352      0)
"l_i:PIO:pio_inq_varndims_file_vdesc"                         -      24576    24576 5.578752e+06   1.616419e+03     4.640 (  8184      0)     0.010 ( 13715      0)
"l_i:PIO:pio_inq_varndims_file_vid"                           -      24576    24576 5.578752e+06   1.614406e+03     4.640 (  8184      0)     0.010 ( 13715      0)
"l_i:PIO:pio_inq_vardimid_file_vdesc"                         -      24576    24576 5.578752e+06   1.575501e+03     0.216 (  1706      0)     0.022 ( 12394      0)
"l_i:PIO:pio_inq_vardimid_file_vid"                           -      24576    24576 5.578752e+06   1.574160e+03     0.216 (  1706      0)     0.022 ( 12389      0)
"l_i:PIO:pio_inq_dimname_file_dimid"                          -      24576    24576 2.027520e+07   1.795183e+03     0.240 (  3724      0)     0.023 ( 10116      0)
"l_i:PIO:initdecomp"                                          -      24576    24576 6.389760e+05   6.566842e+05    27.400 (     7      0)    25.420 ( 13992      0)
"l_i:PIO:PIOc_initdecomp"                                     -      24576    24576 6.389760e+05   6.566198e+05    27.399 (     7      0)    25.420 ( 13992      0)
"l_i:PIO:box_rearrange_create"                                -      24576    24576 6.389760e+05   5.604678e+05    22.809 (  4107      0)    22.767 ( 15426      0)
"l_i:PIO:pio_swapm"                                           -      24576    24576 7.446528e+06   9.052978e+06   383.950 ( 11747      0)   178.193 (  4548      0)
"l_i:PIO:read_darray_1d_double"                               -      24576    24576 2.015232e+06   2.186790e+06    89.513 (     0      0)    84.033 (  1604      0)
"l_i:PIO:PIOc_read_darray"                                    -      24576    24576 5.529600e+06   8.870126e+06   362.667 ( 11631      0)   353.430 (  1604      0)
"l_i:PIO:read_darray_nc"                                      -      24576    24576 5.529600e+06   3.278012e+05   201.332 (  4548      0)     0.000 ( 16030      0)
"l_i:PIO:rearrange_io2comp"                                   -      24576    24576 5.529600e+06   8.536996e+06   362.559 ( 11747      0)   157.973 (  4548      0)
"l_i:PIO:pio_inquire_file"                                    -      24576    24576 7.372800e+06   5.702956e+02     0.126 (  9696      0)     0.006 ( 12384      0)
"l_i:PIO:pio_inq_ndims_file"                                  -      24576    24576 7.372800e+06   5.682783e+02     0.125 (  9696      0)     0.005 ( 12384      0)
"l_i:PIO:read_darray_1d_int"                                  -      24576    24576 1.720320e+05   2.814805e+05    11.628 (  5464      0)    11.339 ( 11197      0)
"l_i:PIO:read_darray_3d_double"                               -      24576    24576 4.423680e+05   2.756153e+05    11.310 ( 23591      0)    10.615 (  8185      0)
"l_i:PIO:read_darray_3d_int"                                  -      24576    24576 2.457600e+04   1.026460e+04     0.435 ( 15600      0)     0.312 (  1197      0)
"l_i:PIO:read_darray_4d_double"                               -      24576    24576 3.440640e+05   1.286923e+06    52.437 ( 13387      0)    50.845 (  2000      0)
"l_i:PIO:get_var_1d_text"                                     -      24576    24576 4.915200e+04   1.637273e+03     0.265 ( 11464      0)     0.002 ( 16806      0)
"l_i:PIO:get_var_1d_double"                                   -      24576    24576 3.538944e+06   1.201825e+04     0.906 (   564      0)     0.093 ( 13556      0)
"l_i:PIO:get_var_0d_double"                                   -      24576    24576 2.457600e+05   3.810056e+02     0.078 (  1818      0)     0.002 (  6355      0)
"l_i:PIO:read_darray_2d_double"                               -      24576    24576 2.433024e+06   4.805193e+06   196.534 ( 11631      0)   191.723 ( 13215      0)
"l_i:PIO:read_darray_2d_int"                                  -      24576    24576 9.830400e+04   2.402560e+04     1.011 ( 13343      0)     0.812 (  2265      0)
"l_i:gather_1darray_int_total"                                -      24576    24576 1.228800e+05   4.723524e+04     3.102 (     0      0)     0.714 (     1      0)
"l_i:scatter_1darray_int_total"                               -      24576    24576 1.228800e+05   5.476309e+04     3.526 (    25      0)     1.176 (     0      0)
"l_i:init_filters"                                            -      24576    24576 2.457600e+04   8.522310e+02     0.118 (  3426      0)     0.000 (  7524      0)
"l_i:elm_init2"                                               -      24576    24576 2.457600e+04   7.786659e+06   317.374 (  2829      0)   316.518 (     4      0)
"l_i:init_orbd"                                               -      24576    24576 2.457600e+04   1.081026e+03     0.527 (  7795      0)     0.000 (  3352      0)
"l_i:PIO:get_var_0d_int"                                      -      24576    24576 5.160960e+05   1.251866e+05     8.583 ( 13176      0)     4.480 ( 17529      0)
"l_i:PIO:get_var_2d_double"                                   -      24576    24576 2.949120e+05   1.785682e+03     0.195 ( 15336      0)     0.008 ( 13129      0)
"l_i:PIO:get_var_3d_double"                                   -      24576    24576 9.830400e+04   1.245984e+03     0.294 ( 10693      0)     0.009 (  9590      0)
"l_i:init_accflds"                                            -      24576    24576 2.457600e+04   3.678619e+02     0.194 ( 18507      0)     0.000 (  5844      0)
"l_i:init_dyn_subgrid"                                        -      24576    24576 2.457600e+04   1.113790e+03     0.191 ( 16355      0)     0.001 ( 11940      0)
"l_i:subgridRest_write-read"                                  -      24576    24576 2.457600e+04   1.127260e+06    45.890 ( 14280      0)    45.794 (  1961      0)
"l_i:init_map2gc"                                             -      24576    24576 2.457600e+04   3.979663e+02     0.286 (  1391      0)     0.000 ( 17477      0)
"l_i:init_elm_interface_data & pflotran"                      -      24576    24576 2.457600e+04   2.596217e-03     0.000 ( 23081      0)     0.000 (   276      0)
"l_i:init_wlog"                                               -      24576    24576 2.457600e+04   3.379854e+00     0.036 (  9406      0)     0.000 ( 18732      0)
"l_i:elm_init3"                                               -      24576    24576 2.457600e+04   1.269470e+01     0.073 ( 12464      0)     0.000 ( 18593      0)
"CPL:comp_init_cc_rof"                                        -      24576    24576 2.457600e+04   5.634989e+02     0.204 ( 12454      0)     0.001 ( 10161      0)
"r_i:comp_init"                                               -      24576    24576 2.457600e+04   3.311771e+01     0.127 ( 11159      0)     0.000 (     0      0)
"CPL:comp_init_cc_ocn"                                        -      24576    24576 2.457600e+04   1.231320e+06    50.394 ( 14963      0)    49.333 ( 18998      0)
"o_i:comp_init"                                               -      24576    24576 2.457600e+04   1.230440e+06    50.387 ( 21810      0)    49.332 ( 19005      0)
"o_i:docn_readnml"                                            -      24576    24576 2.457600e+04   2.568354e+04     1.396 ( 10148      0)     0.285 (  3994      0)
"o_i:DOCN_INIT"                                               -      24576    24576 2.457600e+04   1.204164e+06    49.872 (     0      0)    48.678 ( 21979      0)
"o_i:docn_strdata_init"                                       -      24576    24576 2.457600e+04   1.119001e+06    46.470 (     0      0)    45.123 ( 13272      0)
"o_i:PIO:initdecomp"                                          -      24576    24576 7.372800e+04   4.966358e+04     2.080 (     2      0)     1.958 (     0      0)
"o_i:PIO:PIOc_initdecomp"                                     -      24576    24576 7.372800e+04   4.966312e+04     2.080 (     2      0)     1.958 (     0      0)
"o_i:PIO:box_rearrange_create"                                -      24576    24576 7.372800e+04   4.780211e+04     1.946 (  6148      0)     1.942 ( 14963      0)
"o_i:PIO:pio_swapm"                                           -      24576    24576 2.703360e+05   5.248697e+04     2.370 ( 18541      0)     1.542 (  2376      0)
"o_i:docn_initgsmaps"                                         -      24576    24576 2.457600e+04   5.434906e+01     0.239 (  8136      0)     0.001 (   353      0)
"o_i:docn_initmctdom"                                         -      24576    24576 2.457600e+04   2.281886e+02     0.242 ( 13272      0)     0.000 (  3892      0)
"o_i:docn_initmctavs"                                         -      24576    24576 2.457600e+04   1.554588e+02     0.362 (  7752      0)     0.000 ( 13874      0)
"o_i:DOCN_RUN"                                                -      24576    24576 2.457600e+04   8.465650e+04     3.876 ( 22181      0)     3.068 (  8044      0)
"o_i:docn_run1"                                               -      24576    24576 2.457600e+04   2.322474e-02     0.000 ( 19595      0)     0.000 ( 10112      0)
"o_i:docn"                                                    -      24576    24576 2.457600e+04   8.460605e+04     3.876 ( 22181      0)     3.066 (  8044      0)
"o_i:docn_strdata_advance"                                    -      24576    24576 2.457600e+04   8.451216e+04     3.876 ( 22181      0)     3.057 ( 15977      0)
"o_i:docn_strd_adv_total"                                     -      24576    24576 2.457600e+04   8.451207e+04     3.876 ( 22181      0)     3.057 ( 15977      0)
"o_i:docn_strd_adv_readLBUB"                                  -      24576    24576 2.457600e+04   7.919347e+04     3.580 (  2311      0)     3.040 (  1206      0)
"o_i:docn_readLBUB_setup"                                     -      24576    24576 2.457600e+04   7.823421e-03     0.000 ( 20173      0)     0.000 (  4185      0)
"o_i:docn_readLBUB_fbound"                                    -      24576    24576 2.457600e+04   2.050620e+00     2.047 (     0      0)     0.000 ( 17904      0)
"o_i:docn_readLBUB_bcast"                                     -      24576    24576 2.457600e+04   5.118655e+04     2.431 (  1313      0)     0.000 (     0      0)
"o_i:docn_readLBUB_LB_setup"                                  -      24576    24576 2.457600e+04   6.929835e-03     0.000 (     0      0)     0.000 ( 20238      0)
"o_i:docn_readLBUB_LB_readpio"                                -      24576    24576 2.457600e+04   2.590533e+04     1.113 (  8991      0)     0.998 ( 21120      0)
"o_i:PIO:openfile"                                            -      24576    24576 2.457600e+04   1.769998e+04     0.802 (  7246      0)     0.679 (  2723      0)
"o_i:PIO:pio_inq_varid_file_vdesc"                            -      24576    24576 9.830400e+04   2.015903e+02     0.230 ( 21752      0)     0.000 (  3245      0)
"o_i:PIO:pio_inq_varid_file_vid"                              -      24576    24576 9.830400e+04   2.015228e+02     0.230 ( 21752      0)     0.000 (  3245      0)
"o_i:PIO:pio_inq_varndims_file_vdesc"                         -      24576    24576 4.915200e+04   1.970680e+01     0.047 (  4345      0)     0.000 ( 14961      0)
"o_i:PIO:pio_inq_varndims_file_vid"                           -      24576    24576 4.915200e+04   1.967833e+01     0.047 (  4345      0)     0.000 ( 14961      0)
"o_i:PIO:pio_inq_vardimid_file_vdesc"                         -      24576    24576 4.915200e+04   2.047285e+01     0.001 (  7767      0)     0.000 ( 14958      0)
"o_i:PIO:pio_inq_vardimid_file_vid"                           -      24576    24576 4.915200e+04   2.045055e+01     0.001 (  7767      0)     0.000 ( 14958      0)
"o_i:PIO:pio_inq_dimlen_file_dimid"                           -      24576    24576 1.474560e+05   1.247426e+01     0.002 ( 14183      0)     0.000 ( 21736      0)
"o_i:PIO:pio_inq_dimlen_file_dimid_offlen"                    -      24576    24576 1.474560e+05   1.243137e+01     0.002 ( 14183      0)     0.000 ( 21736      0)
"o_i:PIO:pio_inq_vartype_file_vdesc"                          -      24576    24576 4.915200e+04   7.306067e+00     0.001 (     6      0)     0.000 ( 17087      0)
"o_i:PIO:pio_inq_vartype_file_vid"                            -      24576    24576 4.915200e+04   7.281748e+00     0.001 (     6      0)     0.000 ( 15731      0)
"o_i:PIO:read_darray_1d_real"                                 -      24576    24576 4.915200e+04   9.143529e+03     0.451 (  5616      0)     0.108 ( 21737      0)
"o_i:PIO:PIOc_read_darray"                                    -      24576    24576 4.915200e+04   9.143279e+03     0.451 (  5616      0)     0.104 ( 21738      0)
"o_i:PIO:read_darray_nc"                                      -      24576    24576 4.915200e+04   7.182555e+02     0.435 (  8208      0)     0.000 (    73      0)
"o_i:PIO:rearrange_io2comp"                                   -      24576    24576 4.915200e+04   8.361614e+03     0.449 (  5598      0)     0.002 (  9708      0)
"o_i:docn_readLBUB_UB_setup"                                  -      24576    24576 2.457600e+04   5.141770e-02     0.003 ( 21736      0)     0.000 ( 21968      0)
"o_i:docn_readLBUB_UB_readpio"                                -      24576    24576 2.457600e+04   2.051017e+03     0.153 (  3996      0)     0.009 ( 21739      0)
"o_i:docn_readLBUB_filemgt"                                   -      24576    24576 2.457600e+04   5.094663e-03     0.000 (  1609      0)     0.000 ( 13644      0)
"o_i:docn_strd_adv_fill"                                      -      24576    24576 2.457600e+04   5.419090e+01     0.152 ( 14384      0)     0.000 ( 23674      0)
"o_i:docn_strd_adv_map"                                       -      24576    24576 2.457600e+04   5.055457e+03     0.327 ( 22134      0)     0.000 ( 21275      0)
"o_i:docn_strd_adv_tint"                                      -      24576    24576 2.457600e+04   5.969110e+01     0.067 (  2371      0)     0.000 (  8268      0)
"o_i:docn_scatter"                                            -      24576    24576 2.457600e+04   3.592730e+00     0.015 ( 21743      0)     0.000 ( 10708      0)
"o_i:docn_datamode"                                           -      24576    24576 2.457600e+04   5.483195e+01     0.043 ( 20875      0)     0.000 ( 15115      0)
"o_i:docn_run2"                                               -      24576    24576 2.457600e+04   2.158197e+01     0.041 ( 23670      0)     0.000 ( 18289      0)
"CPL:comp_init_cc_ice"                                        -      24576    24576 2.457600e+04   1.379435e+06    56.241 (  5149      0)    56.031 ( 14959      0)
"i_i:comp_init"                                               -      24576    24576 2.457600e+04   1.371441e+06    56.238 (  5149      0)    54.985 ( 23330      0)
"i_i:cice_init"                                               -      24576    24576 2.457600e+04   3.185442e+05    13.403 ( 15000      0)    12.696 (  3201      0)
"i_i:ice_HaloUpdate2DR8"                                      -      24576    24576 9.830400e+04   7.995336e+02     1.245 (  5160      0)     0.000 (  1772      0)
"i_i:ice_HU2DR8_init"                                         -      24576    24576 9.830400e+04   5.943659e-02     0.000 ( 16744      0)     0.000 (   757      0)
"i_i:state_bound_h1"                                          -      24576    24576 2.457600e+04   2.320682e+03     0.535 ( 15000      0)     0.000 (  2989      0)
"i_i:ice_HaloUpdate3DR8"                                      -      24576    24576 1.228800e+05   1.999064e+03     0.535 ( 15000      0)     0.000 (  2989      0)
"i_i:ice_HU3DR8_init"                                         -      24576    24576 1.228800e+05   4.174816e+02     0.345 ( 16507      0)     0.000 ( 14313      0)
"i_i:ice_HU3DR8_recvall"                                      -      24576    24576 1.228800e+05   3.857131e+02     0.535 ( 15000      0)     0.000 ( 19156      0)
"i_i:state_bound_hm"                                          -      24576    24576 2.457600e+04   8.585201e-02     0.000 ( 20116      0)     0.000 ( 17087      0)
"i_i:state_bound_hc"                                          -      24576    24576 2.457600e+04   1.243047e+00     0.067 ( 17839      0)     0.000 ( 21780      0)
"i_i:state_bound_h2"                                          -      24576    24576 2.457600e+04   1.747328e+02     0.515 ( 19354      0)     0.000 ( 19536      0)
"i_i:ice_HaloUpdate4DR8"                                      -      24576    24576 2.457600e+04   5.234445e+01     0.515 ( 19354      0)     0.000 ( 19536      0)
"i_i:ice_HU4DR8_init"                                         -      24576    24576 2.457600e+04   1.362114e+01     0.207 (  8038      0)     0.000 ( 22812      0)
"i_i:ice_HU4DR8_recvall"                                      -      24576    24576 2.457600e+04   2.988047e+01     0.515 ( 19354      0)     0.000 (  6237      0)
"i_i:state_bound_hd"                                          -      24576    24576 2.457600e+04   1.228383e-02     0.000 (  6636      0)     0.000 (  3936      0)
"i_i:cice_mct_init"                                           -      24576    24576 2.457600e+04   1.051627e+06    43.313 ( 12216      0)    41.595 ( 20914      0)
"i_i:PIO:initdecomp"                                          -      24576    24576 7.372800e+04   4.912473e+04     3.901 (     2      0)     1.905 ( 21109      0)
"i_i:PIO:PIOc_initdecomp"                                     -      24576    24576 7.372800e+04   4.912440e+04     3.901 (     2      0)     1.905 ( 21109      0)
"i_i:PIO:box_rearrange_create"                                -      24576    24576 7.372800e+04   4.678632e+04     1.904 (  6085      0)     1.903 ( 11651      0)
"i_i:PIO:pio_swapm"                                           -      24576    24576 2.211840e+05   4.328931e+04     1.898 ( 14004      0)     1.506 (  2932      0)
"CPL:comp_init_cc_glc"                                        -      24576    24576 2.457600e+04   6.879172e+01     0.009 ( 14952      0)     0.001 (  5442      0)
"g_i:comp_init"                                               -      24576    24576 2.457600e+04   1.328400e-01     0.008 ( 14952      0)     0.000 (   157      0)
"CPL:comp_init_cc_wav"                                        -      24576    24576 2.457600e+04   6.435695e+01     0.003 ( 13243      0)     0.001 ( 10188      0)
"w_i:comp_init"                                               -      24576    24576 2.457600e+04   1.024731e-02     0.000 ( 15858      0)     0.000 ( 10273      0)
"CPL:comp_init_cc_esp"                                        -      24576    24576 2.457600e+04   1.198030e+02     0.035 ( 14232      0)     0.000 ( 12137      0)
"e_i:comp_init"                                               -      24576    24576 2.457600e+04   2.299166e+01     0.032 ( 14232      0)     0.000 ( 23490      0)
"CPL:comp_init_cc_iac"                                        -      24576    24576 2.457600e+04   2.257419e+02     0.134 ( 23853      0)     0.001 ( 14765      0)
"z_i:comp_init"                                               -      24576    24576 2.457600e+04   1.432331e-02     0.000 (  5063      0)     0.000 ( 17680      0)
"CPL:comp_init_cx_all"                                        -      24576    24576 2.457600e+04   3.140188e+04     1.344 (     0      0)     1.128 ( 23847      0)
"CPL:comp_list_all"                                           -      24576    24576 2.457600e+04   9.589912e-02     0.000 ( 15252      0)     0.000 (  1757      0)
"CPL:init_maps"                                               -      24576    24576 2.457600e+04   2.392413e+03     0.384 ( 11370      0)     0.036 (   523      0)
"CPL:init_aream"                                              -      24576    24576 2.457600e+04   1.533974e+03     0.364 (   742      0)     0.000 ( 13908      0)
"CPL:init_domain_check"                                       -      24576    24576 2.457600e+04   7.153538e+03     0.433 (  1875      0)     0.059 (  1248      0)
"CPL:init_areacor"                                            -      24576    24576 2.457600e+04   3.782448e+03     0.154 ( 11848      0)     0.154 ( 19510      0)
"CPL:init_fracs"                                              -      24576    24576 2.457600e+04   1.860625e+03     0.152 (     3      0)     0.001 ( 11852      0)
"CPL:init_aoflux"                                             -      24576    24576 2.457600e+04   2.314982e+02     0.097 (  6833      0)     0.000 ( 14056      0)
"CPL:init_atminit"                                            -      24576    24576 1.474560e+05   1.255597e+03     0.217 ( 16015      0)     0.002 (  9819      0)
"CPL:comp_init_cc_atm2"                                       -      24576    24576 2.457600e+04   4.184795e+03     0.323 ( 19676      0)     0.044 ( 21594      0)
"CPL:init_readrestart"                                        -      24576    24576 2.457600e+04   3.559815e+02     0.120 (  8646      0)     0.000 (  2133      0)
"CPL:cime_run_init"                                           -      24576    24576 2.457600e+04   3.002470e+02     0.178 (     0      0)     0.000 ( 19465      0)
"CPL:INIT_sync1_tprf"                                         -      24576    24576 2.457600e+04   3.439292e+03     0.178 (  3075      0)     0.000 (     0      0)
"CPL:INIT_t_prf"                                              -      24576    24576 2.457600e+04   2.066040e+02     0.252 (     0      0)     0.000 (  4701      0)
"CPL:INIT_sync2_tprf"                                         -      24576    24576 2.457600e+04   5.783836e+03     0.252 (  4701      0)     0.000 (     0      0)
"CPL:RUN_LOOP_BSTART"                                         -      24576    24576 2.457600e+04   1.237940e+00     0.000 (  7100      0)     0.000 ( 13851      0)
"CPL:RUN_LOOP"                                                -      24576    24576 1.061683e+07   7.631101e+06   310.513 ( 20315      0)   310.508 (  5212      0)
"CPL:CLOCK_ADVANCE"                                           -      24576    24576 1.061683e+07   1.270115e+03     0.105 (   269      0)     0.045 ( 11199      0)
"CPL:RUN"                                                     -      24576    24576 1.273774e+08   5.870029e+04     3.475 ( 18121      0)     1.326 ( 10934      0)
"CPL:OCNPRE1"                                                 -      24576    24576 1.061683e+07   4.993485e+03     0.230 (  7460      0)     0.183 ( 11205      0)
"CPL:ocnpre1_atm2ocn"                                         -      24576    24576 1.061683e+07   4.975761e+03     0.226 (  7790      0)     0.182 ( 11205      0)
"CPL:LNDPREP"                                                 -      24576    24576 1.061683e+07   2.226374e+03     0.158 (  4411      0)     0.060 ( 20788      0)
"CPL:lndprep_atm2lnd"                                         -      24576    24576 1.061683e+07   1.962415e+03     0.147 (  4411      0)     0.055 (  2492      0)
"CPL:lndprep_mrgx2l"                                          -      24576    24576 1.061683e+07   2.421414e+02     0.014 (  1530      0)     0.002 ( 10726      0)
"CPL:COMM"                                                    -      24576    24576 7.429325e+07   3.899626e+05    24.480 ( 11045      0)     5.601 (  2763      0)
"CPL:C2L"                                                     -      24576    24576 1.061683e+07   1.028641e+04     0.477 ( 12936      0)     0.283 (     0      0)
"CPL:c2l_lndx2lndl"                                           -      24576    24576 1.061683e+07   5.761272e+03     0.291 (   481      0)     0.131 ( 23805      0)
"CPL:c2l_infoexch"                                            -      24576    24576 1.061683e+07   4.506541e+03     0.289 ( 20468      0)     0.069 (    10      0)
"CPL:ICEPREP"                                                 -      24576    24576 1.061683e+07   1.875090e+03     0.105 ( 21144      0)     0.070 ( 23012      0)
"CPL:iceprep_ocn2ice"                                         -      24576    24576 1.061683e+07   3.943439e+02     0.020 ( 21154      0)     0.014 (   300      0)
"CPL:iceprep_atm2ice"                                         -      24576    24576 1.061683e+07   5.513376e+02     0.029 (  4224      0)     0.021 ( 20914      0)
"CPL:iceprep_mrgx2i"                                          -      24576    24576 1.061683e+07   8.383512e+02     0.054 ( 15320      0)     0.031 ( 22844      0)
"CPL:C2I"                                                     -      24576    24576 1.061683e+07   4.506072e+03     0.208 (  4471      0)     0.161 (     2      0)
"CPL:c2i_icex2icei"                                           -      24576    24576 1.061683e+07   6.053554e+02     0.031 (  4227      0)     0.023 ( 21083      0)
"CPL:ice_infoexch"                                            -      24576    24576 1.061683e+07   3.887774e+03     0.185 (  4471      0)     0.135 (     2      0)
"CPL:ICE_RUN"                                                 -      24576    24576 1.061683e+07   1.178566e+05     5.763 ( 19707      0)     4.554 ( 23470      0)
"i:cice_run_total"                                            -      24576    24576 1.061683e+07   1.138553e+05     5.606 ( 19706      0)     4.416 (  8097      0)
"i:cice_run_import"                                           -      24576    24576 1.061683e+07   2.419357e+03     0.343 (  6081      0)     0.087 ( 15664      0)
"i:cice_imp_ocn"                                              -      24576    24576 1.061683e+07   2.428053e+02     0.016 (  5999      0)     0.009 ( 24035      0)
"i:cice_imp_atm"                                              -      24576    24576 1.061683e+07   2.212509e+02     0.019 ( 17384      0)     0.009 ( 21056      0)
"i:cice_run_initmd"                                           -      24576    24576 1.061683e+07   4.303069e+04     1.919 (    11      0)     1.474 ( 22676      0)
"i:cice_run_presc"                                            -      24576    24576 1.061683e+07   4.031118e+04     1.686 ( 16598      0)     1.428 ( 22892      0)
"i:cice_pice_strd_adv_total"                                  -      24576    24576 1.061683e+07   3.786127e+04     1.577 ( 18192      0)     1.336 ( 22892      0)
"i:cice_pice_strd_adv_readLBUB"                               -      24576    24576 1.061683e+07   3.390523e+04     1.563 (   876      0)     1.310 (     3      0)
"i:cice_pice_readLBUB_setup"                                  -      24576    24576 1.061683e+07   3.493951e+00     0.000 ( 19012      0)     0.000 (  3706      0)
"i:cice_pice_readLBUB_fbound"                                 -      24576    24576 4.915200e+04   2.597553e-01     0.254 (     0      0)     0.000 ( 19501      0)
"i:cice_pice_readLBUB_bcast"                                  -      24576    24576 4.915200e+04   6.260388e+03     0.255 ( 14641      0)     0.000 (     0      0)
"i:cice_pice_readLBUB_LB_setup"                               -      24576    24576 2.457600e+04   6.895269e-03     0.000 (     0      0)     0.000 ( 21688      0)
"i:cice_pice_readLBUB_LB_readpio"                             -      24576    24576 2.457600e+04   1.905311e+04     0.885 (  1679      0)     0.743 (     1      0)
"i:PIO:openfile"                                              -      24576    24576 2.457600e+04   1.809175e+04     0.740 (  7310      0)     0.736 (     1      0)
"i:PIO:pio_inq_varid_file_vdesc"                              -      24576    24576 1.474560e+05   1.755439e+03     0.218 ( 12831      0)     0.000 (  8790      0)
"i:PIO:pio_inq_varid_file_vid"                                -      24576    24576 1.474560e+05   1.755382e+03     0.218 ( 12831      0)     0.000 (  7972      0)
"i:PIO:pio_inq_varndims_file_vdesc"                           -      24576    24576 7.372800e+04   4.283136e+01     0.050 (  7962      0)     0.000 (  7879      0)
"i:PIO:pio_inq_varndims_file_vid"                             -      24576    24576 7.372800e+04   4.279338e+01     0.050 (  7957      0)     0.000 (  7879      0)
"i:PIO:pio_inq_vardimid_file_vdesc"                           -      24576    24576 7.372800e+04   4.225238e+01     0.002 (   177      0)     0.001 (  7848      0)
"i:PIO:pio_inq_vardimid_file_vid"                             -      24576    24576 7.372800e+04   4.222138e+01     0.002 (   176      0)     0.001 (  7848      0)
"i:PIO:pio_inq_dimlen_file_dimid"                             -      24576    24576 2.211840e+05   2.556297e+01     0.002 ( 11488      0)     0.000 (  8676      0)
"i:PIO:pio_inq_dimlen_file_dimid_offlen"                      -      24576    24576 2.211840e+05   2.550022e+01     0.002 ( 11488      0)     0.000 (  8676      0)
"i:PIO:pio_inq_vartype_file_vdesc"                            -      24576    24576 7.372800e+04   1.925826e+01     0.002 (     8      0)     0.000 (  5326      0)
"i:PIO:pio_inq_vartype_file_vid"                              -      24576    24576 7.372800e+04   1.922385e+01     0.002 (     8      0)     0.000 (  5326      0)
"i:PIO:read_darray_1d_real"                                   -      24576    24576 7.372800e+04   6.111451e+03     0.540 (   792      0)     0.105 ( 18064      0)
"i:PIO:PIOc_read_darray"                                      -      24576    24576 7.372800e+04   6.111252e+03     0.540 (   792      0)     0.105 ( 18064      0)
"i:PIO:read_darray_nc"                                        -      24576    24576 7.372800e+04   4.371622e+02     0.508 (   624      0)     0.000 (  8569      0)
"i:PIO:rearrange_io2comp"                                     -      24576    24576 7.372800e+04   5.627061e+03     0.506 (   853      0)     0.001 (     0      0)
"i:PIO:pio_swapm"                                             -      24576    24576 7.372800e+04   5.621500e+03     0.506 (   853      0)     0.001 (     0      0)
"i:cice_pice_readLBUB_UB_setup"                               -      24576    24576 4.915200e+04   1.959800e-02     0.000 (     0      0)     0.000 (  5384      0)
"i:cice_pice_readLBUB_UB_readpio"                             -      24576    24576 4.915200e+04   8.554603e+03     0.543 (   852      0)     0.213 (  1681      0)
"i:cice_pice_readLBUB_filemgt"                                -      24576    24576 1.061683e+07   2.312650e+00     0.000 (  2028      0)     0.000 (  9183      0)
"i:cice_pice_strd_adv_map"                                    -      24576    24576 4.915200e+04   3.792168e+03     0.250 (     7      0)     0.001 (  7358      0)
"i:cice_pice_strd_adv_tint"                                   -      24576    24576 1.061683e+07   1.191118e+02     0.006 ( 12902      0)     0.004 (  3914      0)
"i:cice_run_initflux"                                         -      24576    24576 1.061683e+07   1.104995e+02     0.005 ( 19697      0)     0.004 (  6703      0)
"i:cice_run_prepradiation"                                    -      24576    24576 1.061683e+07   8.396794e+01     0.015 (  3234      0)     0.003 ( 17026      0)
"i:cice_run_therm1"                                           -      24576    24576 1.061683e+07   3.297692e+03     0.526 ( 17709      0)     0.103 (  8717      0)
"i:cice_run_dyn"                                              -      24576    24576 1.061683e+07   6.974082e-01     0.000 (  8170      0)     0.000 (  1387      0)
"i:cice_run_radiation"                                        -      24576    24576 1.061683e+07   2.068612e+03     0.837 ( 19706      0)     0.050 ( 22445      0)
"i:cice_step_radiationib"                                     -      24576    24576 1.061683e+07   1.824889e+03     0.829 ( 19706      0)     0.043 ( 22445      0)
"i:cice_step_rib_swdedd1"                                     -      24576    24576 1.061683e+07   2.074694e+02     0.015 ( 17246      0)     0.003 (  7533      0)
"i:cice_step_rib_swdedd2"                                     -      24576    24576 1.061683e+07   1.387155e+02     0.008 ( 19537      0)     0.005 ( 22703      0)
"i:cice_step_rib_swdedd7"                                     -      24576    24576 1.061683e+07   1.347169e+03     0.807 ( 19706      0)     0.024 ( 22493      0)
"i:cice_run_couplingprep"                                     -      24576    24576 1.061683e+07   2.927026e+03     1.127 ( 19707      0)     0.048 ( 23450      0)
"i:ice_HaloUpdate2DR8"                                        -      24576    24576 1.061683e+07   1.799433e+03     1.081 ( 19707      0)     0.005 (  2540      0)
"i:ice_HU2DR8_init"                                           -      24576    24576 1.061683e+07   7.569877e+00     0.001 ( 19636      0)     0.000 (  4769      0)
"i:cice_run_diag"                                             -      24576    24576 1.061683e+07   1.679467e+04     0.761 (  8097      0)     0.637 ( 19550      0)
"i:cice_run_hist"                                             -      24576    24576 1.061683e+07   1.456933e+03     0.102 (  1249      0)     0.043 ( 19082      0)
"i:cice_run_accum"                                            -      24576    24576 1.061683e+07   6.209219e+01     0.003 ( 20484      0)     0.002 ( 18406      0)
"i:cice_run_export"                                           -      24576    24576 1.061683e+07   7.538736e+02     0.038 (  4227      0)     0.028 ( 19940      0)
"CPL:LND_RUN"                                                 -      24576    24576 1.061683e+07   4.612761e+05    21.605 (  1697      0)    16.176 ( 24208      0)
"l:lc_lnd_import"                                             -      24576    24576 1.061683e+07   1.025372e+03     0.719 ( 14953      0)     0.024 ( 18534      0)
"l:elm_run"                                                   -      24576    24576 1.064141e+07   4.588163e+05    21.520 (  1697      0)    16.091 ( 24208      0)
"l:shr_orb_decl"                                              -      24576    24576 1.064141e+07   3.837130e+01     0.144 ( 10459      0)     0.000 ( 19651      0)
"l:decomp_vert"                                               -      24576    24576 1.064141e+07   1.008645e+02     0.042 (  6834      0)     0.001 ( 18756      0)
"l:beggridwbal"                                               -      24576    24576 1.064141e+07   1.883554e+03     0.205 ( 24153      0)     0.058 ( 18610      0)
"l:cnpinit"                                                   -      24576    24576 1.064141e+07   7.963532e+00     0.001 ( 15849      0)     0.000 ( 23191      0)
"l:cnpvegsumm"                                                -      24576    24576 1.064141e+07   1.211865e+00     0.000 ( 13592      0)     0.000 ( 22393      0)
"l:dyn_subgrid"                                               -      24576    24576 1.064141e+07   1.194979e+04     0.972 ( 14959      0)     0.375 ( 18610      0)
"l:begwbal"                                                   -      24576    24576 1.064141e+07   2.198023e+02     0.078 ( 14565      0)     0.005 ( 18136      0)
"l:begcnpbal"                                                 -      24576    24576 1.064141e+07   4.496406e+01     0.202 ( 14290      0)     0.000 (  5409      0)
"l:drvinit"                                                   -      24576    24576 1.064141e+07   1.201758e+03     0.263 ( 14586      0)     0.040 ( 18442      0)
"l:canhydro"                                                  -      24576    24576 1.064141e+07   2.000563e+03     0.292 (  6861      0)     0.054 ( 19670      0)
"l:surfrad"                                                   -      24576    24576 1.064141e+07   4.001541e+03     0.639 ( 24272      0)     0.125 ( 19064      0)
"l:bgp1"                                                      -      24576    24576 1.064141e+07   2.216487e+03     0.322 ( 15443      0)     0.060 ( 17789      0)
"l:bgflux"                                                    -      24576    24576 1.064141e+07   2.784153e+03     0.208 ( 18975      0)     0.065 ( 19489      0)
"l:canflux"                                                   -      24576    24576 1.064141e+07   1.019813e+05     6.364 (  1697      0)     2.422 ( 12404      0)
"l:can_iter"                                                  -      24576    24576 1.064141e+07   8.304820e+04     5.470 ( 20138      0)     1.806 ( 12404      0)
"l:uflux"                                                     -      24576    24576 1.064141e+07   4.124319e+03     0.906 ( 11265      0)     0.014 ( 17477      0)
"l:bgplake"                                                   -      24576    24576 1.064141e+07   9.728860e+03     1.200 ( 22803      0)     0.196 ( 13236      0)
"l:bgc"                                                       -      24576    24576 1.064141e+07   6.497245e+03     0.524 (  1151      0)     0.172 ( 12402      0)
"l:soiltemperature"                                           -      24576    24576 1.064141e+07   6.273100e+04     3.106 (  3288      0)     2.080 ( 18610      0)
"l:SoilThermProp"                                             -      24576    24576 1.064141e+07   3.443515e+03     0.408 ( 19932      0)     0.091 ( 16085      0)
"l:SoilTempBandDiag"                                          -      24576    24576 2.128282e+07   6.558510e+03     0.635 ( 23858      0)     0.175 ( 19684      0)
"l:PhaseChangeH2osfc"                                         -      24576    24576 1.064141e+07   4.028984e+01     0.005 ( 18034      0)     0.001 ( 21957      0)
"l:PhaseChangebeta"                                           -      24576    24576 1.064141e+07   1.280628e+03     0.092 (  3288      0)     0.026 ( 19683      0)
"l:bgp2"                                                      -      24576    24576 1.064141e+07   2.640756e+03     0.455 ( 15778      0)     0.077 ( 13765      0)
"l:bgp2_loop_1"                                               -      24576    24576 1.064141e+07   4.189269e+02     0.024 (  3076      0)     0.012 ( 17694      0)
"l:bgp2_loop_2"                                               -      24576    24576 1.064141e+07   7.337026e+02     0.041 ( 24300      0)     0.023 ( 11542      0)
"l:bgp2_loop_3"                                               -      24576    24576 1.064141e+07   1.099248e+03     0.064 (  1518      0)     0.029 ( 24208      0)
"l:bgp2_loop_4"                                               -      24576    24576 1.064141e+07   2.870704e+02     0.016 ( 24300      0)     0.009 ( 13765      0)
"l:patch2col"                                                 -      24576    24576 1.064141e+07   1.716136e+03     0.313 ( 18661      0)     0.049 ( 17789      0)
"l:hydro without drainage"                                    -      24576    24576 1.064141e+07   2.036168e+04     1.597 (  3288      0)     0.597 ( 13766      0)
"l:hylake"                                                    -      24576    24576 1.064141e+07   2.061100e+03     0.358 ( 11446      0)     0.059 ( 17998      0)
"l:snow_init"                                                 -      24576    24576 1.064141e+07   1.511672e+02     0.016 (  4741      0)     0.003 ( 18062      0)
"l:ecosysdyn"                                                 -      24576    24576 1.064141e+07   5.188123e+02     0.052 ( 22945      0)     0.016 ( 13771      0)
"l:depvel"                                                    -      24576    24576 2.128282e+07   4.130182e+01     0.071 (  2258      0)     0.000 (  7102      0)
"l:hydro2 drainage"                                           -      24576    24576 1.064141e+07   1.483300e+03     0.270 ( 23443      0)     0.041 ( 16734      0)
"l:balchk"                                                    -      24576    24576 1.064141e+07   1.893849e+03     0.265 (   432      0)     0.066 ( 23810      0)
"l:gridbalchk"                                                -      24576    24576 1.064141e+07   1.047157e+03     0.148 (    36      0)     0.037 ( 23810      0)
"l:lnd2atm"                                                   -      24576    24576 1.064141e+07   8.340936e+03     0.556 (  8831      0)     0.286 ( 13244      0)
"l:wrtdiag"                                                   -      24576    24576 1.064141e+07   1.049386e+02     0.014 (     0      0)     0.003 (  7702      0)
"l:hbuf"                                                      -      24576    24576 1.064141e+07   3.112160e+04     1.800 (  6886      0)     1.094 ( 23810      0)
"l:elm_drv_io"                                                -      24576    24576 1.064141e+07   1.533269e+02     0.259 (   885      0)     0.001 (  7692      0)
"l:elm_drv_io_htapes"                                         -      24576    24576 1.064141e+07   1.456474e+02     0.259 (   885      0)     0.001 ( 10940      0)
"l:lc_lnd_export"                                             -      24576    24576 1.064141e+07   2.796761e+02     0.013 ( 21148      0)     0.011 ( 18988      0)
"l:lc_elm2_adv_timestep"                                      -      24576    24576 1.064141e+07   7.888297e+00     0.001 (  2971      0)     0.000 (  1308      0)
"l:accum"                                                     -      24576    24576 1.061683e+07   5.833008e+03     0.402 (  5735      0)     0.217 (   197      0)
"CPL:ATMOCNP"                                                 -      24576    24576 1.061683e+07   4.755194e+03     0.320 ( 18843      0)     0.039 ( 22916      0)
"CPL:atmocnp_fluxo"                                           -      24576    24576 1.061683e+07   4.095464e+03     0.299 ( 13476      0)     0.014 ( 23135      0)
"CPL:atmocnp_ocnalb"                                          -      24576    24576 1.061683e+07   6.354524e+02     0.043 ( 18458      0)     0.017 ( 22609      0)
"CPL:L2C"                                                     -      24576    24576 1.061683e+07   3.316946e+04     2.936 (  1083      0)     0.315 (  3915      0)
"CPL:l2c_lndl2lndx"                                           -      24576    24576 1.061683e+07   3.312695e+04     2.935 (  1083      0)     0.313 (  3915      0)
"lnd2cpl_run"                                                 -      24576    24576 1.061683e+07   2.720037e+01     0.001 ( 11038      0)     0.001 ( 21323      0)
"CPL:LNDPOST"                                                 -      24576    24576 1.061683e+07   8.476113e+00     0.000 ( 20267      0)     0.000 (  2884      0)
"CPL:I2C"                                                     -      24576    24576 1.061683e+07   6.339418e+02     0.032 (  4231      0)     0.024 ( 22588      0)
"CPL:i2c_icei2icex"                                           -      24576    24576 1.061683e+07   6.065312e+02     0.031 (  4231      0)     0.023 ( 22588      0)
"CPL:i2c_infoexch"                                            -      24576    24576 1.061683e+07   1.202140e+01     0.001 ( 14241      0)     0.000 ( 21107      0)
"CPL:ICEPOST"                                                 -      24576    24576 1.061683e+07   7.351414e-01     0.000 ( 22182      0)     0.000 (  1268      0)
"CPL:FRACSET"                                                 -      24576    24576 1.061683e+07   1.604693e+03     0.069 (  4226      0)     0.063 ( 18490      0)
"CPL:fracset_fracset"                                         -      24576    24576 1.061683e+07   1.600961e+03     0.069 (  4226      0)     0.063 ( 18490      0)
"CPL:ATMPREP"                                                 -      24576    24576 1.061683e+07   4.311273e+04     2.897 ( 18121      0)     0.674 ( 10729      0)
"CPL:atmprep_xao2atm"                                         -      24576    24576 1.061683e+07   3.414332e+03     0.148 ( 14312      0)     0.134 ( 15410      0)
"CPL:atmprep_ocn2atm"                                         -      24576    24576 1.061683e+07   2.948333e+03     0.133 ( 21147      0)     0.117 ( 24235      0)
"CPL:atmprep_alb2atm"                                         -      24576    24576 1.061683e+07   1.351632e+03     0.062 (  4226      0)     0.050 ( 18490      0)
"CPL:atmprep_ice2atm"                                         -      24576    24576 1.061683e+07   3.357624e+03     0.150 (  4226      0)     0.132 ( 21322      0)
"CPL:atmprep_lnd2atm"                                         -      24576    24576 1.061683e+07   3.037352e+04     2.376 ( 18121      0)     0.159 ( 10725      0)
"CPL:atmprep_mrgx2a"                                          -      24576    24576 1.061683e+07   1.618740e+03     0.078 ( 21147      0)     0.060 (   417      0)
"CPL:C2A"                                                     -      24576    24576 1.061683e+07   7.018315e+04     4.416 ( 14941      0)     2.085 (  2763      0)
"CPL:c2a_atmx2atmg"                                           -      24576    24576 1.061683e+07   3.801761e+04     3.088 ( 10927      0)     0.627 ( 23284      0)
"CPL:c2a_infoexch"                                            -      24576    24576 1.061683e+07   3.215117e+04     2.197 ( 16393      0)     0.482 (  3186      0)
"CPL:ATM_RUN"                                                 -      24576    24576 1.061683e+07   6.155959e+06   259.576 (  7779      0)   242.030 (  2330      0)
"a:EAMxx::run"                                                -      24576    24576 1.061683e+07   6.152465e+06   259.275 (  7779      0)   241.942 (  2330      0)
"a:EAMxx::EAMxx::run"                                         -      24576    24576 1.061683e+07   6.146783e+06   258.468 ( 19530      0)   241.860 (  2330      0)
"a:EAMxx::EAMxx::run-precondition-checks"                     -      24576    24576 1.061683e+07   4.286089e+00     0.000 ( 17428      0)     0.000 (  1947      0)
"a:EAMxx::SurfaceCouplingImporter::run"                       -      24576    24576 1.061683e+07   1.978234e+04     2.144 ( 11823      0)     0.307 (  2668      0)
"a:EAMxx::SurfaceCouplingImporter::run-precondition-checks"   -      24576    24576 1.061683e+07   2.025829e+00     0.000 ( 17354      0)     0.000 ( 18286      0)
"a:EAMxx::SurfaceCouplingImporter::run-postcondition-checks"  -      24576    24576 1.061683e+07   1.805245e+04     2.103 ( 11823      0)     0.267 (  2668      0)
"a:EAMxx::homme::run"                                         -      24576    24576 1.061683e+07   5.497196e+06   225.429 ( 16486      0)   222.641 ( 19960      0)
"a:EAMxx::homme::run-precondition-checks"                     -      24576    24576 1.061683e+07   1.877758e+00     0.000 (  5340      0)     0.000 ( 18443      0)
"a:tl-sc prim_run_subcycle_c"                                 -      24576    24576 2.123366e+07   5.305691e+06   217.386 (  5084      0)   213.232 ( 12741      0)
"a:tl-s prim_step_flexible"                                   -      24576    24576 2.123366e+07   5.305465e+06   217.382 (  5084      0)   213.157 ( 12741      0)
"a:ApplyCAMForcing_tracers"                                   -      24576    24576 1.061683e+07   4.548480e+04     5.640 ( 16429      0)     0.245 ( 16964      0)
"a:tl-s deep_copy+derived_dp"                                 -      24576    24576 2.123366e+07   1.714680e+03     0.531 (   833      0)     0.041 (  6610      0)
"a:ApplyCAMForcing_dynamics"                                  -      24576    24576 6.370099e+07   1.068277e+04     1.943 (  6738      0)     0.277 (  1702      0)
"a:tl-ae prim_advance_exp"                                    -      24576    24576 1.274020e+08   4.137693e+06   175.733 (  1620      0)   160.899 ( 16341      0)
"a:ttype9_imex_timestep"                                      -      24576    24576 1.274020e+08   3.533926e+06   153.043 (  3553      0)   135.216 (  5827      0)
"a:caar compute"                                              -      24576    24576 1.274020e+09   8.720577e+05    38.665 (  2868      0)    33.516 ( 13177      0)
"a:caar_bexchV"                                               -      24576    24576 6.370099e+08   9.166454e+05    47.313 (  9333      0)    28.219 (  7720      0)
"a:caar limiter"                                              -      24576    24576 7.644119e+08   4.551519e+05    22.871 ( 11404      0)    15.810 ( 12958      0)
"a:compute_stage_value_dirk"                                  -      24576    24576 6.370099e+08   1.273280e+06    58.515 (  9591      0)    49.574 (  8276      0)
"a:tl-ae advance_hypervis_dp"                                 -      24576    24576 1.274020e+08   5.992343e+05    31.226 (  5826      0)    19.332 (  6047      0)
"a:hvf-bhwk"                                                  -      24576    24576 1.274020e+08   3.191054e+05    17.607 ( 10411      0)    10.750 ( 19583      0)
"a:hvf-bexch"                                                 -      24576    24576 3.822060e+08   3.377111e+05    20.457 ( 21018      0)     8.793 (  6047      0)
"a:tl-sc vertical_remap"                                      -      24576    24576 6.370099e+07   2.621192e+05    13.305 (   831      0)     7.853 (  8326      0)
"a:Remap Thickness Functor"                                   -      24576    24576 6.370099e+07   2.552304e+04     2.738 (  4643      0)     0.269 (  7634      0)
"a:Remap Scale States Functor"                                -      24576    24576 6.370099e+07   4.578310e+03     1.106 ( 16788      0)     0.127 (  3590      0)
"a:Remap Compute Grids Functor"                               -      24576    24576 6.370099e+07   1.767446e+04     1.524 (  6383      0)     0.584 ( 18940      0)
"a:Remap Compute Remap Functor"                               -      24576    24576 6.370099e+07   1.415445e+05     6.812 (  3093      0)     4.803 (  4026      0)
"a:Remap Rescale States Functor"                              -      24576    24576 6.370099e+07   6.100970e+03     0.609 (  4239      0)     0.194 (  1386      0)
"a:tl-at prim_advec_tracers_compose"                          -      24576    24576 2.123366e+07   8.145239e+05    35.883 (  6945      0)    28.732 ( 17815      0)
"a:compose_transport"                                         -      24576    24576 2.123366e+07   8.104098e+05    35.869 (  6945      0)    27.819 ( 17803      0)
"a:compose_calc_trajectory"                                   -      24576    24576 2.123366e+07   1.075334e+05     5.256 ( 23237      0)     2.871 ( 19442      0)
"a:compose_3d_levels"                                         -      24576    24576 2.123366e+07   7.120749e+04     3.906 ( 20247      0)     0.922 (  1456      0)
"a:compose_v_bexchv"                                          -      24576    24576 2.123366e+07   3.389540e+04     4.025 (  1461      0)     0.618 ( 23512      0)
"a:compose_v2x"                                               -      24576    24576 2.123366e+07   2.020067e+03     1.013 (  5703      0)     0.065 ( 11867      0)
"a:compose_isl"                                               -      24576    24576 2.123366e+07   2.241197e+05    13.381 ( 19463      0)     6.051 (  4491      0)
"a:compose_hypervis_scalar"                                   -      24576    24576 2.123366e+07   2.027263e+05    12.979 (  1792      0)     5.006 (  9685      0)
"a:compose_cedr_global"                                       -      24576    24576 2.123366e+07   2.379356e+05    14.533 (  6663      0)     6.067 ( 17821      0)
"a:repro_sum_int"                                             -      24576    24576 2.123366e+07   2.069877e+05    13.261 (  6312      0)     4.601 ( 17819      0)
"a:compose_cedr_local"                                        -      24576    24576 2.123366e+07   1.087046e+04     1.054 (  8008      0)     0.284 ( 15619      0)
"a:compose_dss_q"                                             -      24576    24576 2.123366e+07   2.670007e+04     1.864 (  1525      0)     0.682 (  7651      0)
"a:compose_vertical_remap"                                    -      24576    24576 2.123366e+07   3.118108e+04     1.867 (  5769      0)     0.981 ( 11866      0)
"a:EAMxx::homme::run-postcondition-checks"                    -      24576    24576 1.061683e+07   2.663796e+04     2.799 ( 18475      0)     0.377 ( 11592      0)
"a:EAMxx::physics::run"                                       -      24576    24576 1.061683e+07   6.189430e+05    32.410 (  7779      0)    17.579 (  2330      0)
"a:EAMxx::physics::run-precondition-checks"                   -      24576    24576 1.061683e+07   2.970485e+00     0.000 (   184      0)     0.000 ( 18026      0)
"a:EAMxx::mac_aero_mic::run"                                  -      24576    24576 1.061683e+07   4.258701e+05    22.569 ( 20254      0)     9.513 (  2330      0)
"a:EAMxx::mac_aero_mic::run-precondition-checks"              -      24576    24576 1.061683e+07   1.756429e+00     0.000 ( 11427      0)     0.000 ( 14323      0)
"a:EAMxx::tms::run"                                           -      24576    24576 1.061683e+07   1.219607e+04     1.658 ( 21055      0)     0.044 (  2338      0)
"a:EAMxx::tms::run-precondition-checks"                       -      24576    24576 1.061683e+07   1.590315e+00     0.000 (  4476      0)     0.000 ( 20742      0)
"a:EAMxx::tms::run-postcondition-checks"                      -      24576    24576 1.061683e+07   8.014073e+02     0.041 ( 14191      0)     0.026 ( 19056      0)
"a:EAMxx::shoc::run"                                          -      24576    24576 1.061683e+07   1.764750e+05    14.331 (  5003      0)     3.171 (  6786      0)
"a:EAMxx::shoc::run-precondition-checks"                      -      24576    24576 1.061683e+07   1.692747e+00     0.000 (  3684      0)     0.000 (  8103      0)
"a:EAMxx::shoc::preprocess"                                   -      24576    24576 1.061683e+07   1.272378e+04     2.550 ( 14126      0)     0.006 (   754      0)
"a:EAMxx::shoc::shoc_main"                                    -      24576    24576 1.061683e+07   1.198093e+05    12.259 (  6950      0)     1.315 ( 22535      0)
"a:EAMxx::shoc::postprocess"                                  -      24576    24576 1.061683e+07   7.498267e+03     1.799 (  7453      0)     0.222 ( 24304      0)
"a:EAMxx::shoc::run-postcondition-checks"                     -      24576    24576 1.061683e+07   2.285970e+04     1.015 ( 23605      0)     0.476 (   357      0)
"a:EAMxx::cld_fraction::run"                                  -      24576    24576 1.061683e+07   5.997210e+03     1.694 (  4925      0)     0.137 ( 14366      0)
"a:EAMxx::cld_fraction::run-precondition-checks"              -      24576    24576 1.061683e+07   4.028771e+00     0.000 ( 20373      0)     0.000 ( 24383      0)
"a:EAMxx::cld_fraction::run-postcondition-checks"             -      24576    24576 1.061683e+07   3.054194e+03     0.135 (   357      0)     0.119 ( 14366      0)
"a:EAMxx::spa::run"                                           -      24576    24576 1.061683e+07   2.962732e+04     4.747 (  9653      0)     0.680 (     0      0)
"a:EAMxx::spa::run-precondition-checks"                       -      24576    24576 1.061683e+07   2.223307e+00     0.000 ( 16278      0)     0.000 (  8256      0)
"a:EAMxx::spa::run-postcondition-checks"                      -      24576    24576 1.061683e+07   1.165019e+04     1.108 (  9653      0)     0.413 ( 22186      0)
"a:EAMxx::p3::run"                                            -      24576    24576 1.061683e+07   2.005696e+05    12.412 ( 10416      0)     2.425 ( 20746      0)
"a:EAMxx::p3::run-precondition-checks"                        -      24576    24576 1.061683e+07   2.384362e+03     0.495 ( 14371      0)     0.039 ( 21906      0)
"a:EAMxx::p3::run-postcondition-checks"                       -      24576    24576 1.061683e+07   2.027734e+04     1.067 ( 14371      0)     0.611 (   357      0)
"a:EAMxx::mac_aero_mic::run-postcondition-checks"             -      24576    24576 1.061683e+07   3.252061e+00     0.000 ( 19578      0)     0.000 ( 22127      0)
"a:EAMxx::rrtmgp::run"                                        -      24576    24576 1.061683e+07   1.926365e+05    11.795 (  5821      0)     4.700 ( 14212      0)
"a:EAMxx::rrtmgp::run-precondition-checks"                    -      24576    24576 1.061683e+07   5.717845e+02     0.027 (  8127      0)     0.019 ( 13370      0)
"a:EAMxx::rrtmgp::run-postcondition-checks"                   -      24576    24576 1.061683e+07   1.722291e+04     0.850 ( 17749      0)     0.591 ( 13376      0)
"a:EAMxx::physics::run-postcondition-checks"                  -      24576    24576 1.061683e+07   2.625244e+00     0.000 (   337      0)     0.000 ( 12968      0)
"a:EAMxx::SurfaceCouplingExporter::run"                       -      24576    24576 1.061683e+07   9.252362e+03     0.486 ( 22822      0)     0.338 (  7492      0)
"a:EAMxx::SurfaceCouplingExporter::run-precondition-checks"   -      24576    24576 1.061683e+07   3.882157e+00     0.001 ( 14880      0)     0.000 ( 10752      0)
"a:EAMxx::SurfaceCouplingExporter::run-postcondition-checks"  -      24576    24576 1.061683e+07   4.457753e+00     0.000 (    74      0)     0.000 (  4457      0)
"a:EAMxx::EAMxx::run-postcondition-checks"                    -      24576    24576 1.061683e+07   1.937947e+00     0.000 ( 23535      0)     0.000 ( 18793      0)
"a:EAMxx::IO::restart"                                        -      24576    24576 1.061683e+07   8.584046e+01     0.046 ( 17227      0)     0.002 (  6433      0)
"a:EAMxx::IO::model_restart"                                  -      24576    24576 1.061683e+07   7.476578e+01     0.045 ( 17230      0)     0.002 (  6433      0)
"a:EAMxx::IO::restart::get_new_file"                          -      24576    24576 1.061683e+07   1.663800e+00     0.000 ( 23970      0)     0.000 ( 22395      0)
"a:EAMxx::IO::restart::run_output_streams"                    -      24576    24576 1.061683e+07   4.300745e+01     0.044 ( 17230      0)     0.001 (  6433      0)
"a:EAMxx::IO::standard"                                       -      24576    24576 1.061683e+07   2.484955e+01     0.002 ( 15634      0)     0.001 ( 11146      0)
"a:EAMxx::IO::nooutput.yaml"                                  -      24576    24576 1.061683e+07   1.834631e+01     0.001 (  2882      0)     0.001 ( 11146      0)
"a:EAMxx::IO::standard::get_new_file"                         -      24576    24576 1.061683e+07   9.135778e-01     0.000 (  7438      0)     0.000 (  6041      0)
"a:EAMxx::IO::standard::run_output_streams"                   -      24576    24576 1.061683e+07   1.909049e+00     0.000 (  7452      0)     0.000 ( 10354      0)
"CPL:A2C"                                                     -      24576    24576 1.061683e+07   2.345980e+05    17.088 (  2330      0)     0.877 (  7779      0)
"CPL:a2c_atma2atmx"                                           -      24576    24576 1.061683e+07   1.805912e+05    16.242 (  2335      0)     0.204 (  7779      0)
"CPL:a2c_infoexch"                                            -      24576    24576 1.061683e+07   5.397751e+04    10.886 ( 15625      0)     0.035 (     0      0)
"CPL:ATMPOST"                                                 -      24576    24576 1.061683e+07   5.533860e+00     0.000 ( 12752      0)     0.000 ( 17776      0)
"CPL:HISTORY"                                                 -      24576    24576 1.061683e+07   2.696140e+01     0.032 (  5060      0)     0.001 ( 13814      0)
"CPL:cime_run_write_history"                                  -      24576    24576 1.061683e+07   2.052278e+01     0.032 (  5052      0)     0.001 (  7781      0)
"CPL:TSTAMP_WRITE"                                            -      24576    24576 1.061683e+07   1.095815e+01     0.147 ( 12642      0)     0.000 (  7490      0)
"CPL:TPROF_WRITE"                                             -      24576    24576 1.061683e+07   4.013155e+00     0.000 ( 22815      0)     0.000 ( 15897      0)
"CPL:C2O_INITWAIT"                                            -      24576    24576 1.059226e+07   4.386151e+05    19.464 (     0      0)    16.374 (  6525      0)
"l:interpMonthlyVeg"                                          -      24576    24576 1.059226e+07   1.126990e+05     4.974 ( 14952      0)     4.555 ( 17452      0)
"l:readMonthlyVeg"                                            -      24576    24576 2.457600e+04   1.120843e+05     4.929 ( 14952      0)     4.317 (  2254      0)
"l:PIO:openfile"                                              -      24576    24576 2.457600e+04   1.195326e+04     0.695 (  3794      0)     0.221 (   808      0)
"l:PIO:pio_inq_varid_file_vdesc"                              -      24576    24576 1.966080e+05   1.355470e+02     0.057 (  3760      0)     0.000 ( 13655      0)
"l:PIO:pio_inq_varid_file_vid"                                -      24576    24576 1.966080e+05   1.354686e+02     0.057 (  3760      0)     0.000 ( 13655      0)
"l:PIO:pio_inq_varndims_file_vdesc"                           -      24576    24576 1.966080e+05   4.833771e+01     0.294 (  8187      0)     0.000 (  9347      0)
"l:PIO:pio_inq_varndims_file_vid"                             -      24576    24576 1.966080e+05   4.827696e+01     0.294 (  8186      0)     0.000 ( 15551      0)
"l:PIO:pio_inq_vardimid_file_vdesc"                           -      24576    24576 1.966080e+05   5.358208e+01     0.005 (   904      0)     0.001 ( 15545      0)
"l:PIO:pio_inq_vardimid_file_vid"                             -      24576    24576 1.966080e+05   5.352977e+01     0.005 (   907      0)     0.001 ( 15545      0)
"l:PIO:pio_inq_dimname_file_dimid"                            -      24576    24576 1.671168e+06   1.341013e+02     0.018 ( 21735      0)     0.002 ( 15540      0)
"l:PIO:pio_inq_dimlen_file_dimid"                             -      24576    24576 3.932160e+05   2.252850e+01     0.002 (   901      0)     0.000 ( 21735      0)
"l:PIO:pio_inq_dimlen_file_dimid_offlen"                      -      24576    24576 3.932160e+05   2.243765e+01     0.002 (   908      0)     0.000 ( 21735      0)
"l:PIO:pio_inquire_file"                                      -      24576    24576 7.372800e+05   3.946366e+01     0.004 (   903      0)     0.000 ( 21737      0)
"l:PIO:pio_inq_ndims_file"                                    -      24576    24576 7.372800e+05   3.930754e+01     0.004 (   903      0)     0.000 ( 21741      0)
"l:PIO:initdecomp"                                            -      24576    24576 2.457600e+04   2.646786e+04     1.090 (     5      0)     0.968 (  3824      0)
"l:PIO:PIOc_initdecomp"                                       -      24576    24576 2.457600e+04   2.646730e+04     1.090 (     5      0)     0.968 (  3824      0)
"l:PIO:box_rearrange_create"                                  -      24576    24576 2.457600e+04   2.379323e+04     0.968 (  6218      0)     0.968 ( 10112      0)
"l:PIO:pio_swapm"                                             -      24576    24576 2.703360e+05   9.063235e+04     3.828 (  8683      0)     2.142 (  1440      0)
"l:PIO:read_darray_3d_double"                                 -      24576    24576 1.966080e+05   7.015350e+04     2.877 ( 15091      0)     2.543 (  8188      0)
"l:PIO:PIOc_read_darray"                                      -      24576    24576 1.966080e+05   7.015301e+04     2.877 ( 15091      0)     2.543 (  8188      0)
"l:PIO:read_darray_nc"                                        -      24576    24576 1.966080e+05   2.047459e+03     1.533 (  1440      0)     0.000 (  3678      0)
"l:PIO:rearrange_io2comp"                                     -      24576    24576 1.966080e+05   6.796666e+04     2.875 ( 15091      0)     1.276 (  1440      0)
"l:PIO:closefile"                                             -      24576    24576 2.457600e+04   3.527169e+01     0.375 ( 14961      0)     0.000 ( 12451      0)
"l:PIO:PIOc_closefile"                                        -      24576    24576 2.457600e+04   3.524292e+01     0.375 ( 14961      0)     0.000 ( 12451      0)
"l:surfalb"                                                   -      24576    24576 1.059226e+07   2.051526e+04     1.389 (  1146      0)     0.617 (   198      0)
"l:urbsurfalb"                                                -      24576    24576 1.059226e+07   4.566075e+03     0.265 (   215      0)     0.138 ( 23810      0)
"CPL:OCNT_RUN"                                                -      24576    24576 1.059226e+07   7.021134e+03     0.378 (     0      0)     0.113 (  7358      0)
"o:DOCN_RUN"                                                  -      24576    24576 1.059226e+07   6.742821e+03     0.335 (     0      0)     0.102 (  7358      0)
"o:docn_run1"                                                 -      24576    24576 1.059226e+07   9.962169e+00     0.001 ( 22302      0)     0.000 ( 20382      0)
"o:docn"                                                      -      24576    24576 1.059226e+07   6.710411e+03     0.330 (     0      0)     0.101 (  7358      0)
"o:docn_strdata_advance"                                      -      24576    24576 1.059226e+07   4.900878e+03     0.231 ( 19543      0)     0.029 (  7358      0)
"o:docn_strd_adv_total"                                       -      24576    24576 1.059226e+07   4.887182e+03     0.230 ( 19543      0)     0.028 (  7358      0)
"o:docn_strd_adv_readLBUB"                                    -      24576    24576 1.059226e+07   1.533637e+03     0.218 (  6658      0)     0.014 (     7      0)
"o:docn_readLBUB_setup"                                       -      24576    24576 1.059226e+07   3.480830e+00     0.000 ( 19660      0)     0.000 (  4403      0)
"o:docn_readLBUB_filemgt"                                     -      24576    24576 1.059226e+07   2.450229e+00     0.000 (  1739      0)     0.000 (  9183      0)
"o:docn_strd_adv_tint"                                        -      24576    24576 1.059226e+07   9.477081e+01     0.006 ( 20950      0)     0.003 ( 11882      0)
"o:docn_scatter"                                              -      24576    24576 1.059226e+07   1.516179e+03     0.068 ( 22575      0)     0.058 (  9037      0)
"o:docn_datamode"                                             -      24576    24576 1.059226e+07   5.422366e+01     0.003 (  8061      0)     0.002 ( 16968      0)
"o:docn_run2"                                                 -      24576    24576 1.059226e+07   8.170133e-01     0.003 (     0      0)     0.000 ( 12939      0)
"CPL:O2CT"                                                    -      24576    24576 1.059226e+07   3.654381e+04     4.489 ( 12600      0)     0.090 (   136      0)
"CPL:o2c_ocno2ocnx"                                           -      24576    24576 1.059226e+07   2.775742e+02     0.014 (  4228      0)     0.010 ( 17697      0)
"CPL:o2c_infoexch"                                            -      24576    24576 1.059226e+07   3.624876e+04     4.476 ( 12600      0)     0.077 (     0      0)
"CPL:OCNPOSTT"                                                -      24576    24576 1.059226e+07   5.855777e+00     0.000 ( 23556      0)     0.000 (  6223      0)
"i:cice_pice_readLBUB_LB_copy"                                -      24576    24576 2.457600e+04   2.319946e-02     0.000 ( 15598      0)     0.000 (  7107      0)
"o:docn_readLBUB_fbound"                                      -      24576    24576 2.457600e+04   3.831504e-03     0.000 ( 21129      0)     0.000 (  2911      0)
"o:docn_readLBUB_bcast"                                       -      24576    24576 2.457600e+04   1.268913e+02     0.015 (  7092      0)     0.000 ( 21033      0)
"o:docn_readLBUB_LB_copy"                                     -      24576    24576 2.457600e+04   2.419838e-02     0.000 ( 13562      0)     0.000 ( 23628      0)
"o:docn_readLBUB_UB_setup"                                    -      24576    24576 2.457600e+04   8.675304e-03     0.000 (     0      0)     0.000 ( 22566      0)
"o:docn_readLBUB_UB_readpio"                                  -      24576    24576 2.457600e+04   1.377274e+03     0.210 (  4536      0)     0.009 (  7120      0)
"o:PIO:pio_inq_varid_file_vdesc"                              -      24576    24576 4.915200e+04   1.219315e+01     0.007 ( 13919      0)     0.000 (  9067      0)
"o:PIO:pio_inq_varid_file_vid"                                -      24576    24576 4.915200e+04   1.216284e+01     0.007 ( 13919      0)     0.000 ( 18953      0)
"o:PIO:pio_inq_varndims_file_vdesc"                           -      24576    24576 2.457600e+04   6.245994e+00     0.003 (  5374      0)     0.000 (  4832      0)
"o:PIO:pio_inq_varndims_file_vid"                             -      24576    24576 2.457600e+04   6.225529e+00     0.003 (  5373      0)     0.000 (  4832      0)
"o:PIO:pio_inq_vardimid_file_vdesc"                           -      24576    24576 2.457600e+04   1.351672e+01     0.001 ( 24189      0)     0.000 (  4822      0)
"o:PIO:pio_inq_vardimid_file_vid"                             -      24576    24576 2.457600e+04   1.349812e+01     0.001 ( 24221      0)     0.000 (  8296      0)
"o:PIO:pio_inq_dimlen_file_dimid"                             -      24576    24576 7.372800e+04   8.445458e+00     0.000 (  7034      0)     0.000 (  2959      0)
"o:PIO:pio_inq_dimlen_file_dimid_offlen"                      -      24576    24576 7.372800e+04   8.407022e+00     0.000 (  7034      0)     0.000 (  2959      0)
"o:PIO:pio_inq_vartype_file_vdesc"                            -      24576    24576 2.457600e+04   6.994245e+00     0.001 (     5      0)     0.000 ( 13127      0)
"o:PIO:pio_inq_vartype_file_vid"                              -      24576    24576 2.457600e+04   6.975885e+00     0.001 (     6      0)     0.000 ( 13127      0)
"o:PIO:read_darray_1d_real"                                   -      24576    24576 2.457600e+04   1.293386e+03     0.206 (  4536      0)     0.007 (  7120      0)
"o:PIO:PIOc_read_darray"                                      -      24576    24576 2.457600e+04   1.293294e+03     0.206 (  4536      0)     0.007 (  7120      0)
"o:PIO:read_darray_nc"                                        -      24576    24576 2.457600e+04   7.680958e+01     0.205 (  4536      0)     0.000 (  4235      0)
"o:PIO:rearrange_io2comp"                                     -      24576    24576 2.457600e+04   1.210355e+03     0.204 ( 12195      0)     0.000 (    12      0)
"o:PIO:pio_swapm"                                             -      24576    24576 2.457600e+04   1.209375e+03     0.204 ( 12195      0)     0.000 (    12      0)
"o:docn_strd_adv_fill"                                        -      24576    24576 2.457600e+04   6.054755e+00     0.000 (  4836      0)     0.000 ( 23808      0)
"o:docn_strd_adv_map"                                         -      24576    24576 2.457600e+04   3.194900e+03     0.198 (    15      0)     0.000 (  2691      0)
"CPL:RUN_LOOP_BSTOP"                                          -      24576    24576 2.457600e+04   5.198080e+01     0.003 (  3050      0)     0.000 ( 17821      0)
"CPL:FINAL"                                                   -      24576    24576 2.457600e+04   4.239217e+04     1.738 (     0      0)     1.680 (  1857      0)
"CPL:cime_final"                                              -      24576    24576 2.457600e+04   4.239214e+04     1.738 (     0      0)     1.680 (  1857      0)
"o_f:DOCN_FINAL"                                              -      24576    24576 2.457600e+04   6.416283e-03     0.000 (     0      0)     0.000 ( 14042      0)
"a_f:EAMxx::finalize"                                         y      24576    24576 2.457600e+04   1.276596e+04     1.653 ( 19200      0)     0.074 (  6319      0)
"a_f:PIO:PIOc_sync"                                           -      24576    24576 2.457600e+04   2.712644e+00     0.072 (  2892      0)     0.000 ( 10186      0)
"a_f:PIO:write_total"                                         -      24576    24576 4.915200e+04   6.898771e+02     0.406 ( 18132      0)     0.000 ( 10186      0)
"a_f:PIO:flush_output_buffer"                                 -       2048     2048 4.096000e+03   1.669775e+00     0.038 (  2364      0)     0.000 ( 20736      0)
"a_f:PIO:PIOc_closefile"                                      -      24576    24576 4.915200e+04   2.644891e+03     1.577 ( 18600      0)     0.000 (  8405      0)
"a_f:PIO:PIOc_closefile_write_mode"                           -      24576    24576 2.457600e+04   6.871988e+02     0.406 ( 18132      0)     0.000 (  9725      0)
"a_f:PIO:PIOc_freedecomp"                                     -      24576    24576 3.194880e+05   3.368874e+00     0.001 (  2940      0)     0.000 ( 15655      0)
"PIO:finalize"                                                -      24576    24576 2.457600e+05   2.712556e+04     1.622 (  2503      0)     0.001 (   263      0)
"PIO:PIOc_finalize"                                           -      24576    24576 2.457600e+05   2.712274e+04     1.622 (  2503      0)     0.000 ( 13718      0)
"CPL:FINAL_sync1_tprf"                                        -      24576    24576 2.457600e+04   1.557749e+02     0.006 ( 10207      0)     0.000 (     0      0)
"CPL:FINAL_t_prf"                                             y          0        0 0.000000e+00   0.000000e+00     0.000 (     0      0)     0.000 (     0      0)

