
***** GLOBAL STATISTICS (  3072 MPI TASKS) *****

$Id: gptl.c,v 1.157 2011-03-28 20:55:18 rosinski Exp $
'count' is cumulative. All other stats are max/min
'on' indicates whether the timer was active during output, and so stats are lower or upper bounds.

name                                                         on  processes  threads        count      walltotal   wallmax (proc   thrd  )   wallmin (proc   thrd  )
"CPL:INIT"                                                    -       3072     3072 3.072000e+03   1.190590e+06   427.627 (  2776      0)   371.110 (     1      0)
"CPL:cime_pre_init1"                                          -       3072     3072 3.072000e+03   7.595956e+04    64.790 (  2772      0)     8.275 (     2      0)
"CPL:mpi_init"                                                -       3072     3072 3.072000e+03   7.492711e+04    64.455 (  2776      0)     7.941 (     0      0)
"CPL:ESMF_Initialize"                                         -       3072     3072 3.072000e+03   2.542532e-01     0.000 (   754      0)     0.000 (  1044      0)
"CPL:cime_pre_init2"                                          -       3072     3072 3.072000e+03   3.191063e+03     1.044 (  3050      0)     1.008 (     0      0)
"CPL:seq_infodata_init"                                       -       3072     3072 3.072000e+03   1.956045e+02     0.198 (  1354      0)     0.001 (   118      0)
"CPL:seq_timemgr_clockInit"                                   -       3072     3072 3.072000e+03   2.739393e+01     0.022 (  2193      0)     0.001 (    84      0)
"CPL:cime_init"                                               -       3072     3072 3.072000e+03   1.111439e+06   361.829 (     4      0)   361.790 (  3022      0)
"CPL:init_comps"                                              -       3072     3072 3.072000e+03   1.111045e+06   361.701 (     4      0)   361.662 (  3022      0)
"CPL:comp_init_pre_all"                                       -       3072     3072 3.072000e+03   2.003915e-01     0.000 (  2365      0)     0.000 (   634      0)
"CPL:comp_init_cc_atm"                                        -       3072     3072 3.072000e+03   5.018932e+05   163.408 (     4      0)   163.371 (  3022      0)
"a_i:comp_init"                                               -       3072     3072 6.144000e+03   5.018479e+05   163.401 (    24      0)   163.355 (  3022      0)
"a_i:EAMxx::init"                                             -       3072     3072 2.150400e+04   4.910302e+05   163.195 (   137      0)   157.718 (  1156      0)
"a_i:EAMxx::create_output_managers"                           -       3072     3072 3.072000e+03   1.331998e+01     0.021 (    77      0)     0.000 (     0      0)
"a_i:EAMxx::create_atm_processes"                             -       3072     3072 3.072000e+03   2.968190e+02     0.130 (   100      0)     0.055 (     0      0)
"a_i:EAMxx::create_grids"                                     -       3072     3072 3.072000e+03   5.288188e+04    17.260 (     0      0)    17.188 (   611      0)
"a_i:EAMxx::build_grids"                                      -       3072     3072 3.072000e+03   4.809805e+04    15.661 (   132      0)    15.654 (  1079      0)
"a_i:PartitioningTime"                                        -       3072     3072 3.072000e+03   6.902629e-04     0.000 (  2735      0)     0.000 (  1846      0)
"a_i:repro_sum_int"                                           -       3072     3072 3.072000e+03   1.318375e+02     0.058 (   800      0)     0.009 (   133      0)
"a_i:PIO:spio_get_att_tc"                                     -       3072     3072 3.348480e+05   1.888826e+02     0.074 (  2486      0)     0.058 (  2148      0)
"a_i:PIO:spio_get_vars_tc"                                    -       3072     3072 6.144000e+04   8.920680e+02     0.318 (     1      0)     0.273 (  1963      0)
"a_i:PIO:PIOc_closefile"                                      -       3072     3072 3.993600e+04   2.423503e+02     3.373 (  2340      0)     0.000 (  1946      0)
"a_i:EAMxx::SurfaceCouplingImporter::set_grids"               -       3072     3072 3.072000e+03   7.889119e-01     0.001 (  1079      0)     0.000 (  2234      0)
"a_i:EAMxx::homme::set_grids"                                 -       3072     3072 3.072000e+03   2.511965e+03     0.967 (  2011      0)     0.701 (  1606      0)
"a_i:EAMxx::physics::set_grids"                               -       3072     3072 3.072000e+03   2.109638e+03     0.804 (  1596      0)     0.537 (  2005      0)
"a_i:EAMxx::mac_aero_mic::set_grids"                          -       3072     3072 3.072000e+03   1.008000e+03     0.446 (  1606      0)     0.179 (  2010      0)
"a_i:EAMxx::tms::set_grids"                                   -       3072     3072 3.072000e+03   1.315539e+01     0.005 (  1125      0)     0.004 (  2828      0)
"a_i:EAMxx::shoc::set_grids"                                  -       3072     3072 3.072000e+03   1.247102e+00     0.001 (  1120      0)     0.000 (  1794      0)
"a_i:EAMxx::cld_fraction::set_grids"                          -       3072     3072 3.072000e+03   3.051304e-01     0.000 (  1122      0)     0.000 (  1794      0)
"a_i:EAMxx::spa::set_grids"                                   -       3072     3072 3.072000e+03   9.816979e+02     0.437 (  1606      0)     0.170 (  2010      0)
"a_i:EAMxx::p3::set_grids"                                    -       3072     3072 3.072000e+03   1.141961e+01     0.007 (   141      0)     0.003 (  3016      0)
"a_i:EAMxx::rrtmgp::set_grids"                                -       3072     3072 3.072000e+03   1.101413e+03     0.371 (  1344      0)     0.354 (   133      0)
"a_i:EAMxx::SurfaceCouplingExporter::set_grids"               -       3072     3072 3.072000e+03   4.025054e+01     0.024 (  2539      0)     0.010 (  1947      0)
"a_i:EAMxx::create_fields"                                    -       3072     3072 3.072000e+03   1.650390e+03     0.639 (   138      0)     0.518 (  3038      0)
"a_i:EAMxx::initialize_fields"                                -       3072     3072 3.072000e+03   1.306701e+05    42.568 (  1056      0)    42.511 (  1232      0)
"a_i:PIO:PIOc_initdecomp"                                     -       3072     3072 3.993600e+04   3.075932e+04    10.020 (  1506      0)    10.007 (  1601      0)
"a_i:PIO:box_rearrange_create"                                -       3072     3072 3.993600e+04   3.065414e+04     9.980 (  3069      0)     9.978 (    19      0)
"a_i:PIO:pio_swapm"                                           -       3072     3072 1.873920e+05   9.148726e+04    37.722 (   338      0)     2.530 (  1488      0)
"a_i:PIO:PIOc_read_darray"                                    -       3072     3072 6.758400e+04   8.895576e+04    30.332 (  1710      0)    26.837 (  2173      0)
"a_i:PIO:read_darray_nc"                                      -       3072     3072 6.758400e+04   6.504981e+03    28.385 (    12      0)     0.000 (   571      0)
"a_i:PIO:rearrange_io2comp"                                   -       3072     3072 6.758400e+04   7.625001e+04    29.318 (    97      0)     0.736 (  2052      0)
"a_i:EAMxx::initialize_atm_procs"                             -       3072     3072 3.072000e+03   3.031051e+05   101.894 (   137      0)    96.522 (  1152      0)
"a_i:EAMxx::SurfaceCouplingImporter::init"                    -       3072     3072 3.072000e+03   3.838487e+00     0.026 (  1232      0)     0.000 (  1184      0)
"a_i:EAMxx::homme::init"                                      -       3072     3072 3.072000e+03   2.426315e+05    79.204 (   803      0)    77.696 (  2427      0)
"a_i:compose_init"                                            -       3072     3072 3.072000e+03   2.857305e+02     0.284 (  1327      0)     0.051 (  2276      0)
"a_i:sl_init1"                                                -       3072     3072 3.072000e+03   2.490803e+04    10.914 (   141      0)     7.486 (  1049      0)
"a_i:EAMxx::tms::init"                                        -       3072     3072 3.072000e+03   1.286314e-02     0.000 (     0      0)     0.000 (  1928      0)
"a_i:EAMxx::shoc::init"                                       -       3072     3072 3.072000e+03   9.085603e+01     0.686 (  2428      0)     0.009 (   916      0)
"a_i:EAMxx::cld_fraction::init"                               -       3072     3072 3.072000e+03   9.435479e-02     0.000 (  2475      0)     0.000 (  2240      0)
"a_i:EAMxx::spa::init"                                        -       3072     3072 3.072000e+03   4.577260e+04    22.673 (  1733      0)    14.603 (   503      0)
"a_i:EAMxx::p3::init"                                         -       3072     3072 3.072000e+03   8.725069e+02     1.718 (  2351      0)     0.055 (  1433      0)
"a_i:EAMxx::rrtmgp::init"                                     -       3072     3072 3.072000e+03   1.185636e+04     7.667 (   937      0)     0.052 (   504      0)
"a_i:EAMxx::SurfaceCouplingExporter::init"                    -       3072     3072 3.072000e+03   1.672226e+03     3.729 (   918      0)     0.003 (  2489      0)
"a_i:EAMxx::initialize_output_managers"                       -       3072     3072 3.072000e+03   2.412483e+03     0.796 (  1728      0)     0.784 (  1432      0)
"a_i:EAMxx::IO::standard"                                     -       3072     3072 3.072000e+03   1.825249e+03     0.643 (   936      0)     0.570 (    14      0)
"a_i:EAMxx::IO::nooutput.yaml"                                -       3072     3072 3.072000e+03   1.825245e+03     0.643 (   936      0)     0.570 (    14      0)
"a_i:EAMxx::IO::standard::get_new_file"                       -       3072     3072 3.072000e+03   1.822125e+03     0.634 (   940      0)     0.570 (    14      0)
"a_i:PIO:PIOc_createfile"                                     -       3072     3072 3.072000e+03   1.137998e+03     0.412 (   940      0)     0.348 (    14      0)
"a_i:PIO:write_total"                                         -       3072     3072 1.013760e+05   1.181480e+03     0.604 (  1176      0)     0.349 (    14      0)
"a_i:PIO:spio_put_att_tc"                                     -       3072     3072 9.216000e+04   3.830127e+01     0.200 (  1008      0)     0.000 (  1143      0)
"a_i:PIO:spio_put_vars_tc"                                    -       3072     3072 3.072000e+03   4.322507e+00     0.002 (  2272      0)     0.001 (  2043      0)
"a_i:PIO:flush_output_buffer"                                 -        256      256 5.120000e+02   9.172715e-01     0.004 (  1428      0)     0.003 (   576      0)
"a_i:EAMxx::IO::standard::run_output_streams"                 -       3072     3072 3.072000e+03   3.415993e-04     0.000 (  1367      0)     0.000 (  1128      0)
"a_i:EAMxx::IO::standard::update_snapshot_tally"              -       3072     3072 3.072000e+03   3.109220e+00     0.012 (  1728      0)     0.000 (  1610      0)
"a_i:PIO:PIOc_sync"                                           -       3072     3072 3.072000e+03   8.598596e-01     0.003 (   132      0)     0.000 (   441      0)
"CPL:comp_init_cc_lnd"                                        -       3072     3072 3.072000e+03   3.637542e+05   118.410 (  2708      0)   118.409 (    57      0)
"l_i:comp_init"                                               -       3072     3072 3.072000e+03   3.636907e+05   118.403 (     0      0)   118.388 (  1066      0)
"l_i:elm_init1"                                               -       3072     3072 3.072000e+03   1.149054e+05    37.444 (    30      0)    37.354 (  2916      0)
"l_i:PIO:openfile"                                            -       3072     3072 7.065600e+04   7.618355e+03     2.854 (   468      0)     1.682 (  2530      0)
"l_i:PIO:pio_inq_dimid_file_dimid"                            -       3072     3072 1.904640e+05   4.354277e+01     0.031 (   950      0)     0.010 (  1789      0)
"l_i:PIO:pio_inq_dimlen_file_dimid"                           -       3072     3072 1.142784e+06   2.279949e+02     0.113 (  3067      0)     0.031 (  1074      0)
"l_i:PIO:pio_inq_dimlen_file_dimid_offlen"                    -       3072     3072 1.142784e+06   2.276186e+02     0.113 (  3067      0)     0.031 (  1074      0)
"l_i:PIO:pio_inq_varid_file_vdesc"                            -       3072     3072 1.431552e+06   9.915250e+02     0.933 (   601      0)     0.051 (  1027      0)
"l_i:PIO:pio_inq_varid_file_vid"                              -       3072     3072 1.431552e+06   9.909090e+02     0.933 (   601      0)     0.051 (  1027      0)
"l_i:PIO:get_var_1d_int"                                      -       3072     3072 1.843200e+04   7.178957e+02     0.237 (  1968      0)     0.226 (  2960      0)
"l_i:PIO:spio_get_vars_tc"                                    -       3072     3072 6.113280e+05   5.058221e+03     1.903 (   970      0)     1.592 (  1667      0)
"l_i:PIO:closefile"                                           -       3072     3072 6.144000e+04   1.776838e+01     0.096 (   792      0)     0.001 (  3062      0)
"l_i:PIO:PIOc_closefile"                                      -       3072     3072 6.144000e+04   1.771227e+01     0.096 (   792      0)     0.001 (  3062      0)
"l_i:PIO:pio_inq_varndims_file_vdesc"                         -       3072     3072 6.973440e+05   6.029788e+02     0.975 (  1021      0)     0.037 (  1067      0)
"l_i:PIO:pio_inq_varndims_file_vid"                           -       3072     3072 6.973440e+05   6.027618e+02     0.975 (  1021      0)     0.037 (  1067      0)
"l_i:PIO:pio_inq_vardimid_file_vdesc"                         -       3072     3072 6.973440e+05   8.432930e+02     0.454 (   873      0)     0.070 (  1069      0)
"l_i:PIO:pio_inq_vardimid_file_vid"                           -       3072     3072 6.973440e+05   8.431165e+02     0.454 (   873      0)     0.070 (  1069      0)
"l_i:PIO:pio_inq_dimname_file_dimid"                          -       3072     3072 2.534400e+06   7.099005e+02     0.350 (     8      0)     0.132 (  1104      0)
"l_i:PIO:initdecomp"                                          -       3072     3072 7.987200e+04   1.505885e+04     5.057 (   107      0)     4.674 (  2592      0)
"l_i:PIO:PIOc_initdecomp"                                     -       3072     3072 7.987200e+04   1.504118e+04     5.050 (   107      0)     4.670 (  2592      0)
"l_i:PIO:box_rearrange_create"                                -       3072     3072 7.987200e+04   1.414832e+04     4.607 (  3065      0)     4.604 (   216      0)
"l_i:PIO:pio_swapm"                                           -       3072     3072 9.308160e+05   2.809848e+05    96.676 (  1139      0)    35.996 (   132      0)
"l_i:PIO:read_darray_1d_double"                               -       3072     3072 2.519040e+05   7.884566e+04    25.894 (   179      0)    25.513 (   968      0)
"l_i:PIO:PIOc_read_darray"                                    -       3072     3072 6.912000e+05   2.853885e+05    93.772 (  1079      0)    91.782 (   937      0)
"l_i:PIO:read_darray_nc"                                      -       3072     3072 6.912000e+05   1.263409e+04    58.839 (   132      0)     0.000 (  2696      0)
"l_i:PIO:rearrange_io2comp"                                   -       3072     3072 6.912000e+05   2.710629e+05    93.177 (  1147      0)    33.291 (   132      0)
"l_i:PIO:pio_inquire_file"                                    -       3072     3072 9.216000e+05   1.704836e+02     0.096 (   187      0)     0.024 (  1788      0)
"l_i:PIO:pio_inq_ndims_file"                                  -       3072     3072 9.216000e+05   1.702358e+02     0.095 (   187      0)     0.024 (  1788      0)
"l_i:PIO:read_darray_1d_int"                                  -       3072     3072 2.150400e+04   8.060940e+03     2.642 (  1743      0)     2.573 (   877      0)
"l_i:PIO:read_darray_3d_double"                               -       3072     3072 5.529600e+04   2.758847e+04     9.037 (  1068      0)     8.932 (   544      0)
"l_i:PIO:read_darray_3d_int"                                  -       3072     3072 3.072000e+03   6.403101e+02     0.211 (  1332      0)     0.204 (   525      0)
"l_i:PIO:read_darray_4d_double"                               -       3072     3072 4.300800e+04   3.677639e+04    12.022 (  1056      0)    11.929 (   340      0)
"l_i:PIO:get_var_1d_text"                                     -       3072     3072 6.144000e+03   3.616671e+02     0.229 (  3050      0)     0.006 (  2930      0)
"l_i:PIO:get_var_1d_double"                                   -       3072     3072 4.423680e+05   1.661607e+03     0.741 (     0      0)     0.464 (  1658      0)
"l_i:PIO:get_var_0d_double"                                   -       3072     3072 3.072000e+04   1.002720e+02     0.033 (  2330      0)     0.032 (  1145      0)
"l_i:PIO:read_darray_2d_double"                               -       3072     3072 3.041280e+05   1.323496e+05    43.695 (  1128      0)    42.163 (   601      0)
"l_i:PIO:read_darray_2d_int"                                  -       3072     3072 1.228800e+04   1.129171e+03     0.379 (  1139      0)     0.356 (  3001      0)
"l_i:gather_1darray_int_total"                                -       3072     3072 1.536000e+04   7.891664e+02     0.982 (     0      0)     0.136 (    48      0)
"l_i:scatter_1darray_int_total"                               -       3072     3072 1.536000e+04   4.568219e+03     1.566 (     9      0)     0.675 (     0      0)
"l_i:init_filters"                                            -       3072     3072 3.072000e+03   2.828805e+01     0.017 (  2425      0)     0.000 (  1922      0)
"l_i:elm_init2"                                               -       3072     3072 3.072000e+03   2.482727e+05    80.833 (     0      0)    80.817 (  1523      0)
"l_i:init_orbd"                                               -       3072     3072 3.072000e+03   1.020167e-01     0.000 (  2795      0)     0.000 (   406      0)
"l_i:PIO:get_var_0d_int"                                      -       3072     3072 6.451200e+04   3.800367e+03     1.502 (   962      0)     1.169 (  1560      0)
"l_i:PIO:get_var_2d_double"                                   -       3072     3072 3.686400e+04   2.764072e+02     0.091 (  2135      0)     0.089 (  2484      0)
"l_i:PIO:get_var_3d_double"                                   -       3072     3072 1.228800e+04   7.514792e+01     0.025 (   690      0)     0.023 (   276      0)
"l_i:init_accflds"                                            -       3072     3072 3.072000e+03   1.109051e+01     0.004 (   228      0)     0.003 (    24      0)
"l_i:init_dyn_subgrid"                                        -       3072     3072 3.072000e+03   3.833008e+01     0.018 (  2694      0)     0.005 (  1848      0)
"l_i:subgridRest_write-read"                                  -       3072     3072 3.072000e+03   3.654915e+04    11.920 (  2628      0)    11.751 (   602      0)
"l_i:init_map2gc"                                             -       3072     3072 3.072000e+03   5.046474e+00     0.002 (   384      0)     0.001 (  1575      0)
"l_i:init_elm_interface_data & pflotran"                      -       3072     3072 3.072000e+03   1.860796e-04     0.000 (    41      0)     0.000 (    80      0)
"l_i:init_wlog"                                               -       3072     3072 3.072000e+03   9.991289e-04     0.000 (     0      0)     0.000 (  2005      0)
"l_i:elm_init3"                                               -       3072     3072 3.072000e+03   4.789636e-03     0.000 (   148      0)     0.000 (  2342      0)
"CPL:comp_init_cc_rof"                                        -       3072     3072 3.072000e+03   2.044506e+01     0.007 (  1932      0)     0.007 (   940      0)
"r_i:comp_init"                                               -       3072     3072 3.072000e+03   2.389351e-01     0.000 (  2448      0)     0.000 (     0      0)
"CPL:comp_init_cc_ocn"                                        -       3072     3072 3.072000e+03   1.264524e+05    41.165 (   634      0)    41.162 (  1531      0)
"o_i:comp_init"                                               -       3072     3072 3.072000e+03   1.264260e+05    41.159 (  2395      0)    41.131 (  2925      0)
"o_i:docn_readnml"                                            -       3072     3072 3.072000e+03   1.435980e+03     0.486 (  2679      0)     0.451 (   564      0)
"o_i:DOCN_INIT"                                               -       3072     3072 3.072000e+03   1.249379e+05    40.675 (   563      0)    40.647 (  2887      0)
"o_i:docn_strdata_init"                                       -       3072     3072 3.072000e+03   1.175483e+05    38.422 (   814      0)    38.119 (  1424      0)
"o_i:PIO:initdecomp"                                          -       3072     3072 9.216000e+03   6.742498e+02     0.227 (    12      0)     0.209 (     0      0)
"o_i:PIO:PIOc_initdecomp"                                     -       3072     3072 9.216000e+03   6.742223e+02     0.227 (    14      0)     0.209 (     0      0)
"o_i:PIO:box_rearrange_create"                                -       3072     3072 9.216000e+03   6.401717e+02     0.209 (  3062      0)     0.208 (   220      0)
"o_i:PIO:pio_swapm"                                           -       3072     3072 3.379200e+04   8.104234e+02     0.351 (  1503      0)     0.172 (     0      0)
"o_i:docn_initgsmaps"                                         -       3072     3072 3.072000e+03   5.997978e-01     0.000 (   399      0)     0.000 (   112      0)
"o_i:docn_initmctdom"                                         -       3072     3072 3.072000e+03   7.443670e-01     0.000 (  2337      0)     0.000 (  3046      0)
"o_i:docn_initmctavs"                                         -       3072     3072 3.072000e+03   1.181044e+00     0.001 (  3055      0)     0.000 (  2687      0)
"o_i:DOCN_RUN"                                                -       3072     3072 3.072000e+03   7.387052e+03     2.550 (  1427      0)     2.236 (  2852      0)
"o_i:docn_run1"                                               -       3072     3072 3.072000e+03   2.495536e-03     0.000 (  1922      0)     0.000 (  1696      0)
"o_i:docn"                                                    -       3072     3072 3.072000e+03   7.387031e+03     2.550 (  1427      0)     2.236 (  2852      0)
"o_i:docn_strdata_advance"                                    -       3072     3072 3.072000e+03   7.385889e+03     2.550 (  1427      0)     2.236 (  2852      0)
"o_i:docn_strd_adv_total"                                     -       3072     3072 3.072000e+03   7.385882e+03     2.550 (  1427      0)     2.236 (  2852      0)
"o_i:docn_strd_adv_readLBUB"                                  -       3072     3072 3.072000e+03   7.220674e+03     2.517 (  1416      0)     2.170 (   237      0)
"o_i:docn_readLBUB_setup"                                     -       3072     3072 3.072000e+03   9.308144e-04     0.000 (  1844      0)     0.000 (  1724      0)
"o_i:docn_readLBUB_fbound"                                    -       3072     3072 3.072000e+03   2.212060e+00     2.212 (     0      0)     0.000 (  1105      0)
"o_i:docn_readLBUB_bcast"                                     -       3072     3072 3.072000e+03   6.603106e+03     2.296 (  1427      0)     0.001 (     0      0)
"o_i:docn_readLBUB_LB_setup"                                  -       3072     3072 3.072000e+03   6.769296e-04     0.000 (     0      0)     0.000 (  2054      0)
"o_i:docn_readLBUB_LB_readpio"                                -       3072     3072 3.072000e+03   4.016664e+02     0.168 (  1488      0)     0.099 (     3      0)
"o_i:PIO:openfile"                                            -       3072     3072 3.072000e+03   2.581320e+02     0.088 (  3055      0)     0.071 (   392      0)
"o_i:PIO:pio_inq_varid_file_vdesc"                            -       3072     3072 1.228800e+04   1.295632e+01     0.041 (  1788      0)     0.001 (    18      0)
"o_i:PIO:pio_inq_varid_file_vid"                              -       3072     3072 1.228800e+04   1.295081e+01     0.041 (  1788      0)     0.001 (    21      0)
"o_i:PIO:pio_inq_varndims_file_vdesc"                         -       3072     3072 6.144000e+03   2.051551e+01     0.034 (  2629      0)     0.001 (    71      0)
"o_i:PIO:pio_inq_varndims_file_vid"                           -       3072     3072 6.144000e+03   2.051184e+01     0.034 (  2629      0)     0.001 (    34      0)
"o_i:PIO:pio_inq_vardimid_file_vdesc"                         -       3072     3072 6.144000e+03   2.228485e+01     0.034 (  1983      0)     0.002 (   758      0)
"o_i:PIO:pio_inq_vardimid_file_vid"                           -       3072     3072 6.144000e+03   2.228186e+01     0.034 (  1983      0)     0.002 (   758      0)
"o_i:PIO:pio_inq_dimlen_file_dimid"                           -       3072     3072 1.843200e+04   7.571535e+00     0.009 (  2511      0)     0.001 (   625      0)
"o_i:PIO:pio_inq_dimlen_file_dimid_offlen"                    -       3072     3072 1.843200e+04   7.566016e+00     0.009 (  2511      0)     0.001 (   633      0)
"o_i:PIO:pio_inq_vartype_file_vdesc"                          -       3072     3072 6.144000e+03   2.887421e+00     0.001 (    11      0)     0.001 (   649      0)
"o_i:PIO:pio_inq_vartype_file_vid"                            -       3072     3072 6.144000e+03   2.884089e+00     0.001 (     6      0)     0.001 (   757      0)
"o_i:PIO:read_darray_1d_real"                                 -       3072     3072 6.144000e+03   2.426369e+02     0.152 (   743      0)     0.031 (   138      0)
"o_i:PIO:PIOc_read_darray"                                    -       3072     3072 6.144000e+03   2.426166e+02     0.152 (   743      0)     0.031 (   138      0)
"o_i:PIO:read_darray_nc"                                      -       3072     3072 6.144000e+03   1.787930e+01     0.145 (   888      0)     0.000 (   231      0)
"o_i:PIO:rearrange_io2comp"                                   -       3072     3072 6.144000e+03   2.133252e+02     0.149 (   743      0)     0.001 (   168      0)
"o_i:docn_readLBUB_UB_setup"                                  -       3072     3072 3.072000e+03   2.027203e-03     0.000 (     0      0)     0.000 (   182      0)
"o_i:docn_readLBUB_UB_readpio"                                -       3072     3072 3.072000e+03   2.133646e+02     0.128 (  1104      0)     0.016 (    90      0)
"o_i:docn_readLBUB_filemgt"                                   -       3072     3072 3.072000e+03   6.369645e-04     0.000 (  1160      0)     0.000 (   487      0)
"o_i:docn_strd_adv_fill"                                      -       3072     3072 3.072000e+03   3.090688e-01     0.000 (  2838      0)     0.000 (  1225      0)
"o_i:docn_strd_adv_map"                                       -       3072     3072 3.072000e+03   1.647188e+02     0.086 (     6      0)     0.003 (   975      0)
"o_i:docn_strd_adv_tint"                                      -       3072     3072 3.072000e+03   1.427098e-01     0.000 (    82      0)     0.000 (  2938      0)
"o_i:docn_scatter"                                            -       3072     3072 3.072000e+03   5.955701e-01     0.001 (   840      0)     0.000 (   118      0)
"o_i:docn_datamode"                                           -       3072     3072 3.072000e+03   2.268802e-01     0.000 (     5      0)     0.000 (   695      0)
"o_i:docn_run2"                                               -       3072     3072 3.072000e+03   5.039111e-03     0.000 (  1000      0)     0.000 (  1668      0)
"CPL:comp_init_cc_ice"                                        -       3072     3072 3.072000e+03   1.179714e+05    38.567 (    38      0)    38.326 (  2594      0)
"i_i:comp_init"                                               -       3072     3072 3.072000e+03   1.177332e+05    38.561 (    42      0)    38.240 (  1967      0)
"i_i:cice_init"                                               -       3072     3072 3.072000e+03   1.043540e+04     3.400 (   492      0)     3.395 (     3      0)
"i_i:ice_HaloUpdate2DR8"                                      -       3072     3072 1.228800e+04   1.385989e+01     0.265 (  1919      0)     0.000 (  2985      0)
"i_i:ice_HU2DR8_init"                                         -       3072     3072 1.228800e+04   8.688302e-03     0.000 (  1728      0)     0.000 (  2232      0)
"i_i:state_bound_h1"                                          -       3072     3072 3.072000e+03   1.064722e+00     0.003 (  1284      0)     0.000 (    64      0)
"i_i:ice_HaloUpdate3DR8"                                      -       3072     3072 1.536000e+04   1.544466e+00     0.003 (  1284      0)     0.000 (  2193      0)
"i_i:ice_HU3DR8_init"                                         -       3072     3072 1.536000e+04   1.219180e-02     0.000 (  2469      0)     0.000 (  1603      0)
"i_i:ice_HU3DR8_recvall"                                      -       3072     3072 1.536000e+04   9.199321e-01     0.003 (  1284      0)     0.000 (   712      0)
"i_i:state_bound_hm"                                          -       3072     3072 3.072000e+03   1.447944e+00     0.001 (   503      0)     0.000 (     2      0)
"i_i:state_bound_hc"                                          -       3072     3072 3.072000e+03   1.458706e-02     0.000 (  2361      0)     0.000 (  2800      0)
"i_i:state_bound_h2"                                          -       3072     3072 3.072000e+03   6.609303e-01     0.000 (  2995      0)     0.000 (  2423      0)
"i_i:ice_HaloUpdate4DR8"                                      -       3072     3072 3.072000e+03   1.614039e-01     0.000 (  2994      0)     0.000 (  2208      0)
"i_i:ice_HU4DR8_init"                                         -       3072     3072 3.072000e+03   6.782822e-03     0.000 (  1032      0)     0.000 (    67      0)
"i_i:ice_HU4DR8_recvall"                                      -       3072     3072 3.072000e+03   9.651061e-04     0.000 (  2356      0)     0.000 (   552      0)
"i_i:state_bound_hd"                                          -       3072     3072 3.072000e+03   1.668119e-03     0.000 (   494      0)     0.000 (   120      0)
"i_i:cice_mct_init"                                           -       3072     3072 3.072000e+03   1.072959e+05    35.164 (    35      0)    34.841 (  2113      0)
"i_i:PIO:initdecomp"                                          -       3072     3072 9.216000e+03   7.056236e+02     0.373 (    12      0)     0.207 (     0      0)
"i_i:PIO:PIOc_initdecomp"                                     -       3072     3072 9.216000e+03   7.055986e+02     0.373 (    13      0)     0.207 (     0      0)
"i_i:PIO:box_rearrange_create"                                -       3072     3072 9.216000e+03   6.335679e+02     0.206 (  1797      0)     0.206 (   407      0)
"i_i:PIO:pio_swapm"                                           -       3072     3072 2.764800e+04   5.941785e+02     0.204 (  2376      0)     0.170 (   752      0)
"CPL:comp_init_cc_glc"                                        -       3072     3072 3.072000e+03   1.471591e+02     0.183 (  2160      0)     0.001 (  1909      0)
"g_i:comp_init"                                               -       3072     3072 3.072000e+03   4.511086e-03     0.000 (  2736      0)     0.000 (    89      0)
"CPL:comp_init_cc_wav"                                        -       3072     3072 3.072000e+03   1.089159e+02     0.180 (  2669      0)     0.001 (    24      0)
"w_i:comp_init"                                               -       3072     3072 3.072000e+03   1.307987e-03     0.000 (   101      0)     0.000 (  1588      0)
"CPL:comp_init_cc_esp"                                        -       3072     3072 3.072000e+03   6.624146e+01     0.174 (  1668      0)     0.000 (   149      0)
"e_i:comp_init"                                               -       3072     3072 3.072000e+03   2.017037e-03     0.000 (   610      0)     0.000 (  1065      0)
"CPL:comp_init_cc_iac"                                        -       3072     3072 3.072000e+03   2.486411e+01     0.129 (  1815      0)     0.001 (    48      0)
"z_i:comp_init"                                               -       3072     3072 3.072000e+03   1.601776e-03     0.000 (   238      0)     0.000 (  1431      0)
"CPL:comp_init_cx_all"                                        -       3072     3072 3.072000e+03   6.060981e+02     0.361 (    67      0)     0.143 (    41      0)
"CPL:comp_list_all"                                           -       3072     3072 3.072000e+03   1.238357e-02     0.000 (  2112      0)     0.000 (  2821      0)
"CPL:init_maps"                                               -       3072     3072 3.072000e+03   6.473107e+01     0.025 (   223      0)     0.016 (     0      0)
"CPL:init_aream"                                              -       3072     3072 3.072000e+03   5.734923e+00     0.008 (     0      0)     0.000 (  3071      0)
"CPL:init_domain_check"                                       -       3072     3072 3.072000e+03   5.207902e+01     0.019 (  3070      0)     0.015 (   218      0)
"CPL:init_areacor"                                            -       3072     3072 3.072000e+03   4.338173e+01     0.014 (     4      0)     0.014 (  1476      0)
"CPL:init_fracs"                                              -       3072     3072 3.072000e+03   7.652965e+00     0.004 (     0      0)     0.002 (  3071      0)
"CPL:init_aoflux"                                             -       3072     3072 3.072000e+03   6.697876e+00     0.002 (  1787      0)     0.001 (     0      0)
"CPL:init_atminit"                                            -       3072     3072 1.843200e+04   3.321658e+01     0.018 (  2419      0)     0.007 (  1448      0)
"CPL:comp_init_cc_atm2"                                       -       3072     3072 3.072000e+03   5.206941e+01     0.021 (   602      0)     0.010 (  2419      0)
"CPL:init_readrestart"                                        -       3072     3072 3.072000e+03   2.521943e-01     0.000 (   383      0)     0.000 (  2591      0)
"CPL:cime_run_init"                                           -       3072     3072 3.072000e+03   4.522723e-01     0.046 (     0      0)     0.000 (     3      0)
"CPL:INIT_sync1_tprf"                                         -       3072     3072 3.072000e+03   1.414790e+02     0.046 (  2475      0)     0.000 (     0      0)
"CPL:INIT_t_prf"                                              -       3072     3072 3.072000e+03   1.579961e+00     0.322 (     0      0)     0.000 (   295      0)
"CPL:INIT_sync2_tprf"                                         -       3072     3072 3.072000e+03   9.878482e+02     0.322 (   295      0)     0.000 (     0      0)
"CPL:RUN_LOOP_BSTART"                                         -       3072     3072 3.072000e+03   1.038490e-01     0.000 (  1193      0)     0.000 (  2982      0)
"CPL:RUN_LOOP"                                                -       3072     3072 1.327104e+06   3.039172e+06   989.325 (  2996      0)   989.307 (   961      0)
"CPL:CLOCK_ADVANCE"                                           -       3072     3072 1.327104e+06   1.354248e+02     0.052 (     0      0)     0.038 (   513      0)
"CPL:RUN"                                                     -       3072     3072 1.592218e+07   4.266876e+04    19.660 (  2496      0)     6.206 (   600      0)
"CPL:OCNPRE1"                                                 -       3072     3072 1.327104e+06   3.737772e+03     3.047 (   567      0)     0.676 (  2460      0)
"CPL:ocnpre1_atm2ocn"                                         -       3072     3072 1.327104e+06   3.735694e+03     3.046 (   567      0)     0.675 (  2460      0)
"CPL:LNDPREP"                                                 -       3072     3072 1.327104e+06   5.287510e+02     0.330 (  2803      0)     0.036 (   674      0)
"CPL:lndprep_atm2lnd"                                         -       3072     3072 1.327104e+06   3.281850e+02     0.233 (   445      0)     0.027 (   680      0)
"CPL:lndprep_mrgx2l"                                          -       3072     3072 1.327104e+06   1.971242e+02     0.126 (   234      0)     0.004 (  1385      0)
"CPL:COMM"                                                    -       3072     3072 9.286656e+06   1.325954e+05    76.774 (  1694      0)    16.051 (   375      0)
"CPL:C2L"                                                     -       3072     3072 1.327104e+06   1.572193e+03     0.663 (   674      0)     0.341 (  2803      0)
"CPL:c2l_lndx2lndl"                                           -       3072     3072 1.327104e+06   6.711773e+02     0.353 (   729      0)     0.129 (  2360      0)
"CPL:c2l_infoexch"                                            -       3072     3072 1.327104e+06   8.984372e+02     0.381 (   655      0)     0.104 (  2791      0)
"CPL:ICEPREP"                                                 -       3072     3072 1.327104e+06   1.775831e+03     0.609 (  1431      0)     0.560 (  2609      0)
"CPL:iceprep_ocn2ice"                                         -       3072     3072 1.327104e+06   2.705654e+02     0.095 (   690      0)     0.084 (  1964      0)
"CPL:iceprep_atm2ice"                                         -       3072     3072 1.327104e+06   5.112503e+02     0.176 (  2173      0)     0.159 (  2614      0)
"CPL:iceprep_mrgx2i"                                          -       3072     3072 1.327104e+06   9.865327e+02     0.342 (  2205      0)     0.308 (   790      0)
"CPL:C2I"                                                     -       3072     3072 1.327104e+06   1.609184e+03     0.548 (   790      0)     0.490 (  2175      0)
"CPL:c2i_icex2icei"                                           -       3072     3072 1.327104e+06   5.052474e+02     0.173 (  2199      0)     0.158 (  1378      0)
"CPL:ice_infoexch"                                            -       3072     3072 1.327104e+06   1.101874e+03     0.388 (   790      0)     0.318 (  2199      0)
"CPL:ICE_RUN"                                                 -       3072     3072 1.327104e+06   2.364581e+04     9.891 (  2427      0)     6.868 (  2941      0)
"i:cice_run_total"                                            -       3072     3072 1.327104e+06   2.064406e+04     9.342 (  2418      0)     6.224 (  2938      0)
"i:cice_run_import"                                           -       3072     3072 1.327104e+06   2.366924e+03     0.926 (   524      0)     0.665 (  1555      0)
"i:cice_imp_ocn"                                              -       3072     3072 1.327104e+06   1.663165e+02     0.072 (   524      0)     0.052 (  1407      0)
"i:cice_imp_atm"                                              -       3072     3072 1.327104e+06   1.713505e+02     0.101 (   524      0)     0.053 (  1191      0)
"i:cice_run_initmd"                                           -       3072     3072 1.327104e+06   2.706222e+03     1.010 (  3065      0)     0.626 (  2825      0)
"i:cice_run_presc"                                            -       3072     3072 1.327104e+06   4.345290e+03     1.458 (  2448      0)     1.316 (  2941      0)
"i:cice_pice_strd_adv_total"                                  -       3072     3072 1.327104e+06   2.013669e+03     0.666 (  2652      0)     0.623 (  2941      0)
"i:cice_pice_strd_adv_readLBUB"                               -       3072     3072 1.327104e+06   1.669874e+03     0.625 (  1200      0)     0.476 (     5      0)
"i:cice_pice_readLBUB_setup"                                  -       3072     3072 1.327104e+06   4.176737e-01     0.000 (  1208      0)     0.000 (   263      0)
"i:cice_pice_readLBUB_fbound"                                 -       3072     3072 6.144000e+03   2.231998e-01     0.222 (     0      0)     0.000 (  1982      0)
"i:cice_pice_readLBUB_bcast"                                  -       3072     3072 6.144000e+03   6.863531e+02     0.224 (  2434      0)     0.001 (     0      0)
"i:cice_pice_readLBUB_LB_setup"                               -       3072     3072 3.072000e+03   1.134193e-03     0.000 (     0      0)     0.000 (  1678      0)
"i:cice_pice_readLBUB_LB_readpio"                             -       3072     3072 3.072000e+03   1.483341e+02     0.081 (   744      0)     0.021 (     0      0)
"i:PIO:openfile"                                              -       3072     3072 3.072000e+03   3.419635e+01     0.011 (  3048      0)     0.011 (     0      0)
"i:PIO:pio_inq_varid_file_vdesc"                              -       3072     3072 1.843200e+04   2.107512e+01     0.138 (    96      0)     0.001 (    21      0)
"i:PIO:pio_inq_varid_file_vid"                                -       3072     3072 1.843200e+04   2.106731e+01     0.138 (    96      0)     0.001 (    19      0)
"i:PIO:pio_inq_varndims_file_vdesc"                           -       3072     3072 9.216000e+03   1.692354e+01     0.029 (  2210      0)     0.001 (   107      0)
"i:PIO:pio_inq_varndims_file_vid"                             -       3072     3072 9.216000e+03   1.691842e+01     0.029 (  2210      0)     0.001 (   107      0)
"i:PIO:pio_inq_vardimid_file_vdesc"                           -       3072     3072 9.216000e+03   2.192583e+01     0.031 (  2349      0)     0.002 (   104      0)
"i:PIO:pio_inq_vardimid_file_vid"                             -       3072     3072 9.216000e+03   2.192149e+01     0.031 (  2342      0)     0.002 (   104      0)
"i:PIO:pio_inq_dimlen_file_dimid"                             -       3072     3072 2.764800e+04   1.351292e+01     0.015 (  1754      0)     0.001 (   106      0)
"i:PIO:pio_inq_dimlen_file_dimid_offlen"                      -       3072     3072 2.764800e+04   1.350464e+01     0.015 (  1755      0)     0.001 (   106      0)
"i:PIO:pio_inq_vartype_file_vdesc"                            -       3072     3072 9.216000e+03   7.358576e+00     0.008 (  2443      0)     0.001 (    97      0)
"i:PIO:pio_inq_vartype_file_vid"                              -       3072     3072 9.216000e+03   7.353983e+00     0.008 (  2444      0)     0.001 (   105      0)
"i:PIO:read_darray_1d_real"                                   -       3072     3072 9.216000e+03   8.183067e+02     0.367 (   480      0)     0.188 (   103      0)
"i:PIO:PIOc_read_darray"                                      -       3072     3072 9.216000e+03   8.182830e+02     0.367 (   480      0)     0.188 (   103      0)
"i:PIO:read_darray_nc"                                        -       3072     3072 9.216000e+03   6.632358e+01     0.325 (   132      0)     0.000 (   572      0)
"i:PIO:rearrange_io2comp"                                     -       3072     3072 9.216000e+03   7.363688e+02     0.330 (   511      0)     0.000 (     0      0)
"i:PIO:pio_swapm"                                             -       3072     3072 9.216000e+03   7.361885e+02     0.330 (   511      0)     0.000 (     0      0)
"i:cice_pice_readLBUB_UB_setup"                               -       3072     3072 6.144000e+03   2.748394e-03     0.000 (     0      0)     0.000 (  2068      0)
"i:cice_pice_readLBUB_UB_readpio"                             -       3072     3072 6.144000e+03   8.301321e+02     0.350 (  1279      0)     0.207 (  2404      0)
"i:cice_pice_readLBUB_filemgt"                                -       3072     3072 1.327104e+06   2.680210e-01     0.000 (   938      0)     0.000 (  1484      0)
"i:cice_pice_strd_adv_map"                                    -       3072     3072 6.144000e+03   2.837151e+02     0.160 (     3      0)     0.007 (  1200      0)
"i:cice_pice_strd_adv_tint"                                   -       3072     3072 1.327104e+06   5.399016e+01     0.020 (  1590      0)     0.016 (  2877      0)
"i:cice_run_initflux"                                         -       3072     3072 1.327104e+06   8.355642e+02     0.276 (   375      0)     0.268 (   712      0)
"i:cice_run_prepradiation"                                    -       3072     3072 1.327104e+06   8.361849e+01     0.042 (  2418      0)     0.025 (  2087      0)
"i:cice_run_therm1"                                           -       3072     3072 1.327104e+06   3.469558e+03     2.317 (  2418      0)     0.989 (  1166      0)
"i:cice_run_dyn"                                              -       3072     3072 1.327104e+06   7.209425e-02     0.000 (  2461      0)     0.000 (   464      0)
"i:cice_run_radiation"                                        -       3072     3072 1.327104e+06   2.087094e+03     2.324 (  2478      0)     0.497 (  2938      0)
"i:cice_step_radiationib"                                     -       3072     3072 1.327104e+06   1.873909e+03     2.255 (  2478      0)     0.428 (  2938      0)
"i:cice_step_rib_swdedd1"                                     -       3072     3072 1.327104e+06   1.687394e+02     0.084 (  3032      0)     0.022 (  2947      0)
"i:cice_step_rib_swdedd2"                                     -       3072     3072 1.327104e+06   1.300203e+02     0.047 (  2430      0)     0.041 (  2656      0)
"i:cice_step_rib_swdedd7"                                     -       3072     3072 1.327104e+06   1.470263e+03     2.105 (  2478      0)     0.325 (   712      0)
"i:cice_run_couplingprep"                                     -       3072     3072 1.327104e+06   1.564642e+03     0.733 (  2149      0)     0.476 (  2829      0)
"i:ice_HaloUpdate2DR8"                                        -       3072     3072 1.327104e+06   1.146864e+02     0.284 (  2149      0)     0.013 (  1575      0)
"i:ice_HU2DR8_init"                                           -       3072     3072 1.327104e+06   1.236451e+00     0.001 (  2285      0)     0.000 (  1142      0)
"i:cice_run_diag"                                             -       3072     3072 1.327104e+06   9.271534e+02     0.320 (   160      0)     0.181 (  2426      0)
"i:cice_run_hist"                                             -       3072     3072 1.327104e+06   1.414862e+03     0.504 (    43      0)     0.371 (  2945      0)
"i:cice_run_accum"                                            -       3072     3072 1.327104e+06   2.398161e+01     0.009 (  2243      0)     0.007 (  1024      0)
"i:cice_run_export"                                           -       3072     3072 1.327104e+06   7.850759e+02     0.312 (  2558      0)     0.237 (  2951      0)
"CPL:LND_RUN"                                                 -       3072     3072 1.327104e+06   3.238487e+05   125.173 (   189      0)    88.859 (  1550      0)
"l:lc_lnd_import"                                             -       3072     3072 1.327104e+06   1.134036e+03     0.507 (   375      0)     0.153 (  1906      0)
"l:elm_run"                                                   -       3072     3072 1.330176e+06   3.218928e+05   124.479 (   189      0)    88.203 (  1550      0)
"l:shr_orb_decl"                                              -       3072     3072 1.330176e+06   1.617002e+00     0.001 (  1511      0)     0.000 (   480      0)
"l:decomp_vert"                                               -       3072     3072 1.330176e+06   3.409931e+01     0.016 (  2689      0)     0.006 (  2953      0)
"l:beggridwbal"                                               -       3072     3072 1.330176e+06   1.622157e+03     0.634 (   327      0)     0.439 (  2413      0)
"l:cnpinit"                                                   -       3072     3072 1.330176e+06   1.316903e+00     0.001 (   939      0)     0.000 (   782      0)
"l:cnpvegsumm"                                                -       3072     3072 1.330176e+06   1.399578e-01     0.000 (  2698      0)     0.000 (  2258      0)
"l:dyn_subgrid"                                               -       3072     3072 1.330176e+06   1.005194e+04     3.772 (   327      0)     2.889 (  1720      0)
"l:begwbal"                                                   -       3072     3072 1.330176e+06   2.014304e+02     0.102 (   327      0)     0.041 (  1720      0)
"l:begcnpbal"                                                 -       3072     3072 1.330176e+06   3.743003e-01     0.000 (  1245      0)     0.000 (  2270      0)
"l:drvinit"                                                   -       3072     3072 1.330176e+06   8.707316e+02     0.331 (    46      0)     0.259 (  1721      0)
"l:canhydro"                                                  -       3072     3072 1.330176e+06   1.733899e+03     0.701 (   327      0)     0.458 (  1656      0)
"l:surfrad"                                                   -       3072     3072 1.330176e+06   3.471008e+03     1.308 (   278      0)     0.968 (  1442      0)
"l:bgp1"                                                      -       3072     3072 1.330176e+06   1.929533e+03     0.857 (   384      0)     0.480 (  1720      0)
"l:bgflux"                                                    -       3072     3072 1.330176e+06   2.815007e+03     1.156 (  1259      0)     0.626 (   913      0)
"l:canflux"                                                   -       3072     3072 1.330176e+06   1.087366e+05    49.060 (  2834      0)    23.349 (  1550      0)
"l:can_iter"                                                  -       3072     3072 1.330176e+06   8.895182e+04    41.452 (  2834      0)    17.867 (  1550      0)
"l:uflux"                                                     -       3072     3072 1.330176e+06   1.482286e+03     0.939 (   327      0)     0.205 (  1575      0)
"l:bgplake"                                                   -       3072     3072 1.330176e+06   7.750741e+03     3.392 (    93      0)     1.745 (  1442      0)
"l:bgc"                                                       -       3072     3072 1.330176e+06   5.782695e+03     2.420 (  2869      0)     1.497 (  1721      0)
"l:soiltemperature"                                           -       3072     3072 1.330176e+06   7.018899e+04    26.431 (   436      0)    20.027 (  1656      0)
"l:SoilThermProp"                                             -       3072     3072 1.330176e+06   3.320959e+03     1.537 (   327      0)     0.785 (  1575      0)
"l:SoilTempBandDiag"                                          -       3072     3072 2.660352e+06   6.801798e+03     3.436 (   384      0)     1.535 (  2800      0)
"l:PhaseChangeH2osfc"                                         -       3072     3072 1.330176e+06   3.340040e+01     0.018 (   436      0)     0.006 (  2460      0)
"l:PhaseChangebeta"                                           -       3072     3072 1.330176e+06   1.231884e+03     0.632 (   327      0)     0.227 (  2460      0)
"l:bgp2"                                                      -       3072     3072 1.330176e+06   2.720162e+03     1.088 (  2673      0)     0.713 (  1721      0)
"l:bgp2_loop_1"                                               -       3072     3072 1.330176e+06   4.913645e+02     0.195 (  2849      0)     0.131 (  1721      0)
"l:bgp2_loop_2"                                               -       3072     3072 1.330176e+06   8.917224e+02     0.347 (  2849      0)     0.245 (  1721      0)
"l:bgp2_loop_3"                                               -       3072     3072 1.330176e+06   1.024806e+03     0.450 (  2673      0)     0.244 (  2459      0)
"l:bgp2_loop_4"                                               -       3072     3072 1.330176e+06   3.036448e+02     0.116 (   519      0)     0.083 (  2009      0)
"l:patch2col"                                                 -       3072     3072 1.330176e+06   1.531703e+03     0.637 (   327      0)     0.395 (  1720      0)
"l:hydro without drainage"                                    -       3072     3072 1.330176e+06   2.300205e+04     9.756 (   357      0)     6.098 (  1656      0)
"l:hylake"                                                    -       3072     3072 1.330176e+06   1.956196e+03     1.550 (   450      0)     0.529 (  1820      0)
"l:snow_init"                                                 -       3072     3072 1.330176e+06   1.236572e+02     0.087 (   592      0)     0.018 (  2323      0)
"l:ecosysdyn"                                                 -       3072     3072 1.330176e+06   4.979218e+02     0.186 (   327      0)     0.135 (  1442      0)
"l:depvel"                                                    -       3072     3072 2.660352e+06   1.642782e+00     0.001 (  2932      0)     0.000 (   865      0)
"l:hydro2 drainage"                                           -       3072     3072 1.330176e+06   1.443460e+03     0.707 (   327      0)     0.342 (  1575      0)
"l:balchk"                                                    -       3072     3072 1.330176e+06   1.662950e+03     0.599 (   327      0)     0.489 (  1720      0)
"l:gridbalchk"                                                -       3072     3072 1.330176e+06   1.049899e+03     0.373 (   327      0)     0.314 (  1575      0)
"l:lnd2atm"                                                   -       3072     3072 1.330176e+06   8.389632e+03     2.990 (   327      0)     2.528 (  1721      0)
"l:wrtdiag"                                                   -       3072     3072 1.330176e+06   1.727831e+01     0.968 (     0      0)     0.004 (  1528      0)
"l:hbuf"                                                      -       3072     3072 1.330176e+06   3.169612e+04    11.380 (   327      0)     9.421 (  1721      0)
"l:elm_drv_io"                                                -       3072     3072 1.330176e+06   4.329439e+00     0.002 (  1386      0)     0.001 (  2798      0)
"l:elm_drv_io_htapes"                                         -       3072     3072 1.330176e+06   3.582864e+00     0.002 (   456      0)     0.001 (  2798      0)
"l:lc_lnd_export"                                             -       3072     3072 1.330176e+06   2.466743e+02     0.086 (    91      0)     0.078 (   838      0)
"l:lc_elm2_adv_timestep"                                      -       3072     3072 1.330176e+06   1.058799e+00     0.001 (  2211      0)     0.000 (  1836      0)
"l:accum"                                                     -       3072     3072 1.327104e+06   6.334926e+03     2.203 (   427      0)     1.933 (   815      0)
"CPL:ATMOCNP"                                                 -       3072     3072 1.327104e+06   4.469156e+03     2.011 (  2148      0)     0.344 (  2949      0)
"CPL:atmocnp_fluxo"                                           -       3072     3072 1.327104e+06   3.792281e+03     1.808 (  1504      0)     0.118 (  2950      0)
"CPL:atmocnp_ocnalb"                                          -       3072     3072 1.327104e+06   6.723492e+02     0.309 (   993      0)     0.162 (  1906      0)
"CPL:L2C"                                                     -       3072     3072 1.327104e+06   2.559022e+04    17.481 (  1680      0)     0.516 (  2894      0)
"CPL:l2c_lndl2lndx"                                           -       3072     3072 1.327104e+06   2.558429e+04    17.479 (  1680      0)     0.514 (  2894      0)
"lnd2cpl_run"                                                 -       3072     3072 1.327104e+06   3.805311e+00     0.001 (   644      0)     0.001 (  1718      0)
"CPL:LNDPOST"                                                 -       3072     3072 1.327104e+06   1.271262e+00     0.000 (  1427      0)     0.000 (   212      0)
"CPL:I2C"                                                     -       3072     3072 1.327104e+06   5.002401e+02     0.172 (  2690      0)     0.151 (  2422      0)
"CPL:i2c_icei2icex"                                           -       3072     3072 1.327104e+06   4.948547e+02     0.170 (  2690      0)     0.150 (  2422      0)
"CPL:i2c_infoexch"                                            -       3072     3072 1.327104e+06   2.599504e+00     0.001 (  2123      0)     0.001 (   264      0)
"CPL:ICEPOST"                                                 -       3072     3072 1.327104e+06   3.272662e-01     0.000 (   992      0)     0.000 (  1609      0)
"CPL:FRACSET"                                                 -       3072     3072 1.327104e+06   3.432186e+03     9.058 (  2616      0)     0.177 (  2559      0)
"CPL:fracset_fracset"                                         -       3072     3072 1.327104e+06   3.431036e+03     9.057 (  2616      0)     0.177 (  2559      0)
"CPL:ATMPREP"                                                 -       3072     3072 1.327104e+06   2.870529e+04    15.101 (  2496      0)     3.006 (   600      0)
"CPL:atmprep_xao2atm"                                         -       3072     3072 1.327104e+06   5.735563e+03     7.580 (  2415      0)     0.492 (  2463      0)
"CPL:atmprep_ocn2atm"                                         -       3072     3072 1.327104e+06   3.617019e+03     6.284 (   969      0)     0.316 (  2672      0)
"CPL:atmprep_alb2atm"                                         -       3072     3072 1.327104e+06   1.309366e+03     5.037 (  1086      0)     0.103 (  2485      0)
"CPL:atmprep_ice2atm"                                         -       3072     3072 1.327104e+06   3.490790e+03     5.641 (  1087      0)     0.530 (  1423      0)
"CPL:atmprep_lnd2atm"                                         -       3072     3072 1.327104e+06   1.216593e+04    12.600 (  1455      0)     0.320 (  2102      0)
"CPL:atmprep_mrgx2a"                                          -       3072     3072 1.327104e+06   2.376030e+03     1.449 (  2496      0)     0.485 (   521      0)
"CPL:C2A"                                                     -       3072     3072 1.327104e+06   8.391396e+03     9.944 (   601      0)     0.412 (    63      0)
"CPL:c2a_atmx2atmg"                                           -       3072     3072 1.327104e+06   6.504208e+03     8.644 (   601      0)     0.315 (    62      0)
"CPL:c2a_infoexch"                                            -       3072     3072 1.327104e+06   1.884676e+03     1.368 (   516      0)     0.084 (    63      0)
"CPL:ATM_RUN"                                                 -       3072     3072 1.327104e+06   2.490383e+06   832.443 (  2424      0)   790.579 (  1662      0)
"a:EAMxx::run"                                                -       3072     3072 1.327104e+06   2.488722e+06   831.900 (  2424      0)   790.032 (  1662      0)
"a:EAMxx::EAMxx::run"                                         -       3072     3072 1.327104e+06   2.488472e+06   831.819 (  2424      0)   789.952 (  1662      0)
"a:EAMxx::EAMxx::run-precondition-checks"                     -       3072     3072 1.327104e+06   5.553373e-01     0.000 (  1906      0)     0.000 (   418      0)
"a:EAMxx::SurfaceCouplingImporter::run"                       -       3072     3072 1.327104e+06   1.325538e+03     0.551 (   511      0)     0.332 (   474      0)
"a:EAMxx::SurfaceCouplingImporter::run-precondition-checks"   -       3072     3072 1.327104e+06   2.538006e-01     0.000 (   542      0)     0.000 (  2087      0)
"a:EAMxx::SurfaceCouplingImporter::run-postcondition-checks"  -       3072     3072 1.327104e+06   9.677705e+02     0.435 (   513      0)     0.216 (  1800      0)
"a:EAMxx::homme::run"                                         -       3072     3072 1.327104e+06   2.283522e+06   744.286 (  2205      0)   742.366 (  2622      0)
"a:EAMxx::homme::run-precondition-checks"                     -       3072     3072 1.327104e+06   3.096041e-01     0.000 (  2935      0)     0.000 (   669      0)
"a:tl-sc prim_run_subcycle_c"                                 -       3072     3072 2.654208e+06   2.241206e+06   730.269 (   986      0)   728.518 (  1136      0)
"a:tl-s prim_step_flexible"                                   -       3072     3072 2.654208e+06   2.241194e+06   730.265 (   976      0)   728.514 (  1136      0)
"a:ApplyCAMForcing_tracers"                                   -       3072     3072 1.327104e+06   4.926376e+03     2.910 (  1530      0)     1.202 (  1892      0)
"a:tl-s deep_copy+derived_dp"                                 -       3072     3072 2.654208e+06   1.010863e+03     0.413 (  2413      0)     0.315 (  2296      0)
"a:ApplyCAMForcing_dynamics"                                  -       3072     3072 7.962624e+06   5.917650e+03     2.092 (  1332      0)     1.856 (  1886      0)
"a:tl-ae prim_advance_exp"                                    -       3072     3072 1.592525e+07   1.841269e+06   608.312 (   527      0)   592.303 (  1278      0)
"a:ttype9_imex_timestep"                                      -       3072     3072 1.592525e+07   1.583349e+06   528.691 (   533      0)   507.324 (  1407      0)
"a:caar compute"                                              -       3072     3072 1.592525e+08   5.469912e+05   188.188 (  1896      0)   169.236 (  2040      0)
"a:caar_bexchV"                                               -       3072     3072 7.962624e+07   3.109806e+05   128.593 (  2040      0)    80.476 (  1896      0)
"a:caar limiter"                                              -       3072     3072 9.555149e+07   7.144521e+04    26.328 (  3009      0)    21.156 (  2944      0)
"a:compute_stage_value_dirk"                                  -       3072     3072 7.962624e+07   6.401975e+05   227.405 (  2784      0)   191.082 (  2041      0)
"a:tl-ae advance_hypervis_dp"                                 -       3072     3072 1.592525e+07   2.573206e+05    96.784 (  2413      0)    71.842 (    15      0)
"a:hvf-bhwk"                                                  -       3072     3072 1.592525e+07   1.438229e+05    52.308 (  2040      0)    42.290 (  1167      0)
"a:hvf-bexch"                                                 -       3072     3072 4.777574e+07   1.255706e+05    55.053 (  2413      0)    27.824 (  2205      0)
"a:tl-sc vertical_remap"                                      -       3072     3072 7.962624e+06   1.411921e+05    53.462 (  1141      0)    40.540 (  1886      0)
"a:Remap Thickness Functor"                                   -       3072     3072 7.962624e+06   2.707528e+03     1.217 (  2251      0)     0.664 (  1932      0)
"a:Remap Scale States Functor"                                -       3072     3072 7.962624e+06   1.372948e+03     0.511 (  2687      0)     0.430 (   150      0)
"a:Remap Compute Grids Functor"                               -       3072     3072 7.962624e+06   9.359942e+03     3.246 (  1896      0)     2.872 (  1835      0)
"a:Remap Compute Remap Functor"                               -       3072     3072 7.962624e+06   1.061491e+05    42.080 (  1141      0)    29.890 (  2412      0)
"a:Remap Rescale States Functor"                              -       3072     3072 7.962624e+06   1.944530e+03     0.748 (  2446      0)     0.557 (  1884      0)
"a:tl-at prim_advec_tracers_compose"                          -       3072     3072 2.654208e+06   2.242386e+05    79.070 (   303      0)    64.826 (   533      0)
"a:compose_transport"                                         -       3072     3072 2.654208e+06   2.242039e+05    79.058 (   303      0)    64.816 (   533      0)
"a:compose_calc_trajectory"                                   -       3072     3072 2.654208e+06   3.367045e+04    15.292 (  1902      0)     9.239 (  2716      0)
"a:compose_3d_levels"                                         -       3072     3072 2.654208e+06   2.099236e+04     7.852 (  1896      0)     6.125 (   531      0)
"a:compose_v_bexchv"                                          -       3072     3072 2.654208e+06   1.143718e+04     7.887 (  1902      0)     2.217 (  2814      0)
"a:compose_v2x"                                               -       3072     3072 2.654208e+06   1.229588e+03     0.625 (  2921      0)     0.303 (  1903      0)
"a:compose_isl"                                               -       3072     3072 2.654208e+06   5.902770e+04    27.934 (  2459      0)    16.054 (  2995      0)
"a:compose_hypervis_scalar"                                   -       3072     3072 2.654208e+06   7.062679e+04    30.041 (   284      0)    12.444 (  2459      0)
"a:compose_cedr_global"                                       -       3072     3072 2.654208e+06   3.884992e+04    15.670 (  1517      0)     9.468 (  2471      0)
"a:repro_sum_int"                                             -       3072     3072 2.654208e+06   2.785819e+04    12.020 (   635      0)     5.907 (  2471      0)
"a:compose_cedr_local"                                        -       3072     3072 2.654208e+06   7.788435e+03     2.891 (  2687      0)     2.250 (   239      0)
"a:compose_dss_q"                                             -       3072     3072 2.654208e+06   1.421990e+04     5.580 (  2459      0)     4.121 (  1938      0)
"a:compose_vertical_remap"                                    -       3072     3072 2.654208e+06   2.252441e+04     7.949 (  2687      0)     6.816 (   127      0)
"a:EAMxx::homme::run-postcondition-checks"                    -       3072     3072 1.327104e+06   2.529520e+03     0.955 (  1853      0)     0.766 (  2374      0)
"a:EAMxx::physics::run"                                       -       3072     3072 1.327104e+06   2.020010e+05    87.377 (  2424      0)    46.130 (  1662      0)
"a:EAMxx::physics::run-precondition-checks"                   -       3072     3072 1.327104e+06   4.041824e-01     0.000 (  2401      0)     0.000 (   669      0)
"a:EAMxx::mac_aero_mic::run"                                  -       3072     3072 1.327104e+06   4.938138e+04    21.945 (  2443      0)    12.373 (   462      0)
"a:EAMxx::mac_aero_mic::run-precondition-checks"              -       3072     3072 1.327104e+06   2.433480e-01     0.000 (   128      0)     0.000 (   383      0)
"a:EAMxx::tms::run"                                           -       3072     3072 1.327104e+06   3.466006e+02     0.185 (  1469      0)     0.087 (   238      0)
"a:EAMxx::tms::run-precondition-checks"                       -       3072     3072 1.327104e+06   2.049980e-01     0.000 (   282      0)     0.000 (   372      0)
"a:EAMxx::tms::run-postcondition-checks"                      -       3072     3072 1.327104e+06   2.317706e+02     0.085 (   574      0)     0.068 (    94      0)
"a:EAMxx::shoc::run"                                          -       3072     3072 1.327104e+06   1.667018e+04     6.323 (   110      0)     4.576 (  2690      0)
"a:EAMxx::shoc::run-precondition-checks"                      -       3072     3072 1.327104e+06   2.268288e-01     0.000 (  1853      0)     0.000 (  1598      0)
"a:EAMxx::shoc::preprocess"                                   -       3072     3072 1.327104e+06   2.584074e+02     0.286 (  1090      0)     0.007 (  1135      0)
"a:EAMxx::shoc::shoc_main"                                    -       3072     3072 1.327104e+06   5.751787e+03     2.658 (  1279      0)     1.095 (   240      0)
"a:EAMxx::shoc::postprocess"                                  -       3072     3072 1.327104e+06   2.344129e+03     0.847 (  1779      0)     0.702 (   834      0)
"a:EAMxx::shoc::run-postcondition-checks"                     -       3072     3072 1.327104e+06   3.921538e+03     1.388 (   575      0)     0.809 (  2838      0)
"a:EAMxx::cld_fraction::run"                                  -       3072     3072 1.327104e+06   8.444632e+02     0.508 (  1892      0)     0.251 (   294      0)
"a:EAMxx::cld_fraction::run-precondition-checks"              -       3072     3072 1.327104e+06   5.093468e-01     0.000 (   588      0)     0.000 (  2054      0)
"a:EAMxx::cld_fraction::run-postcondition-checks"             -       3072     3072 1.327104e+06   7.181243e+02     0.258 (   110      0)     0.222 (   464      0)
"a:EAMxx::spa::run"                                           -       3072     3072 1.327104e+06   9.607424e+03     3.569 (  2383      0)     2.980 (   290      0)
"a:EAMxx::spa::run-precondition-checks"                       -       3072     3072 1.327104e+06   2.816374e-01     0.000 (  1894      0)     0.000 (   506      0)
"a:EAMxx::spa::run-postcondition-checks"                      -       3072     3072 1.327104e+06   6.266397e+03     2.228 (    15      0)     1.925 (   219      0)
"a:EAMxx::p3::run"                                            -       3072     3072 1.327104e+06   2.186125e+04    12.915 (   972      0)     3.653 (  1548      0)
"a:EAMxx::p3::run-precondition-checks"                        -       3072     3072 1.327104e+06   4.227162e+02     0.347 (  2262      0)     0.076 (  1064      0)
"a:EAMxx::p3::run-postcondition-checks"                       -       3072     3072 1.327104e+06   3.936316e+03     1.718 (  1798      0)     1.051 (  2838      0)
"a:EAMxx::mac_aero_mic::run-postcondition-checks"             -       3072     3072 1.327104e+06   3.949416e-01     0.000 (  2582      0)     0.000 (  2190      0)
"a:EAMxx::rrtmgp::run"                                        -       3072     3072 1.327104e+06   1.525694e+05    68.160 (  2424      0)    32.612 (  1663      0)
"a:EAMxx::rrtmgp::run-precondition-checks"                    -       3072     3072 1.327104e+06   1.229990e+02     0.046 (  2150      0)     0.035 (  1674      0)
"a:EAMxx::rrtmgp::run-postcondition-checks"                   -       3072     3072 1.327104e+06   3.289079e+03     1.185 (   911      0)     0.953 (  1376      0)
"a:EAMxx::physics::run-postcondition-checks"                  -       3072     3072 1.327104e+06   3.040210e-01     0.000 (  2042      0)     0.000 (   876      0)
"a:EAMxx::SurfaceCouplingExporter::run"                       -       3072     3072 1.327104e+06   1.510251e+03     0.582 (  2968      0)     0.444 (  1858      0)
"a:EAMxx::SurfaceCouplingExporter::run-precondition-checks"   -       3072     3072 1.327104e+06   4.863895e-01     0.000 (  2602      0)     0.000 (  1528      0)
"a:EAMxx::SurfaceCouplingExporter::run-postcondition-checks"  -       3072     3072 1.327104e+06   5.556052e-01     0.000 (  2659      0)     0.000 (  1804      0)
"a:EAMxx::EAMxx::run-postcondition-checks"                    -       3072     3072 1.327104e+06   2.364460e-01     0.000 (  1286      0)     0.000 (   577      0)
"a:EAMxx::IO::restart"                                        -       3072     3072 1.327104e+06   7.600799e+00     0.003 (    75      0)     0.002 (   125      0)
"a:EAMxx::IO::model_restart"                                  -       3072     3072 1.327104e+06   6.234651e+00     0.003 (    75      0)     0.002 (  1944      0)
"a:EAMxx::IO::restart::get_new_file"                          -       3072     3072 1.327104e+06   2.030944e-01     0.000 (  1820      0)     0.000 (   511      0)
"a:EAMxx::IO::restart::run_output_streams"                    -       3072     3072 1.327104e+06   2.199233e+00     0.001 (    75      0)     0.001 (  1362      0)
"a:EAMxx::IO::standard"                                       -       3072     3072 1.327104e+06   3.026539e+00     0.001 (  2714      0)     0.001 (  2816      0)
"a:EAMxx::IO::nooutput.yaml"                                  -       3072     3072 1.327104e+06   2.241492e+00     0.001 (  1083      0)     0.001 (  2153      0)
"a:EAMxx::IO::standard::get_new_file"                         -       3072     3072 1.327104e+06   1.065402e-01     0.000 (  1496      0)     0.000 (  2373      0)
"a:EAMxx::IO::standard::run_output_streams"                   -       3072     3072 1.327104e+06   2.273285e-01     0.000 (  1968      0)     0.000 (  2459      0)
"CPL:A2C"                                                     -       3072     3072 1.327104e+06   6.699510e+04    42.060 (  1662      0)     2.322 (   724      0)
"CPL:a2c_atma2atmx"                                           -       3072     3072 1.327104e+06   4.796229e+04    37.400 (  2144      0)     1.031 (   725      0)
"CPL:a2c_infoexch"                                            -       3072     3072 1.327104e+06   1.902808e+04    20.614 (  1747      0)     0.086 (     0      0)
"CPL:ATMPOST"                                                 -       3072     3072 1.327104e+06   7.828740e-01     0.000 (   918      0)     0.000 (  2574      0)
"CPL:HISTORY"                                                 -       3072     3072 1.327104e+06   3.858773e+00     0.002 (   264      0)     0.001 (   997      0)
"CPL:cime_run_write_history"                                  -       3072     3072 1.327104e+06   3.144109e+00     0.001 (  2556      0)     0.001 (  2602      0)
"CPL:TSTAMP_WRITE"                                            -       3072     3072 1.327104e+06   1.008979e+00     0.001 (   336      0)     0.000 (   513      0)
"CPL:TPROF_WRITE"                                             -       3072     3072 1.327104e+06   5.316829e-01     0.000 (   397      0)     0.000 (  2598      0)
"CPL:C2O_INITWAIT"                                            -       3072     3072 1.324032e+06   2.474388e+04    16.543 (     0      0)     3.499 (  2391      0)
"l:interpMonthlyVeg"                                          -       3072     3072 1.324032e+06   5.861230e+03     1.914 (  2712      0)     1.900 (  2229      0)
"l:readMonthlyVeg"                                            -       3072     3072 3.072000e+03   5.860362e+03     1.913 (  2712      0)     1.900 (  2229      0)
"l:PIO:openfile"                                              -       3072     3072 3.072000e+03   8.614692e+01     0.041 (  2716      0)     0.014 (  2350      0)
"l:PIO:pio_inq_varid_file_vdesc"                              -       3072     3072 2.457600e+04   9.495341e+00     0.006 (  1019      0)     0.000 (  1025      0)
"l:PIO:pio_inq_varid_file_vid"                                -       3072     3072 2.457600e+04   9.484109e+00     0.006 (  1019      0)     0.000 (  1025      0)
"l:PIO:pio_inq_varndims_file_vdesc"                           -       3072     3072 2.457600e+04   1.154446e+01     0.047 (  1021      0)     0.001 (  1024      0)
"l:PIO:pio_inq_varndims_file_vid"                             -       3072     3072 2.457600e+04   1.153615e+01     0.047 (  1021      0)     0.001 (  1024      0)
"l:PIO:pio_inq_vardimid_file_vdesc"                           -       3072     3072 2.457600e+04   2.317917e+01     0.011 (   164      0)     0.002 (  1051      0)
"l:PIO:pio_inq_vardimid_file_vid"                             -       3072     3072 2.457600e+04   2.317194e+01     0.011 (   165      0)     0.002 (  1053      0)
"l:PIO:pio_inq_dimname_file_dimid"                            -       3072     3072 2.088960e+05   5.613558e+01     0.029 (  1007      0)     0.004 (  1056      0)
"l:PIO:pio_inq_dimlen_file_dimid"                             -       3072     3072 4.915200e+04   8.721294e+00     0.005 (   259      0)     0.001 (  1020      0)
"l:PIO:pio_inq_dimlen_file_dimid_offlen"                      -       3072     3072 4.915200e+04   8.708986e+00     0.005 (   258      0)     0.001 (  1020      0)
"l:PIO:pio_inquire_file"                                      -       3072     3072 9.216000e+04   1.689847e+01     0.010 (   183      0)     0.001 (  1044      0)
"l:PIO:pio_inq_ndims_file"                                    -       3072     3072 9.216000e+04   1.687686e+01     0.010 (   182      0)     0.001 (  1044      0)
"l:PIO:initdecomp"                                            -       3072     3072 3.072000e+03   4.696792e+02     0.153 (  1908      0)     0.153 (   632      0)
"l:PIO:PIOc_initdecomp"                                       -       3072     3072 3.072000e+03   4.692524e+02     0.153 (  1911      0)     0.152 (   632      0)
"l:PIO:box_rearrange_create"                                  -       3072     3072 3.072000e+03   4.673820e+02     0.152 (  3069      0)     0.152 (    36      0)
"l:PIO:pio_swapm"                                             -       3072     3072 3.379200e+04   5.279501e+03     1.822 (  1071      0)     0.703 (  1344      0)
"l:PIO:read_darray_3d_double"                                 -       3072     3072 2.457600e+04   5.133344e+03     1.704 (  1068      0)     1.644 (   316      0)
"l:PIO:PIOc_read_darray"                                      -       3072     3072 2.457600e+04   5.133273e+03     1.704 (  1068      0)     1.644 (   316      0)
"l:PIO:read_darray_nc"                                        -       3072     3072 2.457600e+04   2.149542e+02     1.104 (  1344      0)     0.000 (  1771      0)
"l:PIO:rearrange_io2comp"                                     -       3072     3072 2.457600e+04   4.883907e+03     1.688 (  1059      0)     0.573 (  1344      0)
"l:PIO:closefile"                                             -       3072     3072 3.072000e+03   1.114712e+00     0.009 (   792      0)     0.000 (   227      0)
"l:PIO:PIOc_closefile"                                        -       3072     3072 3.072000e+03   1.109424e+00     0.009 (   792      0)     0.000 (   227      0)
"l:surfalb"                                                   -       3072     3072 1.324032e+06   1.986935e+04     7.177 (  1533      0)     5.876 (   151      0)
"l:urbsurfalb"                                                -       3072     3072 1.324032e+06   4.125510e+03     1.608 (   419      0)     1.148 (   781      0)
"CPL:OCNT_RUN"                                                -       3072     3072 1.324032e+06   1.099251e+03     0.993 (     0      0)     0.272 (   144      0)
"o:DOCN_RUN"                                                  -       3072     3072 1.324032e+06   9.668738e+02     0.854 (     0      0)     0.229 (   144      0)
"o:docn_run1"                                                 -       3072     3072 1.324032e+06   1.173904e+00     0.000 (  1416      0)     0.000 (  2205      0)
"o:docn"                                                      -       3072     3072 1.324032e+06   9.629278e+02     0.849 (     0      0)     0.227 (   144      0)
"o:docn_strdata_advance"                                      -       3072     3072 1.324032e+06   5.309774e+02     0.220 (  1721      0)     0.090 (   144      0)
"o:docn_strd_adv_total"                                       -       3072     3072 1.324032e+06   5.289254e+02     0.219 (  1721      0)     0.089 (   144      0)
"o:docn_strd_adv_readLBUB"                                    -       3072     3072 1.324032e+06   3.353645e+02     0.194 (  1721      0)     0.023 (   444      0)
"o:docn_readLBUB_setup"                                       -       3072     3072 1.324032e+06   4.361111e-01     0.000 (  1970      0)     0.000 (  1079      0)
"o:docn_readLBUB_filemgt"                                     -       3072     3072 1.324032e+06   2.990494e-01     0.000 (   455      0)     0.000 (  1860      0)
"o:docn_strd_adv_tint"                                        -       3072     3072 1.324032e+06   5.135749e+01     0.019 (  1245      0)     0.015 (  3019      0)
"o:docn_scatter"                                              -       3072     3072 1.324032e+06   1.967774e+02     0.084 (  2952      0)     0.056 (  1816      0)
"o:docn_datamode"                                             -       3072     3072 1.324032e+06   6.225881e+01     0.026 (  1171      0)     0.019 (  2311      0)
"o:docn_run2"                                                 -       3072     3072 1.324032e+06   1.822890e-01     0.003 (     0      0)     0.000 (  2516      0)
"CPL:O2CT"                                                    -       3072     3072 1.324032e+06   2.793045e+04    28.938 (   475      0)     0.244 (     0      0)
"CPL:o2c_ocno2ocnx"                                           -       3072     3072 1.324032e+06   2.253021e+02     0.078 (  2211      0)     0.068 (  2143      0)
"CPL:o2c_infoexch"                                            -       3072     3072 1.324032e+06   2.770220e+04    28.861 (   475      0)     0.167 (     0      0)
"CPL:OCNPOSTT"                                                -       3072     3072 1.324032e+06   1.155074e+00     0.000 (   841      0)     0.000 (  2492      0)
"i:cice_pice_readLBUB_LB_copy"                                -       3072     3072 3.072000e+03   5.138149e-03     0.000 (   516      0)     0.000 (  1733      0)
"o:docn_readLBUB_fbound"                                      -       3072     3072 3.072000e+03   5.063397e-04     0.000 (     0      0)     0.000 (  1032      0)
"o:docn_readLBUB_bcast"                                       -       3072     3072 3.072000e+03   1.259945e+02     0.104 (   561      0)     0.000 (   582      0)
"o:docn_readLBUB_LB_copy"                                     -       3072     3072 3.072000e+03   5.208344e-03     0.000 (  1855      0)     0.000 (  2907      0)
"o:docn_readLBUB_UB_setup"                                    -       3072     3072 3.072000e+03   1.299224e-03     0.000 (     0      0)     0.000 (  1811      0)
"o:docn_readLBUB_UB_readpio"                                  -       3072     3072 3.072000e+03   2.055074e+02     0.123 (  1691      0)     0.015 (   544      0)
"o:PIO:pio_inq_varid_file_vdesc"                              -       3072     3072 6.144000e+03   3.052597e+01     0.051 (   667      0)     0.000 (    78      0)
"o:PIO:pio_inq_varid_file_vid"                                -       3072     3072 6.144000e+03   3.052162e+01     0.051 (   662      0)     0.000 (    78      0)
"o:PIO:pio_inq_varndims_file_vdesc"                           -       3072     3072 3.072000e+03   1.319391e+01     0.042 (   783      0)     0.000 (   318      0)
"o:PIO:pio_inq_varndims_file_vid"                             -       3072     3072 3.072000e+03   1.319128e+01     0.042 (   783      0)     0.000 (   323      0)
"o:PIO:pio_inq_vardimid_file_vdesc"                           -       3072     3072 3.072000e+03   2.576284e+01     0.039 (  1984      0)     0.000 (  2389      0)
"o:PIO:pio_inq_vardimid_file_vid"                             -       3072     3072 3.072000e+03   2.576034e+01     0.039 (  1989      0)     0.000 (  2389      0)
"o:PIO:pio_inq_dimlen_file_dimid"                             -       3072     3072 9.216000e+03   1.797629e+01     0.031 (  2504      0)     0.000 (  2956      0)
"o:PIO:pio_inq_dimlen_file_dimid_offlen"                      -       3072     3072 9.216000e+03   1.797080e+01     0.031 (  2504      0)     0.000 (  2952      0)
"o:PIO:pio_inq_vartype_file_vdesc"                            -       3072     3072 3.072000e+03   7.421898e+00     0.017 (  2706      0)     0.000 (    77      0)
"o:PIO:pio_inq_vartype_file_vid"                              -       3072     3072 3.072000e+03   7.419490e+00     0.017 (  2706      0)     0.000 (    77      0)
"o:PIO:read_darray_1d_real"                                   -       3072     3072 3.072000e+03   1.095888e+02     0.100 (    43      0)     0.009 (  1024      0)
"o:PIO:PIOc_read_darray"                                      -       3072     3072 3.072000e+03   1.095792e+02     0.100 (    43      0)     0.009 (  1024      0)
"o:PIO:read_darray_nc"                                        -       3072     3072 3.072000e+03   8.643685e+00     0.094 (    48      0)     0.000 (   602      0)
"o:PIO:rearrange_io2comp"                                     -       3072     3072 3.072000e+03   9.860654e+01     0.099 (    43      0)     0.000 (     0      0)
"o:PIO:pio_swapm"                                             -       3072     3072 3.072000e+03   9.858108e+01     0.099 (    43      0)     0.000 (     0      0)
"o:docn_strd_adv_fill"                                        -       3072     3072 3.072000e+03   1.653484e-01     0.000 (  1929      0)     0.000 (   715      0)
"o:docn_strd_adv_map"                                         -       3072     3072 3.072000e+03   1.333839e+02     0.069 (     5      0)     0.002 (  1752      0)
"CPL:RUN_LOOP_BSTOP"                                          -       3072     3072 3.072000e+03   1.458797e+01     0.007 (  1340      0)     0.000 (  1434      0)
"CPL:FINAL"                                                   -       3072     3072 3.072000e+03   4.938655e+03     1.609 (     0      0)     1.608 (  2184      0)
"CPL:cime_final"                                              -       3072     3072 3.072000e+03   4.938650e+03     1.609 (     0      0)     1.608 (  2184      0)
"o_f:DOCN_FINAL"                                              -       3072     3072 3.072000e+03   8.241133e-04     0.000 (     0      0)     0.000 (   874      0)
"a_f:EAMxx::finalize"                                         y       3072     3072 3.072000e+03   2.540530e+03     1.587 (   132      0)     0.619 (   997      0)
"a_f:PIO:PIOc_sync"                                           -       3072     3072 3.072000e+03   6.780243e-02     0.000 (  2520      0)     0.000 (  1118      0)
"a_f:PIO:write_total"                                         -       3072     3072 6.144000e+03   1.342303e+02     0.530 (    84      0)     0.000 (    52      0)
"a_f:PIO:flush_output_buffer"                                 -        256      256 5.120000e+02   3.002996e-02     0.000 (  2520      0)     0.000 (  1188      0)
"a_f:PIO:PIOc_closefile"                                      -       3072     3072 6.144000e+03   2.073663e+02     0.925 (  1548      0)     0.000 (   892      0)
"a_f:PIO:PIOc_closefile_write_mode"                           -       3072     3072 3.072000e+03   1.341669e+02     0.529 (    84      0)     0.000 (  2333      0)
"a_f:PIO:PIOc_freedecomp"                                     -       3072     3072 3.993600e+04   1.330148e+00     0.004 (  2946      0)     0.000 (  2937      0)
"PIO:finalize"                                                -       3072     3072 3.072000e+04   2.316864e+03     0.964 (   997      0)     0.001 (    84      0)
"PIO:PIOc_finalize"                                           -       3072     3072 3.072000e+04   2.316522e+03     0.964 (   997      0)     0.001 (    84      0)
"CPL:FINAL_sync1_tprf"                                        -       3072     3072 3.072000e+03   4.049223e+00     0.001 (  2252      0)     0.000 (     0      0)
"CPL:FINAL_t_prf"                                             y          0        0 0.000000e+00   0.000000e+00     0.000 (     0      0)     0.000 (     0      0)

