
***** GLOBAL STATISTICS (    24 MPI TASKS) *****

$Id: gptl.c,v 1.157 2011-03-28 20:55:18 rosinski Exp $
'count' is cumulative. All other stats are max/min
'on' indicates whether the timer was active during output, and so stats are lower or upper bounds.

name                                                         on  processes  threads        count      walltotal   wallmax (proc   thrd  )   wallmin (proc   thrd  )
"CPL:INIT"                                                    -         24       24 2.400000e+01   3.281345e+02    13.723 (     0      0)    13.653 (    23      0)
"CPL:cime_pre_init1"                                          -         24       24 2.400000e+01   1.732023e+01     0.773 (     0      0)     0.702 (    23      0)
"CPL:mpi_init"                                                -         24       24 2.400000e+01   1.597410e+01     0.716 (     0      0)     0.646 (    23      0)
"CPL:ESMF_Initialize"                                         -         24       24 2.400000e+01   2.101122e-03     0.000 (     1      0)     0.000 (    18      0)
"CPL:cime_pre_init2"                                          -         24       24 2.400000e+01   2.475188e+00     0.103 (    12      0)     0.103 (     7      0)
"CPL:seq_infodata_init"                                       -         24       24 2.400000e+01   1.651196e-01     0.016 (     8      0)     0.001 (     3      0)
"CPL:seq_timemgr_clockInit"                                   -         24       24 2.400000e+01   1.268925e-01     0.005 (    22      0)     0.005 (     2      0)
"CPL:cime_init"                                               -         24       24 2.400000e+01   3.083366e+02    12.848 (    11      0)    12.847 (    14      0)
"CPL:init_comps"                                              -         24       24 2.400000e+01   3.080737e+02    12.837 (     2      0)    12.836 (    20      0)
"CPL:comp_init_pre_all"                                       -         24       24 2.400000e+01   1.594911e-03     0.000 (    15      0)     0.000 (    20      0)
"CPL:comp_init_cc_atm"                                        -         24       24 2.400000e+01   2.812284e+02    11.718 (     2      0)    11.718 (    20      0)
"a_i:comp_init"                                               -         24       24 4.800000e+01   2.811870e+02    11.717 (     0      0)    11.716 (    14      0)
"a_i:EAMxx::init"                                             -         24       24 1.680000e+02   2.689904e+02    11.670 (     1      0)    10.732 (    18      0)
"a_i:EAMxx::create_output_managers"                           -         24       24 2.400000e+01   5.118532e-01     0.043 (    23      0)     0.000 (     0      0)
"a_i:EAMxx::create_atm_processes"                             -         24       24 2.400000e+01   1.172659e+01     0.966 (    11      0)     0.011 (    14      0)
"a_i:EAMxx::create_grids"                                     -         24       24 2.400000e+01   1.718012e+01     0.718 (     0      0)     0.714 (    23      0)
"a_i:EAMxx::build_grids"                                      -         24       24 2.400000e+01   1.310406e+01     0.547 (    22      0)     0.545 (     4      0)
"a_i:PartitioningTime"                                        -         24       24 2.400000e+01   6.409678e-06     0.000 (    11      0)     0.000 (    13      0)
"a_i:repro_sum_int"                                           -         24       24 2.400000e+01   2.009490e-02     0.002 (     9      0)     0.000 (    18      0)
"a_i:PIO:spio_get_att_tc"                                     -         24       24 2.352000e+03   7.036673e-02     0.003 (    21      0)     0.003 (    11      0)
"a_i:PIO:spio_get_vars_tc"                                    -         24       24 4.800000e+02   8.150013e+00     0.364 (    22      0)     0.316 (     0      0)
"a_i:PIO:PIOc_closefile"                                      -         24       24 2.880000e+02   7.311517e-02     0.058 (     0      0)     0.000 (    22      0)
"a_i:EAMxx::SurfaceCouplingImporter::set_grids"               -         24       24 2.400000e+01   1.384045e-02     0.001 (    15      0)     0.000 (    22      0)
"a_i:EAMxx::homme::set_grids"                                 -         24       24 2.400000e+01   2.649311e+00     0.113 (    19      0)     0.108 (     3      0)
"a_i:EAMxx::physics::set_grids"                               -         24       24 2.400000e+01   1.020950e+00     0.046 (    20      0)     0.041 (    19      0)
"a_i:EAMxx::mac_aero_mic::set_grids"                          -         24       24 2.400000e+01   4.793680e-01     0.023 (     3      0)     0.017 (    19      0)
"a_i:EAMxx::tms::set_grids"                                   -         24       24 2.400000e+01   2.008112e-02     0.001 (    17      0)     0.001 (    14      0)
"a_i:EAMxx::shoc::set_grids"                                  -         24       24 2.400000e+01   1.924166e-02     0.002 (    13      0)     0.000 (     2      0)
"a_i:EAMxx::cld_fraction::set_grids"                          -         24       24 2.400000e+01   4.442468e-03     0.001 (    12      0)     0.000 (    19      0)
"a_i:EAMxx::spa::set_grids"                                   -         24       24 2.400000e+01   3.462095e-01     0.018 (    20      0)     0.012 (    19      0)
"a_i:EAMxx::p3::set_grids"                                    -         24       24 2.400000e+01   8.786634e-02     0.004 (    22      0)     0.003 (    16      0)
"a_i:EAMxx::rrtmgp::set_grids"                                -         24       24 2.400000e+01   5.398927e-01     0.023 (    12      0)     0.021 (     1      0)
"a_i:EAMxx::SurfaceCouplingExporter::set_grids"               -         24       24 2.400000e+01   3.048547e-01     0.014 (    22      0)     0.011 (    14      0)
"a_i:EAMxx::create_fields"                                    -         24       24 2.400000e+01   3.756233e+00     0.159 (    23      0)     0.150 (    14      0)
"a_i:EAMxx::initialize_fields"                                -         24       24 2.400000e+01   7.507792e+00     0.314 (    22      0)     0.311 (     3      0)
"a_i:PIO:PIOc_initdecomp"                                     -         24       24 2.400000e+02   7.917216e+00     0.331 (     8      0)     0.329 (    12      0)
"a_i:PIO:box_rearrange_create"                                -         24       24 2.400000e+02   7.705235e+00     0.322 (     0      0)     0.320 (    17      0)
"a_i:PIO:pio_swapm"                                           -         24       24 1.272000e+03   1.586881e+01     0.830 (     7      0)     0.322 (     0      0)
"a_i:PIO:PIOc_read_darray"                                    -         24       24 5.520000e+02   1.718977e+01     0.719 (     0      0)     0.714 (    20      0)
"a_i:PIO:read_darray_nc"                                      -         24       24 5.520000e+02   8.695883e-01     0.444 (     0      0)     0.000 (     1      0)
"a_i:PIO:rearrange_io2comp"                                   -         24       24 5.520000e+02   1.396655e+01     0.713 (     7      0)     0.269 (     0      0)
"a_i:EAMxx::initialize_atm_procs"                             -         24       24 2.400000e+01   2.173818e+02     9.081 (    13      0)     9.035 (     9      0)
"a_i:EAMxx::SurfaceCouplingImporter::init"                    -         24       24 2.400000e+01   5.635969e-03     0.000 (     0      0)     0.000 (    23      0)
"a_i:EAMxx::homme::init"                                      -         24       24 2.400000e+01   1.921819e+02     8.010 (     3      0)     8.006 (    19      0)
"a_i:compose_init"                                            -         24       24 2.400000e+01   2.541759e-01     0.013 (     5      0)     0.009 (     0      0)
"a_i:sl_init1"                                                -         24       24 2.400000e+01   2.131121e+01     0.911 (    22      0)     0.866 (     5      0)
"a_i:EAMxx::tms::init"                                        -         24       24 2.400000e+01   2.592362e-04     0.000 (     0      0)     0.000 (    11      0)
"a_i:EAMxx::shoc::init"                                       -         24       24 2.400000e+01   4.995621e-02     0.002 (     7      0)     0.002 (    16      0)
"a_i:EAMxx::cld_fraction::init"                               -         24       24 2.400000e+01   7.179565e-04     0.000 (     0      0)     0.000 (     4      0)
"a_i:EAMxx::spa::init"                                        -         24       24 2.400000e+01   2.174968e+01     0.907 (     6      0)     0.905 (     9      0)
"a_i:EAMxx::p3::init"                                         -         24       24 2.400000e+01   1.478289e+00     0.079 (    21      0)     0.046 (     8      0)
"a_i:EAMxx::rrtmgp::init"                                     -         24       24 2.400000e+01   1.720175e+00     0.088 (    13      0)     0.059 (     2      0)
"a_i:EAMxx::SurfaceCouplingExporter::init"                    -         24       24 2.400000e+01   6.955417e-02     0.003 (     0      0)     0.003 (     6      0)
"a_i:EAMxx::initialize_output_managers"                       -         24       24 2.400000e+01   1.092575e+01     0.456 (     0      0)     0.455 (     4      0)
"a_i:EAMxx::IO::standard"                                     -         24       24 2.400000e+01   1.048885e+01     0.441 (    20      0)     0.430 (    11      0)
"a_i:EAMxx::IO::nooutput.yaml"                                -         24       24 2.400000e+01   1.048882e+01     0.441 (    20      0)     0.430 (    11      0)
"a_i:EAMxx::IO::standard::get_new_file"                       -         24       24 2.400000e+01   1.048508e+01     0.441 (    20      0)     0.430 (    11      0)
"a_i:PIO:PIOc_createfile"                                     -         24       24 2.400000e+01   1.043431e+01     0.439 (    20      0)     0.428 (    11      0)
"a_i:PIO:write_total"                                         -         24       24 7.920000e+02   1.043899e+01     0.439 (    20      0)     0.428 (    11      0)
"a_i:PIO:spio_put_att_tc"                                     -         24       24 7.200000e+02   1.862219e-03     0.000 (     0      0)     0.000 (    18      0)
"a_i:PIO:spio_put_vars_tc"                                    -         24       24 2.400000e+01   2.203054e-03     0.000 (    17      0)     0.000 (     5      0)
"a_i:PIO:flush_output_buffer"                                 -          2        2 4.000000e+00   6.169107e-04     0.000 (    12      0)     0.000 (     0      0)
"a_i:EAMxx::IO::standard::run_output_streams"                 -         24       24 2.400000e+01   2.717858e-06     0.000 (     8      0)     0.000 (     7      0)
"a_i:EAMxx::IO::standard::update_snapshot_tally"              -         24       24 2.400000e+01   3.664073e-03     0.001 (     0      0)     0.000 (     4      0)
"a_i:PIO:PIOc_sync"                                           -         24       24 2.400000e+01   6.255223e-04     0.000 (     0      0)     0.000 (    15      0)
"CPL:comp_init_cc_lnd"                                        -         24       24 2.400000e+01   2.259187e+01     0.941 (    21      0)     0.941 (     5      0)
"l_i:comp_init"                                               -         24       24 2.400000e+01   2.254386e+01     0.941 (     0      0)     0.939 (    20      0)
"l_i:elm_init1"                                               -         24       24 2.400000e+01   9.821158e+00     0.411 (     8      0)     0.405 (     0      0)
"l_i:PIO:openfile"                                            -         24       24 5.280000e+02   7.352520e+00     0.526 (    12      0)     0.192 (    11      0)
"l_i:PIO:pio_inq_dimid_file_dimid"                            -         24       24 1.272000e+03   2.101268e-02     0.001 (     8      0)     0.001 (     0      0)
"l_i:PIO:pio_inq_dimlen_file_dimid"                           -         24       24 3.192000e+03   4.583221e-02     0.002 (    12      0)     0.002 (     8      0)
"l_i:PIO:pio_inq_dimlen_file_dimid_offlen"                    -         24       24 3.192000e+03   4.524842e-02     0.002 (    12      0)     0.002 (     2      0)
"l_i:PIO:pio_inq_varid_file_vdesc"                            -         24       24 6.672000e+03   1.760917e-01     0.011 (    13      0)     0.004 (     0      0)
"l_i:PIO:pio_inq_varid_file_vid"                              -         24       24 6.672000e+03   1.734798e-01     0.011 (    13      0)     0.004 (     0      0)
"l_i:PIO:get_var_1d_int"                                      -         24       24 1.440000e+02   2.226306e-01     0.011 (     0      0)     0.008 (    20      0)
"l_i:PIO:spio_get_vars_tc"                                    -         24       24 4.224000e+03   1.361231e+00     0.090 (     9      0)     0.023 (    12      0)
"l_i:PIO:closefile"                                           -         24       24 4.560000e+02   4.828178e-02     0.019 (     0      0)     0.001 (    14      0)
"l_i:PIO:PIOc_closefile"                                      -         24       24 4.560000e+02   4.797193e-02     0.019 (     0      0)     0.001 (    14      0)
"l_i:PIO:pio_inq_varndims_file_vdesc"                         -         24       24 1.440000e+03   5.300673e-02     0.003 (    12      0)     0.002 (     6      0)
"l_i:PIO:pio_inq_varndims_file_vid"                           -         24       24 1.440000e+03   5.270039e-02     0.003 (    12      0)     0.002 (     6      0)
"l_i:PIO:pio_inq_vardimid_file_vdesc"                         -         24       24 1.440000e+03   9.969333e-02     0.005 (    12      0)     0.003 (    11      0)
"l_i:PIO:pio_inq_vardimid_file_vid"                           -         24       24 1.440000e+03   9.940026e-02     0.005 (    12      0)     0.003 (    11      0)
"l_i:PIO:pio_inq_dimname_file_dimid"                          -         24       24 5.856000e+03   1.241388e-01     0.006 (    17      0)     0.004 (     1      0)
"l_i:PIO:initdecomp"                                          -         24       24 2.400000e+02   3.804412e-01     0.024 (     5      0)     0.008 (    12      0)
"l_i:PIO:PIOc_initdecomp"                                     -         24       24 2.400000e+02   3.784523e-01     0.024 (     1      0)     0.008 (    15      0)
"l_i:PIO:box_rearrange_create"                                -         24       24 2.400000e+02   1.752607e-01     0.007 (     6      0)     0.007 (    12      0)
"l_i:PIO:pio_swapm"                                           -         24       24 2.160000e+03   8.108464e-01     0.051 (     3      0)     0.013 (     0      0)
"l_i:PIO:read_darray_1d_double"                               -         24       24 1.920000e+02   8.626339e-02     0.004 (     0      0)     0.003 (    21      0)
"l_i:PIO:PIOc_read_darray"                                    -         24       24 1.440000e+03   1.102989e+00     0.062 (     0      0)     0.030 (    13      0)
"l_i:PIO:read_darray_nc"                                      -         24       24 1.440000e+03   5.054010e-02     0.040 (     0      0)     0.000 (    22      0)
"l_i:PIO:rearrange_io2comp"                                   -         24       24 1.440000e+03   7.998879e-01     0.050 (     3      0)     0.012 (     0      0)
"l_i:PIO:pio_inquire_file"                                    -         24       24 2.208000e+03   3.317239e-02     0.002 (    16      0)     0.001 (    11      0)
"l_i:PIO:pio_inq_ndims_file"                                  -         24       24 2.208000e+03   3.278815e-02     0.002 (    16      0)     0.001 (    11      0)
"l_i:PIO:read_darray_1d_int"                                  -         24       24 4.800000e+01   5.580384e-02     0.002 (    12      0)     0.002 (    13      0)
"l_i:PIO:read_darray_3d_double"                               -         24       24 4.320000e+02   2.452053e-01     0.012 (     0      0)     0.008 (    13      0)
"l_i:PIO:read_darray_3d_int"                                  -         24       24 2.400000e+01   2.825870e-02     0.001 (     0      0)     0.001 (    13      0)
"l_i:PIO:read_darray_4d_double"                               -         24       24 3.360000e+02   3.130216e-01     0.015 (     0      0)     0.010 (    13      0)
"l_i:PIO:get_var_1d_text"                                     -         24       24 4.800000e+01   2.026712e-02     0.001 (    14      0)     0.001 (     8      0)
"l_i:PIO:get_var_1d_double"                                   -         24       24 3.384000e+03   8.073196e-01     0.038 (    12      0)     0.029 (     6      0)
"l_i:PIO:get_var_0d_double"                                   -         24       24 2.400000e+02   3.848762e-02     0.002 (    12      0)     0.001 (     7      0)
"l_i:PIO:read_darray_2d_double"                               -         24       24 3.120000e+02   3.255355e-01     0.024 (     0      0)     0.004 (    13      0)
"l_i:PIO:read_darray_2d_int"                                  -         24       24 9.600000e+01   5.056421e-02     0.003 (     0      0)     0.001 (    13      0)
"l_i:gather_1darray_int_total"                                -         24       24 1.200000e+02   2.236353e-02     0.002 (     0      0)     0.001 (     2      0)
"l_i:scatter_1darray_int_total"                               -         24       24 1.200000e+02   3.715925e-02     0.002 (    10      0)     0.001 (     0      0)
"l_i:init_filters"                                            -         24       24 2.400000e+01   1.136779e-03     0.000 (     8      0)     0.000 (    15      0)
"l_i:elm_init2"                                               -         24       24 2.400000e+01   1.263930e+01     0.528 (     0      0)     0.526 (    21      0)
"l_i:init_orbd"                                               -         24       24 2.400000e+01   7.467828e-04     0.000 (     9      0)     0.000 (    16      0)
"l_i:PIO:get_var_0d_int"                                      -         24       24 2.400000e+01   7.751590e-02     0.004 (    19      0)     0.003 (     2      0)
"l_i:PIO:get_var_2d_double"                                   -         24       24 2.880000e+02   8.603343e-01     0.068 (    10      0)     0.004 (    22      0)
"l_i:PIO:get_var_3d_double"                                   -         24       24 9.600000e+01   4.331593e-02     0.002 (     0      0)     0.001 (    14      0)
"l_i:init_accflds"                                            -         24       24 2.400000e+01   7.478108e-03     0.000 (     0      0)     0.000 (     6      0)
"l_i:init_dyn_subgrid"                                        -         24       24 2.400000e+01   1.725469e-02     0.001 (     0      0)     0.001 (     8      0)
"l_i:init_map2gc"                                             -         24       24 2.400000e+01   7.937502e-03     0.000 (    14      0)     0.000 (    15      0)
"l_i:init_elm_interface_data & pflotran"                      -         24       24 2.400000e+01   2.741857e-06     0.000 (     5      0)     0.000 (    19      0)
"l_i:init_wlog"                                               -         24       24 2.400000e+01   2.094699e-05     0.000 (     0      0)     0.000 (    17      0)
"l_i:elm_init3"                                               -         24       24 2.400000e+01   3.140446e-05     0.000 (     7      0)     0.000 (    16      0)
"CPL:comp_init_cc_rof"                                        -         24       24 2.400000e+01   1.820396e-02     0.001 (    12      0)     0.001 (     7      0)
"r_i:comp_init"                                               -         24       24 2.400000e+01   1.666446e-03     0.000 (    12      0)     0.000 (    21      0)
"CPL:comp_init_cc_ocn"                                        -         24       24 2.400000e+01   2.172331e+00     0.091 (     3      0)     0.090 (    14      0)
"o_i:comp_init"                                               -         24       24 2.400000e+01   2.154072e+00     0.090 (    11      0)     0.090 (    22      0)
"o_i:docn_readnml"                                            -         24       24 2.400000e+01   3.351172e-01     0.014 (    10      0)     0.011 (     0      0)
"o_i:DOCN_INIT"                                               -         24       24 2.400000e+01   1.813126e+00     0.076 (     6      0)     0.075 (    21      0)
"o_i:docn_strdata_init"                                       -         24       24 2.400000e+01   1.587263e+00     0.066 (    13      0)     0.066 (    17      0)
"o_i:PIO:initdecomp"                                          -         24       24 7.200000e+01   5.424468e-02     0.002 (    12      0)     0.002 (     0      0)
"o_i:PIO:PIOc_initdecomp"                                     -         24       24 7.200000e+01   5.406963e-02     0.002 (    13      0)     0.002 (     0      0)
"o_i:PIO:box_rearrange_create"                                -         24       24 7.200000e+01   4.519680e-02     0.002 (     9      0)     0.002 (    16      0)
"o_i:PIO:pio_swapm"                                           -         24       24 2.640000e+02   3.431263e-02     0.002 (    10      0)     0.001 (    12      0)
"o_i:docn_initgsmaps"                                         -         24       24 2.400000e+01   6.740658e-04     0.000 (     0      0)     0.000 (     6      0)
"o_i:docn_initmctdom"                                         -         24       24 2.400000e+01   2.755917e-03     0.000 (    12      0)     0.000 (    20      0)
"o_i:docn_initmctavs"                                         -         24       24 2.400000e+01   3.191963e-03     0.000 (    12      0)     0.000 (     0      0)
"o_i:DOCN_RUN"                                                -         24       24 2.400000e+01   2.189865e-01     0.009 (    17      0)     0.009 (     9      0)
"o_i:docn_run1"                                               -         24       24 2.400000e+01   2.429281e-05     0.000 (    23      0)     0.000 (    14      0)
"o_i:docn"                                                    -         24       24 2.400000e+01   2.189174e-01     0.009 (    17      0)     0.009 (     9      0)
"o_i:docn_strdata_advance"                                    -         24       24 2.400000e+01   2.167736e-01     0.009 (    17      0)     0.009 (     9      0)
"o_i:docn_strd_adv_total"                                     -         24       24 2.400000e+01   2.167339e-01     0.009 (    17      0)     0.009 (     9      0)
"o_i:docn_strd_adv_readLBUB"                                  -         24       24 2.400000e+01   2.041118e-01     0.009 (    18      0)     0.008 (     9      0)
"o_i:docn_readLBUB_setup"                                     -         24       24 2.400000e+01   6.383696e-06     0.000 (     6      0)     0.000 (    10      0)
"o_i:docn_readLBUB_fbound"                                    -         24       24 2.400000e+01   2.218615e-03     0.002 (     0      0)     0.000 (     6      0)
"o_i:docn_readLBUB_bcast"                                     -         24       24 2.400000e+01   5.089593e-02     0.002 (    18      0)     0.000 (     0      0)
"o_i:docn_readLBUB_LB_setup"                                  -         24       24 2.400000e+01   1.709516e-04     0.000 (     0      0)     0.000 (    17      0)
"o_i:docn_readLBUB_LB_readpio"                                -         24       24 2.400000e+01   1.364201e-01     0.006 (    12      0)     0.006 (    10      0)
"o_i:PIO:openfile"                                            -         24       24 2.400000e+01   1.004519e-01     0.004 (    12      0)     0.004 (    10      0)
"o_i:PIO:pio_inq_varid_file_vdesc"                            -         24       24 9.600000e+01   1.708416e-03     0.000 (    23      0)     0.000 (     0      0)
"o_i:PIO:pio_inq_varid_file_vid"                              -         24       24 9.600000e+01   1.678335e-03     0.000 (    23      0)     0.000 (     0      0)
"o_i:PIO:pio_inq_varndims_file_vdesc"                         -         24       24 4.800000e+01   1.592497e-03     0.000 (    13      0)     0.000 (     0      0)
"o_i:PIO:pio_inq_varndims_file_vid"                           -         24       24 4.800000e+01   1.570174e-03     0.000 (    13      0)     0.000 (     0      0)
"o_i:PIO:pio_inq_vardimid_file_vdesc"                         -         24       24 4.800000e+01   3.389606e-03     0.000 (    14      0)     0.000 (     2      0)
"o_i:PIO:pio_inq_vardimid_file_vid"                           -         24       24 4.800000e+01   3.370094e-03     0.000 (    14      0)     0.000 (     7      0)
"o_i:PIO:pio_inq_dimlen_file_dimid"                           -         24       24 1.440000e+02   2.058587e-03     0.000 (    15      0)     0.000 (     0      0)
"o_i:PIO:pio_inq_dimlen_file_dimid_offlen"                    -         24       24 1.440000e+02   2.024148e-03     0.000 (    17      0)     0.000 (     0      0)
"o_i:PIO:pio_inq_vartype_file_vdesc"                          -         24       24 4.800000e+01   1.609287e-03     0.000 (    23      0)     0.000 (     4      0)
"o_i:PIO:pio_inq_vartype_file_vid"                            -         24       24 4.800000e+01   1.587103e-03     0.000 (    23      0)     0.000 (     4      0)
"o_i:PIO:read_darray_1d_real"                                 -         24       24 4.800000e+01   3.234294e-02     0.001 (    11      0)     0.001 (    14      0)
"o_i:PIO:PIOc_read_darray"                                    -         24       24 4.800000e+01   3.223916e-02     0.001 (    11      0)     0.001 (    14      0)
"o_i:PIO:read_darray_nc"                                      -         24       24 4.800000e+01   7.879385e-04     0.000 (     0      0)     0.000 (    14      0)
"o_i:PIO:rearrange_io2comp"                                   -         24       24 4.800000e+01   2.590422e-02     0.001 (    11      0)     0.001 (     0      0)
"o_i:docn_readLBUB_UB_setup"                                  -         24       24 2.400000e+01   5.306641e-05     0.000 (     0      0)     0.000 (    21      0)
"o_i:docn_readLBUB_UB_readpio"                                -         24       24 2.400000e+01   1.287483e-02     0.001 (     1      0)     0.001 (    19      0)
"o_i:docn_readLBUB_filemgt"                                   -         24       24 2.400000e+01   4.761769e-06     0.000 (     0      0)     0.000 (    15      0)
"o_i:docn_strd_adv_fill"                                      -         24       24 2.400000e+01   3.653737e-03     0.000 (     2      0)     0.000 (    19      0)
"o_i:docn_strd_adv_map"                                       -         24       24 2.400000e+01   8.158564e-03     0.000 (    15      0)     0.000 (    22      0)
"o_i:docn_strd_adv_tint"                                      -         24       24 2.400000e+01   5.045129e-04     0.000 (     3      0)     0.000 (    21      0)
"o_i:docn_scatter"                                            -         24       24 2.400000e+01   1.163530e-03     0.000 (    12      0)     0.000 (    20      0)
"o_i:docn_datamode"                                           -         24       24 2.400000e+01   6.110689e-04     0.000 (    14      0)     0.000 (    20      0)
"o_i:docn_run2"                                               -         24       24 2.400000e+01   6.484694e-06     0.000 (     0      0)     0.000 (     5      0)
"CPL:comp_init_cc_ice"                                        -         24       24 2.400000e+01   1.889740e+00     0.079 (     6      0)     0.079 (    12      0)
"i_i:comp_init"                                               -         24       24 2.400000e+01   1.870771e+00     0.078 (     0      0)     0.078 (    21      0)
"i_i:cice_init"                                               -         24       24 2.400000e+01   7.976586e-01     0.033 (    10      0)     0.033 (    21      0)
"i_i:ice_HaloUpdate2DR8"                                      -         24       24 9.600000e+01   3.871529e-03     0.001 (     1      0)     0.000 (     6      0)
"i_i:ice_HU2DR8_init"                                         -         24       24 9.600000e+01   7.610823e-05     0.000 (     5      0)     0.000 (    19      0)
"i_i:state_bound_h1"                                          -         24       24 2.400000e+01   3.435766e-03     0.000 (    12      0)     0.000 (    21      0)
"i_i:ice_HaloUpdate3DR8"                                      -         24       24 1.200000e+02   3.472315e-03     0.000 (    12      0)     0.000 (    21      0)
"i_i:ice_HU3DR8_init"                                         -         24       24 1.200000e+02   1.355993e-04     0.000 (    10      0)     0.000 (     7      0)
"i_i:ice_HU3DR8_recvall"                                      -         24       24 1.200000e+02   2.120166e-03     0.000 (    12      0)     0.000 (    21      0)
"i_i:state_bound_hm"                                          -         24       24 2.400000e+01   7.172948e-05     0.000 (    18      0)     0.000 (     1      0)
"i_i:state_bound_hc"                                          -         24       24 2.400000e+01   5.407432e-05     0.000 (    21      0)     0.000 (    22      0)
"i_i:state_bound_h2"                                          -         24       24 2.400000e+01   1.544263e-03     0.000 (    16      0)     0.000 (    21      0)
"i_i:ice_HaloUpdate4DR8"                                      -         24       24 2.400000e+01   1.078721e-03     0.000 (    16      0)     0.000 (    21      0)
"i_i:ice_HU4DR8_init"                                         -         24       24 2.400000e+01   2.145444e-04     0.000 (    12      0)     0.000 (    21      0)
"i_i:ice_HU4DR8_recvall"                                      -         24       24 2.400000e+01   4.660179e-05     0.000 (    16      0)     0.000 (    14      0)
"i_i:state_bound_hd"                                          -         24       24 2.400000e+01   3.246862e-04     0.000 (    19      0)     0.000 (     0      0)
"i_i:cice_mct_init"                                           -         24       24 2.400000e+01   1.059309e+00     0.044 (    21      0)     0.044 (    22      0)
"i_i:PIO:initdecomp"                                          -         24       24 7.200000e+01   6.098076e-02     0.003 (    12      0)     0.002 (     0      0)
"i_i:PIO:PIOc_initdecomp"                                     -         24       24 7.200000e+01   6.075754e-02     0.003 (    12      0)     0.002 (     0      0)
"i_i:PIO:box_rearrange_create"                                -         24       24 7.200000e+01   5.240777e-02     0.002 (     6      0)     0.002 (    16      0)
"i_i:PIO:pio_swapm"                                           -         24       24 2.160000e+02   2.299405e-02     0.001 (     9      0)     0.001 (     0      0)
"CPL:comp_init_cc_glc"                                        -         24       24 2.400000e+01   1.612479e-02     0.001 (    12      0)     0.001 (     6      0)
"g_i:comp_init"                                               -         24       24 2.400000e+01   2.985053e-05     0.000 (     2      0)     0.000 (    15      0)
"CPL:comp_init_cc_wav"                                        -         24       24 2.400000e+01   1.550078e-02     0.001 (    19      0)     0.001 (     2      0)
"w_i:comp_init"                                               -         24       24 2.400000e+01   9.992498e-06     0.000 (    20      0)     0.000 (     3      0)
"CPL:comp_init_cc_esp"                                        -         24       24 2.400000e+01   1.005567e-02     0.000 (    12      0)     0.000 (     6      0)
"e_i:comp_init"                                               -         24       24 2.400000e+01   1.804011e-05     0.000 (     1      0)     0.000 (    14      0)
"CPL:comp_init_cc_iac"                                        -         24       24 2.400000e+01   1.443216e-02     0.001 (    22      0)     0.001 (     0      0)
"z_i:comp_init"                                               -         24       24 2.400000e+01   1.183842e-05     0.000 (     9      0)     0.000 (     2      0)
"CPL:comp_init_cx_all"                                        -         24       24 2.400000e+01   1.150585e-01     0.005 (     5      0)     0.005 (    22      0)
"CPL:comp_list_all"                                           -         24       24 2.400000e+01   1.841029e-04     0.000 (    22      0)     0.000 (    14      0)
"CPL:init_maps"                                               -         24       24 2.400000e+01   2.531615e-02     0.001 (    12      0)     0.001 (     0      0)
"CPL:init_aream"                                              -         24       24 2.400000e+01   3.518220e-03     0.001 (    11      0)     0.000 (     3      0)
"CPL:init_domain_check"                                       -         24       24 2.400000e+01   3.900048e-02     0.002 (     6      0)     0.001 (    12      0)
"CPL:init_areacor"                                            -         24       24 2.400000e+01   6.380117e-02     0.003 (     2      0)     0.003 (     6      0)
"CPL:init_fracs"                                              -         24       24 2.400000e+01   1.927961e-02     0.001 (    10      0)     0.001 (    23      0)
"CPL:init_aoflux"                                             -         24       24 2.400000e+01   3.428720e-03     0.000 (     5      0)     0.000 (    18      0)
"CPL:init_atminit"                                            -         24       24 1.440000e+02   2.259933e-02     0.001 (    13      0)     0.001 (     1      0)
"CPL:comp_init_cc_atm2"                                       -         24       24 2.400000e+01   3.033332e-02     0.002 (    21      0)     0.001 (    11      0)
"CPL:init_readrestart"                                        -         24       24 2.400000e+01   2.800687e-03     0.000 (    10      0)     0.000 (    14      0)
"CPL:cime_run_init"                                           -         24       24 2.400000e+01   3.151283e-02     0.029 (     0      0)     0.000 (     7      0)
"CPL:INIT_sync1_tprf"                                         -         24       24 2.400000e+01   6.733872e-01     0.029 (     5      0)     0.000 (     0      0)
"CPL:INIT_t_prf"                                              -         24       24 2.400000e+01   1.570986e-01     0.063 (     0      0)     0.000 (    23      0)
"CPL:INIT_sync2_tprf"                                         -         24       24 2.400000e+01   1.345467e+00     0.062 (    23      0)     0.000 (     0      0)
"CPL:RUN_LOOP_BSTART"                                         -         24       24 2.400000e+01   1.818701e-04     0.000 (    20      0)     0.000 (     0      0)
"CPL:RUN_LOOP"                                                -         24       24 3.456000e+03   1.466441e+03    61.107 (     0      0)    61.093 (     2      0)
"CPL:CLOCK_ADVANCE"                                           -         24       24 3.456000e+03   3.774503e-01     0.017 (     0      0)     0.015 (    20      0)
"CPL:RUN"                                                     -         24       24 4.144800e+04   6.767529e+00     0.450 (    10      0)     0.226 (     2      0)
"CPL:OCNPRE1"                                                 -         24       24 3.456000e+03   1.230582e+00     0.186 (    11      0)     0.029 (    15      0)
"CPL:ocnpre1_atm2ocn"                                         -         24       24 3.456000e+03   1.227107e+00     0.186 (    11      0)     0.029 (    15      0)
"CPL:LNDPREP"                                                 -         24       24 3.456000e+03   2.711712e-01     0.018 (    21      0)     0.006 (     5      0)
"CPL:lndprep_atm2lnd"                                         -         24       24 3.456000e+03   1.899823e-01     0.013 (    21      0)     0.003 (     0      0)
"CPL:lndprep_mrgx2l"                                          -         24       24 3.456000e+03   7.468155e-02     0.005 (     2      0)     0.002 (     6      0)
"CPL:COMM"                                                    -         24       24 2.416800e+04   4.645576e+01     4.121 (    12      0)     0.752 (     1      0)
"CPL:C2L"                                                     -         24       24 3.456000e+03   1.101022e+00     0.051 (    23      0)     0.038 (     8      0)
"CPL:c2l_lndx2lndl"                                           -         24       24 3.456000e+03   7.919315e-01     0.038 (    17      0)     0.025 (    20      0)
"CPL:c2l_infoexch"                                            -         24       24 3.456000e+03   3.022818e-01     0.025 (    23      0)     0.004 (     7      0)
"CPL:ICEPREP"                                                 -         24       24 3.456000e+03   5.360434e-01     0.023 (     1      0)     0.022 (    20      0)
"CPL:iceprep_ocn2ice"                                         -         24       24 3.456000e+03   1.139390e-01     0.005 (     1      0)     0.004 (     9      0)
"CPL:iceprep_atm2ice"                                         -         24       24 3.456000e+03   1.661934e-01     0.007 (     8      0)     0.007 (    10      0)
"CPL:iceprep_mrgx2i"                                          -         24       24 3.456000e+03   2.385772e-01     0.010 (    11      0)     0.010 (    12      0)
"CPL:C2I"                                                     -         24       24 3.456000e+03   3.454512e-01     0.016 (    20      0)     0.013 (     1      0)
"CPL:c2i_icex2icei"                                           -         24       24 3.456000e+03   1.785961e-01     0.008 (     1      0)     0.007 (    20      0)
"CPL:ice_infoexch"                                            -         24       24 3.456000e+03   1.625582e-01     0.008 (    20      0)     0.005 (     1      0)
"CPL:ICE_RUN"                                                 -         24       24 3.456000e+03   7.484000e+00     0.400 (    18      0)     0.278 (    14      0)
"i:cice_run_total"                                            -         24       24 3.456000e+03   6.204859e+00     0.370 (    18      0)     0.216 (    14      0)
"i:cice_run_import"                                           -         24       24 3.456000e+03   6.772875e-01     0.030 (    19      0)     0.027 (    23      0)
"i:cice_imp_ocn"                                              -         24       24 3.456000e+03   7.326781e-02     0.003 (    20      0)     0.003 (    11      0)
"i:cice_imp_atm"                                              -         24       24 3.456000e+03   7.075672e-02     0.003 (    18      0)     0.003 (    15      0)
"i:cice_run_initmd"                                           -         24       24 3.456000e+03   7.766235e-01     0.037 (     8      0)     0.027 (    19      0)
"i:cice_run_presc"                                            -         24       24 3.456000e+03   9.814371e-01     0.042 (    19      0)     0.039 (    22      0)
"i:cice_pice_strd_adv_total"                                  -         24       24 3.456000e+03   2.594764e-01     0.011 (    15      0)     0.011 (    22      0)
"i:cice_pice_strd_adv_readLBUB"                               -         24       24 3.456000e+03   1.920059e-01     0.008 (     0      0)     0.008 (     1      0)
"i:cice_pice_readLBUB_setup"                                  -         24       24 3.456000e+03   1.132076e-03     0.000 (     8      0)     0.000 (    17      0)
"i:cice_pice_readLBUB_fbound"                                 -         24       24 2.400000e+01   3.576186e-03     0.004 (     0      0)     0.000 (     4      0)
"i:cice_pice_readLBUB_bcast"                                  -         24       24 2.400000e+01   8.313174e-02     0.004 (    21      0)     0.000 (     0      0)
"i:cice_pice_readLBUB_LB_setup"                               -         24       24 2.400000e+01   2.420582e-05     0.000 (     0      0)     0.000 (    18      0)
"i:cice_pice_readLBUB_LB_readpio"                             -         24       24 2.400000e+01   8.205618e-02     0.003 (    19      0)     0.003 (     0      0)
"i:PIO:openfile"                                              -         24       24 2.400000e+01   6.455454e-02     0.003 (    12      0)     0.003 (     0      0)
"i:PIO:pio_inq_varid_file_vdesc"                              -         24       24 9.600000e+01   1.742871e-03     0.000 (    12      0)     0.000 (     0      0)
"i:PIO:pio_inq_varid_file_vid"                                -         24       24 9.600000e+01   1.713620e-03     0.000 (    12      0)     0.000 (     0      0)
"i:PIO:pio_inq_varndims_file_vdesc"                           -         24       24 4.800000e+01   1.526964e-03     0.000 (    13      0)     0.000 (     5      0)
"i:PIO:pio_inq_varndims_file_vid"                             -         24       24 4.800000e+01   1.509523e-03     0.000 (    13      0)     0.000 (     5      0)
"i:PIO:pio_inq_vardimid_file_vdesc"                           -         24       24 4.800000e+01   3.302946e-03     0.000 (    21      0)     0.000 (     3      0)
"i:PIO:pio_inq_vardimid_file_vid"                             -         24       24 4.800000e+01   3.283809e-03     0.000 (    20      0)     0.000 (     7      0)
"i:PIO:pio_inq_dimlen_file_dimid"                             -         24       24 1.440000e+02   2.068941e-03     0.000 (    18      0)     0.000 (     7      0)
"i:PIO:pio_inq_dimlen_file_dimid_offlen"                      -         24       24 1.440000e+02   2.031694e-03     0.000 (    23      0)     0.000 (    10      0)
"i:PIO:pio_inq_vartype_file_vdesc"                            -         24       24 4.800000e+01   1.592276e-03     0.000 (    21      0)     0.000 (     6      0)
"i:PIO:pio_inq_vartype_file_vid"                              -         24       24 4.800000e+01   1.574447e-03     0.000 (    21      0)     0.000 (     8      0)
"i:PIO:read_darray_1d_real"                                   -         24       24 4.800000e+01   1.502015e-02     0.001 (    11      0)     0.001 (    13      0)
"i:PIO:PIOc_read_darray"                                      -         24       24 4.800000e+01   1.494195e-02     0.001 (    11      0)     0.001 (    13      0)
"i:PIO:read_darray_nc"                                        -         24       24 4.800000e+01   6.202847e-04     0.000 (     0      0)     0.000 (    19      0)
"i:PIO:rearrange_io2comp"                                     -         24       24 4.800000e+01   9.386971e-03     0.001 (    11      0)     0.000 (     0      0)
"i:PIO:pio_swapm"                                             -         24       24 4.800000e+01   8.862905e-03     0.000 (    11      0)     0.000 (     0      0)
"i:cice_pice_readLBUB_UB_setup"                               -         24       24 2.400000e+01   3.437833e-05     0.000 (     0      0)     0.000 (    21      0)
"i:cice_pice_readLBUB_UB_readpio"                             -         24       24 2.400000e+01   1.074625e-02     0.000 (     3      0)     0.000 (     0      0)
"i:cice_pice_readLBUB_filemgt"                                -         24       24 3.456000e+03   8.380995e-04     0.000 (    15      0)     0.000 (    22      0)
"i:cice_pice_strd_adv_map"                                    -         24       24 2.400000e+01   7.984328e-03     0.000 (    15      0)     0.000 (    22      0)
"i:cice_pice_strd_adv_tint"                                   -         24       24 3.456000e+03   4.088909e-02     0.002 (     4      0)     0.002 (    10      0)
"i:cice_run_initflux"                                         -         24       24 3.456000e+03   3.856484e-02     0.002 (    16      0)     0.002 (     6      0)
"i:cice_run_prepradiation"                                    -         24       24 3.456000e+03   2.866368e-02     0.002 (    18      0)     0.001 (     5      0)
"i:cice_run_therm1"                                           -         24       24 3.456000e+03   9.790267e-01     0.084 (    18      0)     0.031 (    10      0)
"i:cice_run_dyn"                                              -         24       24 3.456000e+03   3.414140e-04     0.000 (    13      0)     0.000 (     5      0)
"i:cice_run_radiation"                                        -         24       24 3.456000e+03   7.789576e-01     0.105 (    19      0)     0.018 (     7      0)
"i:cice_step_radiationib"                                     -         24       24 3.456000e+03   7.159210e-01     0.102 (    19      0)     0.015 (     7      0)
"i:cice_step_rib_swdedd1"                                     -         24       24 3.456000e+03   7.154479e-02     0.004 (    19      0)     0.002 (     7      0)
"i:cice_step_rib_swdedd2"                                     -         24       24 3.456000e+03   3.976822e-02     0.002 (    19      0)     0.002 (    20      0)
"i:cice_step_rib_swdedd7"                                     -         24       24 3.456000e+03   5.638241e-01     0.095 (    19      0)     0.009 (     5      0)
"i:cice_run_couplingprep"                                     -         24       24 3.456000e+03   8.535541e-01     0.141 (    20      0)     0.017 (     4      0)
"i:ice_HaloUpdate2DR8"                                        -         24       24 3.456000e+03   4.979863e-01     0.126 (    20      0)     0.002 (     2      0)
"i:ice_HU2DR8_init"                                           -         24       24 3.456000e+03   2.502870e-03     0.000 (    22      0)     0.000 (    10      0)
"i:cice_run_diag"                                             -         24       24 3.456000e+03   2.905344e-01     0.014 (     0      0)     0.006 (    18      0)
"i:cice_run_hist"                                             -         24       24 3.456000e+03   4.593519e-01     0.020 (     9      0)     0.018 (    17      0)
"i:cice_run_accum"                                            -         24       24 3.456000e+03   2.385388e-02     0.001 (    18      0)     0.001 (     4      0)
"i:cice_run_export"                                           -         24       24 3.456000e+03   2.506871e-01     0.011 (    18      0)     0.010 (    10      0)
"CPL:LND_RUN"                                                 -         24       24 3.456000e+03   1.301419e+02     5.924 (     1      0)     4.881 (    10      0)
"l:lc_lnd_import"                                             -         24       24 3.456000e+03   2.492578e-01     0.011 (    10      0)     0.009 (    15      0)
"l:elm_run"                                                   -         24       24 3.480000e+03   1.293828e+02     5.893 (     1      0)     4.848 (    10      0)
"l:shr_orb_decl"                                              -         24       24 3.480000e+03   3.728632e-03     0.000 (    19      0)     0.000 (     8      0)
"l:decomp_vert"                                               -         24       24 3.480000e+03   1.393181e-02     0.001 (     2      0)     0.000 (    16      0)
"l:beggridwbal"                                               -         24       24 3.480000e+03   9.530434e-01     0.043 (     5      0)     0.037 (    15      0)
"l:cnpinit"                                                   -         24       24 3.480000e+03   3.065327e-03     0.000 (    23      0)     0.000 (     0      0)
"l:cnpvegsumm"                                                -         24       24 3.480000e+03   4.981913e-04     0.000 (    13      0)     0.000 (    17      0)
"l:dyn_subgrid"                                               -         24       24 3.480000e+03   6.135351e+00     0.277 (     5      0)     0.239 (    16      0)
"l:begwbal"                                                   -         24       24 3.480000e+03   2.081271e-01     0.011 (     5      0)     0.007 (    10      0)
"l:begcnpbal"                                                 -         24       24 3.480000e+03   3.503308e-04     0.000 (    15      0)     0.000 (     0      0)
"l:drvinit"                                                   -         24       24 3.480000e+03   5.659716e-01     0.025 (     0      0)     0.022 (     9      0)
"l:canhydro"                                                  -         24       24 3.480000e+03   1.112032e+00     0.054 (     5      0)     0.041 (     9      0)
"l:surfrad"                                                   -         24       24 3.480000e+03   1.717805e+00     0.077 (     1      0)     0.064 (    16      0)
"l:bgp1"                                                      -         24       24 3.480000e+03   1.551049e+00     0.077 (     1      0)     0.055 (     9      0)
"l:bgflux"                                                    -         24       24 3.480000e+03   1.041736e+00     0.051 (    10      0)     0.036 (     8      0)
"l:canflux"                                                   -         24       24 3.480000e+03   3.712464e+01     1.764 (    14      0)     1.311 (    10      0)
"l:can_iter"                                                  -         24       24 3.480000e+03   3.027283e+01     1.455 (    14      0)     1.043 (    17      0)
"l:uflux"                                                     -         24       24 3.480000e+03   1.617915e+00     0.094 (     5      0)     0.050 (    10      0)
"l:bgplake"                                                   -         24       24 3.480000e+03   4.382981e+00     0.205 (    20      0)     0.151 (    16      0)
"l:bgc"                                                       -         24       24 3.480000e+03   3.012845e+00     0.147 (     1      0)     0.106 (    16      0)
"l:soiltemperature"                                           -         24       24 3.480000e+03   2.797008e+01     1.294 (     5      0)     1.051 (     9      0)
"l:SoilThermProp"                                             -         24       24 3.480000e+03   2.007004e+00     0.100 (     5      0)     0.073 (    10      0)
"l:SoilTempBandDiag"                                          -         24       24 6.960000e+03   4.906088e+00     0.283 (     5      0)     0.164 (    15      0)
"l:PhaseChangeH2osfc"                                         -         24       24 3.480000e+03   2.567669e-02     0.001 (     5      0)     0.001 (    13      0)
"l:PhaseChangebeta"                                           -         24       24 3.480000e+03   1.010658e+00     0.052 (     5      0)     0.036 (    16      0)
"l:bgp2"                                                      -         24       24 3.480000e+03   1.436625e+00     0.067 (     0      0)     0.052 (    10      0)
"l:bgp2_loop_1"                                               -         24       24 3.480000e+03   2.537487e-01     0.012 (     5      0)     0.009 (    10      0)
"l:bgp2_loop_2"                                               -         24       24 3.480000e+03   3.948920e-01     0.019 (     0      0)     0.015 (    16      0)
"l:bgp2_loop_3"                                               -         24       24 3.480000e+03   6.132682e-01     0.029 (     0      0)     0.022 (    10      0)
"l:bgp2_loop_4"                                               -         24       24 3.480000e+03   1.587298e-01     0.007 (     1      0)     0.006 (    16      0)
"l:patch2col"                                                 -         24       24 3.480000e+03   9.432720e-01     0.046 (     5      0)     0.035 (    16      0)
"l:hydro without drainage"                                    -         24       24 3.480000e+03   1.153920e+01     0.572 (     0      0)     0.409 (    16      0)
"l:hylake"                                                    -         24       24 3.480000e+03   8.784895e-01     0.068 (    11      0)     0.032 (    10      0)
"l:snow_init"                                                 -         24       24 3.480000e+03   7.258454e-02     0.004 (    10      0)     0.002 (     1      0)
"l:ecosysdyn"                                                 -         24       24 3.480000e+03   2.392029e-01     0.011 (     0      0)     0.009 (    10      0)
"l:depvel"                                                    -         24       24 6.960000e+03   2.983404e-03     0.000 (    19      0)     0.000 (     8      0)
"l:hydro2 drainage"                                           -         24       24 3.480000e+03   9.836469e-01     0.050 (     5      0)     0.035 (    10      0)
"l:balchk"                                                    -         24       24 3.480000e+03   7.980328e-01     0.035 (     0      0)     0.031 (    15      0)
"l:gridbalchk"                                                -         24       24 3.480000e+03   4.199474e-01     0.019 (     0      0)     0.016 (    15      0)
"l:lnd2atm"                                                   -         24       24 3.480000e+03   3.365236e+00     0.153 (     1      0)     0.130 (    15      0)
"l:wrtdiag"                                                   -         24       24 3.480000e+03   3.917739e-02     0.006 (     0      0)     0.001 (     8      0)
"l:hbuf"                                                      -         24       24 3.480000e+03   1.258953e+01     0.569 (     1      0)     0.488 (    10      0)
"l:elm_drv_io"                                                -         24       24 3.480000e+03   1.049896e-02     0.001 (    16      0)     0.000 (    14      0)
"l:elm_drv_io_htapes"                                         -         24       24 3.480000e+03   8.487812e-03     0.001 (    16      0)     0.000 (    14      0)
"l:lc_lnd_export"                                             -         24       24 3.480000e+03   9.491502e-02     0.004 (    16      0)     0.004 (    20      0)
"l:lc_elm2_adv_timestep"                                      -         24       24 3.480000e+03   2.187588e-03     0.000 (    14      0)     0.000 (     6      0)
"l:accum"                                                     -         24       24 3.456000e+03   1.926186e+00     0.082 (     0      0)     0.078 (    15      0)
"CPL:ATMOCNP"                                                 -         24       24 3.456000e+03   1.364111e+00     0.074 (    10      0)     0.031 (     7      0)
"CPL:atmocnp_fluxo"                                           -         24       24 3.456000e+03   1.179847e+00     0.067 (    10      0)     0.023 (     7      0)
"CPL:atmocnp_ocnalb"                                          -         24       24 3.456000e+03   1.764363e-01     0.009 (    22      0)     0.007 (    11      0)
"CPL:L2C"                                                     -         24       24 3.456000e+03   3.933780e+00     0.206 (     7      0)     0.079 (     6      0)
"CPL:l2c_lndl2lndx"                                           -         24       24 3.456000e+03   3.920564e+00     0.205 (     7      0)     0.078 (     6      0)
"lnd2cpl_run"                                                 -         24       24 3.456000e+03   8.557449e-03     0.000 (     2      0)     0.000 (     0      0)
"CPL:LNDPOST"                                                 -         24       24 3.456000e+03   2.713144e-03     0.000 (     6      0)     0.000 (    13      0)
"CPL:I2C"                                                     -         24       24 3.456000e+03   1.936877e-01     0.008 (    10      0)     0.008 (     2      0)
"CPL:i2c_icei2icex"                                           -         24       24 3.456000e+03   1.847424e-01     0.008 (    10      0)     0.007 (     2      0)
"CPL:i2c_infoexch"                                            -         24       24 3.456000e+03   3.716784e-03     0.000 (     9      0)     0.000 (    14      0)
"CPL:ICEPOST"                                                 -         24       24 3.456000e+03   2.963834e-04     0.000 (     2      0)     0.000 (    13      0)
"CPL:FRACSET"                                                 -         24       24 3.456000e+03   4.089078e-01     0.081 (     6      0)     0.008 (    14      0)
"CPL:fracset_fracset"                                         -         24       24 3.456000e+03   4.075866e-01     0.081 (     6      0)     0.008 (    14      0)
"CPL:ATMPREP"                                                 -         24       24 3.456000e+03   2.887947e+00     0.155 (    10      0)     0.097 (     1      0)
"CPL:atmprep_xao2atm"                                         -         24       24 3.456000e+03   5.060107e-01     0.030 (    12      0)     0.018 (    21      0)
"CPL:atmprep_ocn2atm"                                         -         24       24 3.456000e+03   5.831959e-01     0.075 (    10      0)     0.014 (     3      0)
"CPL:atmprep_alb2atm"                                         -         24       24 3.456000e+03   1.392479e-01     0.009 (     3      0)     0.004 (    14      0)
"CPL:atmprep_ice2atm"                                         -         24       24 3.456000e+03   5.414524e-01     0.029 (    14      0)     0.019 (    15      0)
"CPL:atmprep_lnd2atm"                                         -         24       24 3.456000e+03   6.315795e-01     0.037 (    17      0)     0.013 (     5      0)
"CPL:atmprep_mrgx2a"                                          -         24       24 3.456000e+03   4.708979e-01     0.026 (    20      0)     0.010 (    14      0)
"CPL:C2A"                                                     -         24       24 3.456000e+03   9.857085e-01     0.062 (     5      0)     0.021 (    11      0)
"CPL:c2a_atmx2atmg"                                           -         24       24 3.456000e+03   5.566579e-01     0.039 (     5      0)     0.014 (     7      0)
"CPL:c2a_infoexch"                                            -         24       24 3.456000e+03   4.247903e-01     0.026 (    16      0)     0.005 (    11      0)
"CPL:ATM_RUN"                                                 -         24       24 3.456000e+03   1.260689e+03    53.589 (    17      0)    50.534 (     0      0)
"a:EAMxx::run"                                                -         24       24 3.456000e+03   1.260075e+03    53.563 (    17      0)    50.508 (     0      0)
"a:EAMxx::EAMxx::run"                                         -         24       24 3.456000e+03   1.259407e+03    53.536 (    17      0)    50.464 (     0      0)
"a:EAMxx::EAMxx::run-precondition-checks"                     -         24       24 3.456000e+03   1.654032e-03     0.000 (    15      0)     0.000 (    10      0)
"a:EAMxx::SurfaceCouplingImporter::run"                       -         24       24 3.456000e+03   2.578442e+00     0.110 (     9      0)     0.105 (     8      0)
"a:EAMxx::SurfaceCouplingImporter::run-precondition-checks"   -         24       24 3.456000e+03   6.192604e-04     0.000 (    17      0)     0.000 (     1      0)
"a:EAMxx::SurfaceCouplingImporter::run-postcondition-checks"  -         24       24 3.456000e+03   2.257886e+00     0.096 (     9      0)     0.092 (     6      0)
"a:EAMxx::homme::run"                                         -         24       24 3.456000e+03   7.250095e+02    30.233 (    13      0)    30.184 (    20      0)
"a:EAMxx::homme::run-precondition-checks"                     -         24       24 3.456000e+03   5.756555e-04     0.000 (     7      0)     0.000 (     4      0)
"a:tl-sc prim_run_subcycle_c"                                 -         24       24 3.456000e+03   7.040188e+02    29.355 (     3      0)    29.312 (    13      0)
"a:tl-s prim_step_flexible"                                   -         24       24 3.456000e+03   7.040046e+02    29.355 (     3      0)    29.311 (    13      0)
"a:ApplyCAMForcing_tracers"                                   -         24       24 3.456000e+03   2.147554e+00     0.092 (    22      0)     0.087 (    13      0)
"a:tl-s deep_copy+derived_dp"                                 -         24       24 3.456000e+03   1.527722e-01     0.007 (    12      0)     0.006 (    16      0)
"a:ApplyCAMForcing_dynamics"                                  -         24       24 1.036800e+04   1.161604e+00     0.052 (     0      0)     0.045 (    14      0)
"a:tl-ae prim_advance_exp"                                    -         24       24 2.073600e+04   5.906755e+02    24.712 (    14      0)    24.484 (    19      0)
"a:ttype9_imex_timestep"                                      -         24       24 2.073600e+04   4.998458e+02    21.254 (    16      0)    20.560 (    10      0)
"a:caar compute"                                              -         24       24 2.073600e+05   1.334137e+02     5.726 (     7      0)     5.430 (    22      0)
"a:caar_bexchV"                                               -         24       24 1.036800e+05   9.213644e+01     4.208 (    16      0)     3.503 (    13      0)
"a:caar limiter"                                              -         24       24 1.244160e+05   7.413239e+01     3.324 (    21      0)     2.959 (    23      0)
"a:compute_stage_value_dirk"                                  -         24       24 1.036800e+05   1.975555e+02     8.418 (    21      0)     8.065 (     0      0)
"a:tl-ae advance_hypervis_dp"                                 -         24       24 2.073600e+04   9.019673e+01     4.066 (    10      0)     3.230 (    19      0)
"a:hvf-bhwk"                                                  -         24       24 2.073600e+04   4.484070e+01     2.019 (     0      0)     1.754 (    21      0)
"a:hvf-bexch"                                                 -         24       24 6.220800e+04   4.947503e+01     2.399 (     8      0)     1.498 (    19      0)
"a:tl-sc vertical_remap"                                      -         24       24 1.036800e+04   3.074931e+01     1.348 (    13      0)     1.215 (    23      0)
"a:Remap Thickness Functor"                                   -         24       24 1.036800e+04   1.142825e+00     0.053 (    12      0)     0.045 (    14      0)
"a:Remap Scale States Functor"                                -         24       24 1.036800e+04   5.572396e-01     0.025 (     9      0)     0.022 (     8      0)
"a:Remap Compute Grids Functor"                               -         24       24 1.036800e+04   2.241206e+00     0.096 (    13      0)     0.092 (    22      0)
"a:Remap Compute Remap Functor"                               -         24       24 1.036800e+04   1.992369e+01     0.885 (    13      0)     0.771 (    23      0)
"a:Remap Rescale States Functor"                              -         24       24 1.036800e+04   8.892510e-01     0.048 (     4      0)     0.032 (    22      0)
"a:tl-at prim_advec_tracers_compose"                          -         24       24 3.456000e+03   7.479250e+01     3.225 (    16      0)     3.018 (    12      0)
"a:compose_transport"                                         -         24       24 3.456000e+03   7.474500e+01     3.223 (    16      0)     3.016 (    12      0)
"a:compose_calc_trajectory"                                   -         24       24 3.456000e+03   8.022654e+00     0.433 (    23      0)     0.286 (     7      0)
"a:compose_3d_levels"                                         -         24       24 3.456000e+03   3.757415e+00     0.165 (    12      0)     0.148 (    17      0)
"a:compose_v_bexchv"                                          -         24       24 3.456000e+03   3.970971e+00     0.270 (    23      0)     0.113 (     7      0)
"a:compose_v2x"                                               -         24       24 3.456000e+03   2.795901e-01     0.012 (    13      0)     0.011 (    14      0)
"a:compose_isl"                                               -         24       24 3.456000e+03   3.369603e+01     1.464 (     6      0)     1.267 (    15      0)
"a:compose_hypervis_scalar"                                   -         24       24 3.456000e+03   2.310376e+01     1.085 (    15      0)     0.883 (    13      0)
"a:compose_cedr_global"                                       -         24       24 3.456000e+03   5.882124e+00     0.283 (     4      0)     0.208 (    13      0)
"a:repro_sum_int"                                             -         24       24 3.456000e+03   2.780289e+00     0.148 (     6      0)     0.072 (    13      0)
"a:compose_cedr_local"                                        -         24       24 3.456000e+03   1.159006e+00     0.052 (    16      0)     0.046 (     0      0)
"a:compose_dss_q"                                             -         24       24 3.456000e+03   2.854572e+00     0.143 (    13      0)     0.099 (     3      0)
"a:compose_vertical_remap"                                    -         24       24 3.456000e+03   4.160254e+00     0.183 (    16      0)     0.166 (    20      0)
"a:EAMxx::homme::run-postcondition-checks"                    -         24       24 3.456000e+03   3.108376e+00     0.134 (    19      0)     0.125 (    20      0)
"a:EAMxx::physics::run"                                       -         24       24 3.456000e+03   5.285583e+02    23.083 (    17      0)    20.023 (     0      0)
"a:EAMxx::physics::run-precondition-checks"                   -         24       24 3.456000e+03   9.575757e-04     0.000 (    19      0)     0.000 (     6      0)
"a:EAMxx::mac_aero_mic::run"                                  -         24       24 3.456000e+03   4.623489e+02    20.211 (    17      0)    17.338 (     0      0)
"a:EAMxx::mac_aero_mic::run-precondition-checks"              -         24       24 3.456000e+03   5.803053e-04     0.000 (     1      0)     0.000 (     8      0)
"a:EAMxx::tms::run"                                           -         24       24 4.147200e+04   4.409177e+00     0.189 (     1      0)     0.175 (     8      0)
"a:EAMxx::tms::run-precondition-checks"                       -         24       24 4.147200e+04   1.326298e-02     0.001 (    19      0)     0.000 (     4      0)
"a:EAMxx::tms::run-postcondition-checks"                      -         24       24 4.147200e+04   2.984400e+00     0.128 (     1      0)     0.116 (     8      0)
"a:EAMxx::shoc::run"                                          -         24       24 4.147200e+04   1.293237e+02     5.505 (    15      0)     5.292 (     0      0)
"a:EAMxx::shoc::run-precondition-checks"                      -         24       24 4.147200e+04   6.201754e-03     0.000 (    22      0)     0.000 (    12      0)
"a:EAMxx::shoc::preprocess"                                   -         24       24 4.147200e+04   5.880917e-01     0.025 (    12      0)     0.024 (     2      0)
"a:EAMxx::shoc::shoc_main"                                    -         24       24 4.147200e+04   6.069161e+01     2.612 (    15      0)     2.481 (     4      0)
"a:EAMxx::shoc::postprocess"                                  -         24       24 4.147200e+04   8.143588e-01     0.036 (    11      0)     0.033 (     0      0)
"a:EAMxx::shoc::run-postcondition-checks"                     -         24       24 4.147200e+04   3.969027e+01     1.689 (     3      0)     1.613 (    14      0)
"a:EAMxx::cld_fraction::run"                                  -         24       24 4.147200e+04   1.257898e+01     0.538 (     1      0)     0.514 (    14      0)
"a:EAMxx::cld_fraction::run-precondition-checks"              -         24       24 4.147200e+04   1.406983e-02     0.001 (     7      0)     0.000 (    16      0)
"a:EAMxx::cld_fraction::run-postcondition-checks"             -         24       24 4.147200e+04   1.131469e+01     0.483 (     1      0)     0.463 (    14      0)
"a:EAMxx::spa::run"                                           -         24       24 4.147200e+04   5.969638e+01     2.532 (     1      0)     2.458 (    14      0)
"a:EAMxx::spa::run-precondition-checks"                       -         24       24 4.147200e+04   7.430888e-03     0.000 (    18      0)     0.000 (     8      0)
"a:EAMxx::spa::run-postcondition-checks"                      -         24       24 4.147200e+04   3.806167e+01     1.609 (     1      0)     1.569 (    10      0)
"a:EAMxx::p3::run"                                            -         24       24 4.147200e+04   2.559476e+02    11.589 (    17      0)     8.840 (     0      0)
"a:EAMxx::p3::run-precondition-checks"                        -         24       24 4.147200e+04   3.728543e+00     0.164 (     1      0)     0.151 (    16      0)
"a:EAMxx::p3::run-postcondition-checks"                       -         24       24 4.147200e+04   7.827816e+01     3.362 (    11      0)     3.140 (     0      0)
"a:EAMxx::mac_aero_mic::run-postcondition-checks"             -         24       24 3.456000e+03   1.006078e-03     0.000 (     0      0)     0.000 (    10      0)
"a:EAMxx::rrtmgp::run"                                        -         24       24 3.456000e+03   6.608050e+01     2.888 (    16      0)     2.660 (     8      0)
"a:EAMxx::rrtmgp::run-precondition-checks"                    -         24       24 3.456000e+03   1.537562e-01     0.007 (     9      0)     0.006 (    16      0)
"a:EAMxx::rrtmgp::run-postcondition-checks"                   -         24       24 3.456000e+03   5.887994e+00     0.257 (     3      0)     0.234 (     2      0)
"a:EAMxx::physics::run-postcondition-checks"                  -         24       24 3.456000e+03   6.907438e-04     0.000 (    19      0)     0.000 (    20      0)
"a:EAMxx::SurfaceCouplingExporter::run"                       -         24       24 3.456000e+03   2.979806e+00     0.128 (    11      0)     0.120 (    20      0)
"a:EAMxx::SurfaceCouplingExporter::run-precondition-checks"   -         24       24 3.456000e+03   1.285913e-03     0.000 (    13      0)     0.000 (    16      0)
"a:EAMxx::SurfaceCouplingExporter::run-postcondition-checks"  -         24       24 3.456000e+03   1.420433e-03     0.000 (     8      0)     0.000 (     3      0)
"a:EAMxx::EAMxx::run-postcondition-checks"                    -         24       24 3.456000e+03   5.904587e-04     0.000 (    11      0)     0.000 (    15      0)
"a:EAMxx::IO::restart"                                        -         24       24 3.456000e+03   1.967481e-02     0.001 (    22      0)     0.001 (     8      0)
"a:EAMxx::IO::model_restart"                                  -         24       24 3.456000e+03   1.636082e-02     0.001 (    22      0)     0.001 (    20      0)
"a:EAMxx::IO::restart::get_new_file"                          -         24       24 3.456000e+03   5.933487e-04     0.000 (     1      0)     0.000 (    20      0)
"a:EAMxx::IO::restart::run_output_streams"                    -         24       24 3.456000e+03   6.345120e-03     0.000 (    22      0)     0.000 (    17      0)
"a:EAMxx::IO::standard"                                       -         24       24 3.456000e+03   7.782268e-03     0.000 (     7      0)     0.000 (    22      0)
"a:EAMxx::IO::nooutput.yaml"                                  -         24       24 3.456000e+03   5.701599e-03     0.000 (     9      0)     0.000 (    22      0)
"a:EAMxx::IO::standard::get_new_file"                         -         24       24 3.456000e+03   2.334413e-04     0.000 (    10      0)     0.000 (     0      0)
"a:EAMxx::IO::standard::run_output_streams"                   -         24       24 3.456000e+03   5.770064e-04     0.000 (     9      0)     0.000 (     1      0)
"CPL:A2C"                                                     -         24       24 3.456000e+03   2.778583e+01     3.063 (    12      0)     0.343 (     2      0)
"CPL:a2c_atma2atmx"                                           -         24       24 3.456000e+03   2.279264e+01     2.824 (    12      0)     0.151 (    14      0)
"CPL:a2c_infoexch"                                            -         24       24 3.456000e+03   4.984231e+00     0.424 (    14      0)     0.006 (     0      0)
"CPL:ATMPOST"                                                 -         24       24 3.456000e+03   1.630742e-03     0.000 (     4      0)     0.000 (    20      0)
"CPL:HISTORY"                                                 -         24       24 3.456000e+03   8.350103e-03     0.000 (    12      0)     0.000 (     5      0)
"CPL:cime_run_write_history"                                  -         24       24 3.456000e+03   6.485415e-03     0.000 (    12      0)     0.000 (     4      0)
"CPL:TSTAMP_WRITE"                                            -         24       24 3.456000e+03   3.027641e-02     0.013 (     0      0)     0.000 (    11      0)
"CPL:TPROF_WRITE"                                             -         24       24 3.456000e+03   8.077023e+00     0.345 (     1      0)     0.332 (     0      0)
"CPL:C2O_INITWAIT"                                            -         24       24 3.432000e+03   1.404211e+01     1.476 (     3      0)     0.085 (    19      0)
"l:interpMonthlyVeg"                                          -         24       24 3.432000e+03   1.402446e+00     0.059 (    12      0)     0.058 (    16      0)
"l:readMonthlyVeg"                                            -         24       24 2.400000e+01   1.399117e+00     0.059 (    12      0)     0.058 (    16      0)
"l:PIO:openfile"                                              -         24       24 2.400000e+01   5.694513e-01     0.037 (     4      0)     0.004 (    20      0)
"l:PIO:pio_inq_varid_file_vdesc"                              -         24       24 1.920000e+02   4.137550e-02     0.003 (    13      0)     0.000 (     0      0)
"l:PIO:pio_inq_varid_file_vid"                                -         24       24 1.920000e+02   4.131886e-02     0.003 (    13      0)     0.000 (     0      0)
"l:PIO:pio_inq_varndims_file_vdesc"                           -         24       24 1.920000e+02   6.218695e-03     0.000 (    14      0)     0.000 (     0      0)
"l:PIO:pio_inq_varndims_file_vid"                             -         24       24 1.920000e+02   6.173938e-03     0.000 (    22      0)     0.000 (     0      0)
"l:PIO:pio_inq_vardimid_file_vdesc"                           -         24       24 1.920000e+02   1.342005e-02     0.001 (    20      0)     0.000 (     2      0)
"l:PIO:pio_inq_vardimid_file_vid"                             -         24       24 1.920000e+02   1.338130e-02     0.001 (    20      0)     0.000 (     0      0)
"l:PIO:pio_inq_dimname_file_dimid"                            -         24       24 1.632000e+03   3.380885e-02     0.002 (    22      0)     0.001 (     1      0)
"l:PIO:pio_inq_dimlen_file_dimid"                             -         24       24 3.840000e+02   5.545713e-03     0.000 (    18      0)     0.000 (     0      0)
"l:PIO:pio_inq_dimlen_file_dimid_offlen"                      -         24       24 3.840000e+02   5.473680e-03     0.000 (    18      0)     0.000 (     0      0)
"l:PIO:pio_inquire_file"                                      -         24       24 7.200000e+02   1.024965e-02     0.000 (    17      0)     0.000 (     0      0)
"l:PIO:pio_inq_ndims_file"                                    -         24       24 7.200000e+02   1.013044e-02     0.000 (    17      0)     0.000 (     0      0)
"l:PIO:initdecomp"                                            -         24       24 2.400000e+01   2.948866e-02     0.001 (     0      0)     0.001 (    22      0)
"l:PIO:PIOc_initdecomp"                                       -         24       24 2.400000e+01   2.901646e-02     0.001 (     0      0)     0.001 (    16      0)
"l:PIO:box_rearrange_create"                                  -         24       24 2.400000e+01   2.773230e-02     0.001 (    10      0)     0.001 (    22      0)
"l:PIO:pio_swapm"                                             -         24       24 2.640000e+02   1.950970e-01     0.010 (    11      0)     0.005 (     0      0)
"l:PIO:read_darray_3d_double"                                 -         24       24 1.920000e+02   2.123155e-01     0.011 (     0      0)     0.007 (    13      0)
"l:PIO:PIOc_read_darray"                                      -         24       24 1.920000e+02   2.120554e-01     0.011 (     0      0)     0.007 (    13      0)
"l:PIO:read_darray_nc"                                        -         24       24 1.920000e+02   8.716339e-03     0.005 (     0      0)     0.000 (     1      0)
"l:PIO:rearrange_io2comp"                                     -         24       24 1.920000e+02   1.834918e-01     0.010 (    11      0)     0.005 (     0      0)
"l:PIO:closefile"                                             -         24       24 2.400000e+01   1.183048e-03     0.000 (     0      0)     0.000 (     4      0)
"l:PIO:PIOc_closefile"                                        -         24       24 2.400000e+01   1.162997e-03     0.000 (     0      0)     0.000 (     4      0)
"l:surfalb"                                                   -         24       24 3.432000e+03   6.432598e+00     0.284 (     4      0)     0.253 (     7      0)
"l:urbsurfalb"                                                -         24       24 3.432000e+03   1.300283e+00     0.057 (     1      0)     0.052 (    15      0)
"CPL:OCNT_RUN"                                                -         24       24 3.432000e+03   3.854535e-01     0.029 (     0      0)     0.014 (    14      0)
"o:DOCN_RUN"                                                  -         24       24 3.432000e+03   2.886020e-01     0.014 (     0      0)     0.011 (    14      0)
"o:docn_run1"                                                 -         24       24 3.432000e+03   3.257247e-03     0.000 (     9      0)     0.000 (    23      0)
"o:docn"                                                      -         24       24 3.432000e+03   2.772047e-01     0.013 (    16      0)     0.011 (    14      0)
"o:docn_strdata_advance"                                      -         24       24 3.432000e+03   6.723983e-02     0.003 (    16      0)     0.002 (    14      0)
"o:docn_strd_adv_total"                                       -         24       24 3.432000e+03   6.302130e-02     0.003 (    16      0)     0.002 (    14      0)
"o:docn_strd_adv_readLBUB"                                    -         24       24 3.432000e+03   9.619165e-03     0.001 (     4      0)     0.000 (    14      0)
"o:docn_readLBUB_setup"                                       -         24       24 3.432000e+03   1.216540e-03     0.000 (    19      0)     0.000 (     0      0)
"o:docn_readLBUB_filemgt"                                     -         24       24 3.432000e+03   8.014166e-04     0.000 (     4      0)     0.000 (    11      0)
"o:docn_strd_adv_tint"                                        -         24       24 3.432000e+03   3.081291e-02     0.002 (    16      0)     0.001 (    14      0)
"o:docn_scatter"                                              -         24       24 3.432000e+03   1.237889e-01     0.006 (    16      0)     0.005 (     0      0)
"o:docn_datamode"                                             -         24       24 3.432000e+03   1.555450e-02     0.001 (    13      0)     0.001 (     6      0)
"o:docn_run2"                                                 -         24       24 3.432000e+03   1.441627e-03     0.001 (     0      0)     0.000 (    10      0)
"CPL:O2CT"                                                    -         24       24 3.432000e+03   1.209691e+01     1.056 (    10      0)     0.016 (     0      0)
"CPL:o2c_ocno2ocnx"                                           -         24       24 3.432000e+03   8.446265e-02     0.004 (    22      0)     0.003 (     7      0)
"CPL:o2c_infoexch"                                            -         24       24 3.432000e+03   1.200679e+01     1.052 (    10      0)     0.012 (     0      0)
"CPL:OCNPOSTT"                                                -         24       24 3.432000e+03   2.206738e-03     0.000 (    17      0)     0.000 (    10      0)
"CPL:RUN_LOOP_sync1_tprf"                                     -         24       24 7.200000e+01   1.165116e-01     0.013 (     1      0)     0.000 (     0      0)
"CPL:RUN_LOOP_t_prf"                                          -         24       24 7.200000e+01   9.618115e-01     0.332 (     0      0)     0.001 (     5      0)
"CPL:RUN_LOOP_sync2_tprf"                                     -         24       24 7.200000e+01   6.996885e+00     0.331 (     5      0)     0.000 (     0      0)
"CPL:RUN_LOOP_BSTOP"                                          -         24       24 2.400000e+01   1.490696e-04     0.000 (    13      0)     0.000 (    12      0)
"CPL:FINAL"                                                   -         24       24 2.400000e+01   3.510327e+00     0.148 (     0      0)     0.146 (    12      0)
"CPL:cime_final"                                              -         24       24 2.400000e+01   3.510298e+00     0.148 (     0      0)     0.146 (    12      0)
"o_f:DOCN_FINAL"                                              -         24       24 2.400000e+01   1.261198e-04     0.000 (    23      0)     0.000 (    12      0)
"a_f:EAMxx::finalize"                                         y         24       24 2.400000e+01   2.282990e+00     0.105 (    22      0)     0.088 (    20      0)
"a_f:PIO:PIOc_sync"                                           -         24       24 2.400000e+01   4.761955e-04     0.000 (     0      0)     0.000 (    17      0)
"a_f:PIO:write_total"                                         -         24       24 4.800000e+01   2.640811e-03     0.002 (    12      0)     0.000 (    17      0)
"a_f:PIO:flush_output_buffer"                                 -          2        2 4.000000e+00   2.218961e-04     0.000 (     0      0)     0.000 (    12      0)
"a_f:PIO:PIOc_closefile"                                      -         24       24 4.800000e+01   1.141534e-02     0.008 (    12      0)     0.000 (    21      0)
"a_f:PIO:PIOc_closefile_write_mode"                           -         24       24 2.400000e+01   2.201774e-03     0.002 (    12      0)     0.000 (    19      0)
"a_f:PIO:PIOc_freedecomp"                                     -         24       24 2.400000e+02   2.416899e-03     0.001 (     0      0)     0.000 (     8      0)
"PIO:finalize"                                                -         24       24 2.400000e+02   3.026081e-01     0.037 (     0      0)     0.001 (    22      0)
"PIO:PIOc_finalize"                                           -         24       24 2.400000e+02   3.002267e-01     0.037 (     0      0)     0.001 (    22      0)
"CPL:FINAL_sync1_tprf"                                        -         24       24 2.400000e+01   4.296612e-02     0.002 (    21      0)     0.000 (     0      0)
"CPL:FINAL_t_prf"                                             y          0        0 0.000000e+00   0.000000e+00     0.000 (     0      0)     0.000 (     0      0)

