
***** GLOBAL STATISTICS (  8192 MPI TASKS) *****

$Id: gptl.c,v 1.157 2011-03-28 20:55:18 rosinski Exp $
'count' is cumulative. All other stats are max/min
'on' indicates whether the timer was active during output, and so stats are lower or upper bounds.

name                                                         on  processes  threads        count      walltotal   wallmax (proc   thrd  )   wallmin (proc   thrd  )
"CPL:INIT"                                                    -       8192     8192 8.192000e+03   1.937378e+06   237.666 (  2352      0)   235.535 (  7512      0)
"CPL:cime_pre_init1"                                          -       8192     8192 8.192000e+03   4.314754e+04     6.437 (  2355      0)     4.306 (  7517      0)
"CPL:mpi_init"                                                -       8192     8192 8.192000e+03   3.721901e+04     5.716 (  2352      0)     3.584 (  7512      0)
"CPL:ESMF_Initialize"                                         -       8192     8192 8.192000e+03   3.923924e-01     0.001 (  7163      0)     0.000 (    23      0)
"CPL:cime_pre_init2"                                          -       8192     8192 8.192000e+03   1.186352e+04     1.493 (  1642      0)     1.413 (   187      0)
"CPL:seq_infodata_init"                                       -       8192     8192 8.192000e+03   2.929749e+03     1.215 (  1657      0)     0.001 (  6263      0)
"CPL:seq_timemgr_clockInit"                                   -       8192     8192 8.192000e+03   2.584072e+02     0.037 (  5548      0)     0.000 (  3984      0)
"CPL:cime_init"                                               -       8192     8192 8.192000e+03   1.882367e+06   229.816 (   130      0)   229.738 (  1616      0)
"CPL:init_comps"                                              -       8192     8192 8.192000e+03   1.881852e+06   229.753 (   129      0)   229.675 (  1641      0)
"CPL:comp_init_pre_all"                                       -       8192     8192 8.192000e+03   3.563065e-01     0.001 (   375      0)     0.000 (  6965      0)
"CPL:comp_init_cc_atm"                                        -       8192     8192 8.192000e+03   6.637263e+05    81.056 (   169      0)    80.978 (  1620      0)
"a_i:comp_init"                                               -       8192     8192 1.638400e+04   6.636542e+05    81.056 (    24      0)    80.968 (  1620      0)
"a_i:EAMxx::init"                                             -       8192     8192 5.734400e+04   6.469596e+05    79.253 (  3040      0)    78.241 (  2834      0)
"a_i:EAMxx::create_output_managers"                           -       8192     8192 8.192000e+03   4.679704e+00     0.002 (  7148      0)     0.000 (  1883      0)
"a_i:EAMxx::create_atm_processes"                             -       8192     8192 8.192000e+03   6.145229e+03     0.984 (  2572      0)     0.065 (  2834      0)
"a_i:EAMxx::create_grids"                                     -       8192     8192 8.192000e+03   8.199151e+04    10.076 (     0      0)     9.969 (  3813      0)
"a_i:EAMxx::build_grids"                                      -       8192     8192 8.192000e+03   7.032180e+04     8.602 (  7717      0)     8.581 (  1815      0)
"a_i:PartitioningTime"                                        -       8192     8192 8.192000e+03   1.994550e-03     0.000 (  1810      0)     0.000 (  6459      0)
"a_i:repro_sum_int"                                           -       8192     8192 8.192000e+03   1.920609e+03     0.266 (  2407      0)     0.000 (  6608      0)
"a_i:PIO:spio_get_att_tc"                                     -       8192     8192 8.929280e+05   4.989137e+01     0.007 (  3280      0)     0.005 (  6071      0)
"a_i:PIO:spio_get_vars_tc"                                    -       8192     8192 1.638400e+05   6.053962e+03     0.809 (  6063      0)     0.655 (     0      0)
"a_i:PIO:PIOc_closefile"                                      -       8192     8192 1.064960e+05   1.139893e+03     3.073 (   672      0)     0.000 (  6791      0)
"a_i:EAMxx::SurfaceCouplingImporter::set_grids"               -       8192     8192 8.192000e+03   1.554128e+00     0.004 (  5680      0)     0.000 (  3343      0)
"a_i:EAMxx::homme::set_grids"                                 -       8192     8192 8.192000e+03   2.955418e+03     0.470 (  7767      0)     0.246 (  7717      0)
"a_i:EAMxx::physics::set_grids"                               -       8192     8192 8.192000e+03   8.400205e+03     1.137 (  7232      0)     0.916 (  1300      0)
"a_i:EAMxx::mac_aero_mic::set_grids"                          -       8192     8192 8.192000e+03   3.496795e+03     0.536 (  6716      0)     0.319 (  7764      0)
"a_i:EAMxx::tms::set_grids"                                   -       8192     8192 8.192000e+03   2.693769e+01     0.004 (  7065      0)     0.003 (  1501      0)
"a_i:EAMxx::shoc::set_grids"                                  -       8192     8192 8.192000e+03   3.196667e+00     0.008 (  1754      0)     0.000 (  3251      0)
"a_i:EAMxx::cld_fraction::set_grids"                          -       8192     8192 8.192000e+03   8.092500e-01     0.004 (  1754      0)     0.000 (   227      0)
"a_i:EAMxx::spa::set_grids"                                   -       8192     8192 8.192000e+03   3.460564e+03     0.528 (  5944      0)     0.314 (  7764      0)
"a_i:EAMxx::p3::set_grids"                                    -       8192     8192 8.192000e+03   4.788189e+00     0.016 (  6857      0)     0.000 (  2685      0)
"a_i:EAMxx::rrtmgp::set_grids"                                -       8192     8192 8.192000e+03   4.902811e+03     0.612 (  3083      0)     0.579 (  6857      0)
"a_i:EAMxx::SurfaceCouplingExporter::set_grids"               -       8192     8192 8.192000e+03   1.451827e+01     0.029 (  5235      0)     0.002 (  3033      0)
"a_i:EAMxx::create_fields"                                    -       8192     8192 8.192000e+03   1.645102e+03     0.236 (  4001      0)     0.192 (  6601      0)
"a_i:EAMxx::initialize_fields"                                -       8192     8192 8.192000e+03   2.336084e+05    28.556 (  4944      0)    28.442 (   929      0)
"a_i:PIO:PIOc_initdecomp"                                     -       8192     8192 1.064960e+05   5.481456e+04     6.693 (  2617      0)     6.690 (  4527      0)
"a_i:PIO:box_rearrange_create"                                -       8192     8192 1.064960e+05   5.469033e+04     6.677 (  4804      0)     6.676 (  6062      0)
"a_i:PIO:pio_swapm"                                           -       8192     8192 4.997120e+05   1.115129e+05    24.928 (   477      0)     1.170 (  3072      0)
"a_i:PIO:PIOc_read_darray"                                    -       8192     8192 1.802240e+05   1.506337e+05    19.777 (  2979      0)    16.382 (   457      0)
"a_i:PIO:read_darray_nc"                                      -       8192     8192 1.802240e+05   1.063265e+04    19.570 (     0      0)     0.000 (  4537      0)
"a_i:PIO:rearrange_io2comp"                                   -       8192     8192 1.802240e+05   8.636084e+04    19.430 (  5691      0)     0.094 (  2048      0)
"a_i:EAMxx::initialize_atm_procs"                             -       8192     8192 8.192000e+03   3.199732e+05    39.204 (   554      0)    38.861 (  1456      0)
"a_i:EAMxx::SurfaceCouplingImporter::init"                    -       8192     8192 8.192000e+03   1.499140e+00     0.002 (  4406      0)     0.000 (  2168      0)
"a_i:EAMxx::homme::init"                                      -       8192     8192 8.192000e+03   2.025144e+05    24.840 (   565      0)    24.553 (  3872      0)
"a_i:compose_init"                                            -       8192     8192 8.192000e+03   8.476115e+02     0.229 (   409      0)     0.021 (  6448      0)
"a_i:sl_init1"                                                -       8192     8192 8.192000e+03   3.185645e+03     0.763 (  3069      0)     0.324 (  1425      0)
"a_i:EAMxx::tms::init"                                        -       8192     8192 8.192000e+03   6.819432e-02     0.000 (   378      0)     0.000 (  3944      0)
"a_i:EAMxx::shoc::init"                                       -       8192     8192 8.192000e+03   6.349848e+01     0.032 (  7891      0)     0.004 (  5297      0)
"a_i:EAMxx::cld_fraction::init"                               -       8192     8192 8.192000e+03   2.395572e-01     0.000 (  6129      0)     0.000 (  3506      0)
"a_i:EAMxx::spa::init"                                        -       8192     8192 8.192000e+03   1.140563e+05    14.059 (  5874      0)    13.860 (  7976      0)
"a_i:EAMxx::p3::init"                                         -       8192     8192 8.192000e+03   1.009286e+03     0.217 (  4211      0)     0.050 (     4      0)
"a_i:EAMxx::rrtmgp::init"                                     -       8192     8192 8.192000e+03   2.143337e+03     0.442 (  6286      0)     0.150 (  2105      0)
"a_i:EAMxx::SurfaceCouplingExporter::init"                    -       8192     8192 8.192000e+03   5.673338e+00     0.001 (  4801      0)     0.001 (   226      0)
"a_i:EAMxx::initialize_output_managers"                       -       8192     8192 8.192000e+03   3.591363e+03     0.447 (  3416      0)     0.437 (  7959      0)
"a_i:EAMxx::IO::standard"                                     -       8192     8192 8.192000e+03   1.823110e+03     0.316 (  2848      0)     0.157 (  3895      0)
"a_i:EAMxx::IO::nooutput.yaml"                                -       8192     8192 8.192000e+03   1.823097e+03     0.316 (  2848      0)     0.157 (  3895      0)
"a_i:EAMxx::IO::standard::get_new_file"                       -       8192     8192 8.192000e+03   1.813331e+03     0.315 (  2854      0)     0.157 (  3895      0)
"a_i:PIO:PIOc_createfile"                                     -       8192     8192 8.192000e+03   1.791067e+03     0.313 (  2854      0)     0.155 (  3895      0)
"a_i:PIO:write_total"                                         -       8192     8192 2.703360e+05   1.803105e+03     0.313 (  2848      0)     0.155 (  3895      0)
"a_i:PIO:spio_put_att_tc"                                     -       8192     8192 2.457600e+05   7.593025e-01     0.000 (  2728      0)     0.000 (  7801      0)
"a_i:PIO:spio_put_vars_tc"                                    -       8192     8192 8.192000e+03   1.943163e+00     0.001 (  1560      0)     0.000 (  2335      0)
"a_i:PIO:flush_output_buffer"                                 -       1024     1024 2.048000e+03   9.605557e+00     0.010 (  3416      0)     0.009 (  7128      0)
"a_i:EAMxx::IO::standard::run_output_streams"                 -       8192     8192 8.192000e+03   1.770366e-03     0.000 (  1565      0)     0.000 (    42      0)
"a_i:EAMxx::IO::standard::update_snapshot_tally"              -       8192     8192 8.192000e+03   9.732582e+00     0.009 (  8168      0)     0.000 (  2555      0)
"a_i:PIO:PIOc_sync"                                           -       8192     8192 8.192000e+03   9.331685e+00     0.009 (  8168      0)     0.000 (  3301      0)
"CPL:comp_init_cc_lnd"                                        -       8192     8192 8.192000e+03   6.528421e+05    79.694 (  1110      0)    79.688 (     1      0)
"l_i:comp_init"                                               -       8192     8192 8.192000e+03   6.527843e+05    79.693 (  1104      0)    79.683 (  4111      0)
"l_i:elm_init1"                                               -       8192     8192 8.192000e+03   1.575213e+05    19.295 (     2      0)    19.161 (  6298      0)
"l_i:PIO:openfile"                                            -       8192     8192 1.884160e+05   1.372340e+05    17.639 (    65      0)    16.108 (  2323      0)
"l_i:PIO:pio_inq_dimid_file_dimid"                            -       8192     8192 5.079040e+05   1.509485e+01     0.003 (  2163      0)     0.001 (   370      0)
"l_i:PIO:pio_inq_dimlen_file_dimid"                           -       8192     8192 2.949120e+06   6.566252e+01     0.013 (  4096      0)     0.005 (   542      0)
"l_i:PIO:pio_inq_dimlen_file_dimid_offlen"                    -       8192     8192 2.949120e+06   6.387151e+01     0.013 (  4096      0)     0.004 (   542      0)
"l_i:PIO:pio_inq_varid_file_vdesc"                            -       8192     8192 3.801088e+06   3.095235e+03     1.169 (  8169      0)     0.015 (     0      0)
"l_i:PIO:pio_inq_varid_file_vid"                              -       8192     8192 3.801088e+06   3.093170e+03     1.169 (  8169      0)     0.015 (     0      0)
"l_i:PIO:get_var_1d_int"                                      -       8192     8192 4.915200e+04   3.313065e+03     0.431 (  8178      0)     0.386 (   650      0)
"l_i:PIO:spio_get_vars_tc"                                    -       8192     8192 1.630208e+06   3.751477e+04     5.021 (   499      0)     4.058 (  1128      0)
"l_i:PIO:closefile"                                           -       8192     8192 1.638400e+05   4.381367e+02     0.764 (  6144      0)     0.001 (  8105      0)
"l_i:PIO:PIOc_closefile"                                      -       8192     8192 1.638400e+05   4.379337e+02     0.764 (  6144      0)     0.001 (  8105      0)
"l_i:PIO:pio_inq_varndims_file_vdesc"                         -       8192     8192 1.810432e+06   9.934367e+01     0.017 (  2049      0)     0.005 (   271      0)
"l_i:PIO:pio_inq_varndims_file_vid"                           -       8192     8192 1.810432e+06   9.824395e+01     0.017 (  2050      0)     0.004 (   271      0)
"l_i:PIO:pio_inq_vardimid_file_vdesc"                         -       8192     8192 1.810432e+06   1.780675e+02     0.031 (  6164      0)     0.010 (   271      0)
"l_i:PIO:pio_inq_vardimid_file_vid"                           -       8192     8192 1.810432e+06   1.770074e+02     0.031 (  6164      0)     0.009 (   271      0)
"l_i:PIO:pio_inq_dimname_file_dimid"                          -       8192     8192 6.512640e+06   2.031917e+02     0.034 (     6      0)     0.014 (   543      0)
"l_i:PIO:initdecomp"                                          -       8192     8192 2.129920e+05   2.305173e+04     2.875 (     9      0)     2.734 (  3079      0)
"l_i:PIO:PIOc_initdecomp"                                     -       8192     8192 2.129920e+05   2.303540e+04     2.874 (     9      0)     2.731 (  3079      0)
"l_i:PIO:box_rearrange_create"                                -       8192     8192 2.129920e+05   2.205250e+04     2.693 (   133      0)     2.685 (  3073      0)
"l_i:PIO:pio_swapm"                                           -       8192     8192 2.433024e+06   3.636055e+05    47.429 (   110      0)     5.954 (  8064      0)
"l_i:PIO:read_darray_1d_double"                               -       8192     8192 6.717440e+05   6.686513e+04     8.258 (    95      0)     7.774 (  8169      0)
"l_i:PIO:PIOc_read_darray"                                    -       8192     8192 1.794048e+06   3.731569e+05    45.831 (  7423      0)    44.659 (  8169      0)
"l_i:PIO:read_darray_nc"                                      -       8192     8192 1.794048e+06   2.201905e+04    41.065 (  6144      0)     0.000 (   350      0)
"l_i:PIO:rearrange_io2comp"                                   -       8192     8192 1.794048e+06   3.506489e+05    45.784 (  7423      0)     4.499 (  8064      0)
"l_i:PIO:pio_inquire_file"                                    -       8192     8192 2.359296e+06   5.124480e+01     0.008 (  7158      0)     0.003 (    95      0)
"l_i:PIO:pio_inq_ndims_file"                                  -       8192     8192 2.359296e+06   5.006184e+01     0.008 (  7158      0)     0.003 (    95      0)
"l_i:PIO:read_darray_1d_int"                                  -       8192     8192 5.734400e+04   4.441093e+03     0.559 (  4856      0)     0.503 (  8169      0)
"l_i:PIO:read_darray_3d_double"                               -       8192     8192 1.474560e+05   1.844339e+04     2.255 (   792      0)     2.247 (  7118      0)
"l_i:PIO:read_darray_3d_int"                                  -       8192     8192 8.192000e+03   2.568412e+03     0.314 (  5832      0)     0.312 (   689      0)
"l_i:PIO:read_darray_4d_double"                               -       8192     8192 1.146880e+05   3.234160e+04     3.951 (  1496      0)     3.945 (  7677      0)
"l_i:PIO:get_var_1d_text"                                     -       8192     8192 1.638400e+04   9.459920e+03     1.357 (  2325      0)     0.759 (     1      0)
"l_i:PIO:get_var_1d_double"                                   -       8192     8192 1.179648e+06   3.972792e+02     0.068 (     1      0)     0.023 (  1213      0)
"l_i:PIO:get_var_0d_double"                                   -       8192     8192 8.192000e+04   4.731643e+03     0.718 (  7532      0)     0.451 (  3477      0)
"l_i:PIO:read_darray_2d_double"                               -       8192     8192 7.618560e+05   2.453513e+05    30.131 (  7784      0)    29.516 (  8169      0)
"l_i:PIO:read_darray_2d_int"                                  -       8192     8192 3.276800e+04   3.150482e+03     0.403 (   376      0)     0.206 (  1369      0)
"l_i:gather_1darray_int_total"                                -       8192     8192 4.096000e+04   1.659989e+03     0.996 (     0      0)     0.128 (     7      0)
"l_i:scatter_1darray_int_total"                               -       8192     8192 4.096000e+04   1.213636e+04     1.554 (    16      0)     0.610 (     0      0)
"l_i:init_filters"                                            -       8192     8192 8.192000e+03   1.124522e+00     0.002 (   372      0)     0.000 (  1911      0)
"l_i:elm_init2"                                               -       8192     8192 8.192000e+03   4.930739e+05    60.198 (   424      0)    60.187 (  1897      0)
"l_i:init_orbd"                                               -       8192     8192 8.192000e+03   2.104116e-01     0.001 (  1809      0)     0.000 (  1986      0)
"l_i:PIO:get_var_0d_int"                                      -       8192     8192 1.720320e+05   9.688895e+03     1.423 (  1368      0)     1.062 (  7783      0)
"l_i:PIO:get_var_2d_double"                                   -       8192     8192 9.830400e+04   5.143743e+03     0.750 (     0      0)     0.528 (  5524      0)
"l_i:PIO:get_var_3d_double"                                   -       8192     8192 3.276800e+04   5.141933e+03     0.740 (   326      0)     0.604 (   969      0)
"l_i:init_accflds"                                            -       8192     8192 8.192000e+03   2.792382e+00     0.001 (  5088      0)     0.000 (  2377      0)
"l_i:init_dyn_subgrid"                                        -       8192     8192 8.192000e+03   1.671405e+01     0.003 (   377      0)     0.002 (  3620      0)
"l_i:subgridRest_write-read"                                  -       8192     8192 8.192000e+03   2.458356e+04     3.004 (  4863      0)     2.996 (  6113      0)
"l_i:init_map2gc"                                             -       8192     8192 8.192000e+03   6.047183e+00     0.002 (  3369      0)     0.001 (  4588      0)
"l_i:init_elm_interface_data & pflotran"                      -       8192     8192 8.192000e+03   4.098450e-04     0.000 (   620      0)     0.000 (     7      0)
"l_i:init_wlog"                                               -       8192     8192 8.192000e+03   4.682610e-04     0.000 (     0      0)     0.000 (   386      0)
"l_i:elm_init3"                                               -       8192     8192 8.192000e+03   4.586286e-02     0.000 (  3721      0)     0.000 (   888      0)
"CPL:comp_init_cc_rof"                                        -       8192     8192 8.192000e+03   2.766228e+00     0.001 (  3246      0)     0.000 (  3543      0)
"r_i:comp_init"                                               -       8192     8192 8.192000e+03   3.470275e-01     0.000 (  5327      0)     0.000 (  6926      0)
"CPL:comp_init_cc_ocn"                                        -       8192     8192 8.192000e+03   2.700562e+05    32.970 (     6      0)    32.964 (   447      0)
"o_i:comp_init"                                               -       8192     8192 8.192000e+03   2.700513e+05    32.970 (   128      0)    32.963 (   504      0)
"o_i:docn_readnml"                                            -       8192     8192 8.192000e+03   1.170446e+03     0.147 (   135      0)     0.141 (  6952      0)
"o_i:DOCN_INIT"                                               -       8192     8192 8.192000e+03   2.688803e+05    32.823 (  6309      0)    32.821 (  7055      0)
"o_i:docn_strdata_init"                                       -       8192     8192 8.192000e+03   2.535275e+05    30.949 (  4470      0)    30.947 (  7052      0)
"o_i:PIO:initdecomp"                                          -       8192     8192 2.457600e+04   9.931647e+02     0.122 (  5306      0)     0.118 (     0      0)
"o_i:PIO:PIOc_initdecomp"                                     -       8192     8192 2.457600e+04   9.931070e+02     0.122 (  5306      0)     0.118 (     0      0)
"o_i:PIO:box_rearrange_create"                                -       8192     8192 2.457600e+04   9.275421e+02     0.114 (  5351      0)     0.113 (  8150      0)
"o_i:PIO:pio_swapm"                                           -       8192     8192 9.011200e+04   9.687816e+02     0.121 (     6      0)     0.107 (  3400      0)
"o_i:docn_initgsmaps"                                         -       8192     8192 8.192000e+03   7.958519e+00     0.002 (  6901      0)     0.001 (   127      0)
"o_i:docn_initmctdom"                                         -       8192     8192 8.192000e+03   9.722330e-01     0.001 (   693      0)     0.000 (  6894      0)
"o_i:docn_initmctavs"                                         -       8192     8192 8.192000e+03   1.170365e+00     0.001 (  2944      0)     0.000 (  5724      0)
"o_i:DOCN_RUN"                                                -       8192     8192 8.192000e+03   1.534248e+04     1.874 (   369      0)     1.872 (  6706      0)
"o_i:docn_run1"                                               -       8192     8192 8.192000e+03   9.795398e-03     0.000 (  1808      0)     0.000 (  5415      0)
"o_i:docn"                                                    -       8192     8192 8.192000e+03   1.534242e+04     1.874 (   369      0)     1.872 (  6706      0)
"o_i:docn_strdata_advance"                                    -       8192     8192 8.192000e+03   1.534148e+04     1.873 (  4025      0)     1.872 (  6706      0)
"o_i:docn_strd_adv_total"                                     -       8192     8192 8.192000e+03   1.534142e+04     1.873 (  4025      0)     1.872 (  6706      0)
"o_i:docn_strd_adv_readLBUB"                                  -       8192     8192 8.192000e+03   1.532662e+04     1.872 (  4521      0)     1.869 (  1165      0)
"o_i:docn_readLBUB_setup"                                     -       8192     8192 8.192000e+03   2.046125e-03     0.000 (   688      0)     0.000 (  5081      0)
"o_i:docn_readLBUB_fbound"                                    -       8192     8192 8.192000e+03   1.172854e+00     1.171 (     0      0)     0.000 (   723      0)
"o_i:docn_readLBUB_bcast"                                     -       8192     8192 8.192000e+03   9.599090e+03     1.173 (  3579      0)     0.000 (     0      0)
"o_i:docn_readLBUB_LB_setup"                                  -       8192     8192 8.192000e+03   2.802137e-03     0.000 (     0      0)     0.000 (  1031      0)
"o_i:docn_readLBUB_LB_readpio"                                -       8192     8192 8.192000e+03   5.675537e+03     0.694 (  2048      0)     0.691 (   876      0)
"o_i:PIO:openfile"                                            -       8192     8192 8.192000e+03   5.612494e+03     0.686 (  1797      0)     0.677 (  1501      0)
"o_i:PIO:pio_inq_varid_file_vdesc"                            -       8192     8192 3.276800e+04   1.674421e+00     0.000 (  4777      0)     0.000 (  2523      0)
"o_i:PIO:pio_inq_varid_file_vid"                              -       8192     8192 3.276800e+04   1.651990e+00     0.000 (  4777      0)     0.000 (  2523      0)
"o_i:PIO:pio_inq_varndims_file_vdesc"                         -       8192     8192 1.638400e+04   1.029745e+00     0.000 (  6344      0)     0.000 (  2523      0)
"o_i:PIO:pio_inq_varndims_file_vid"                           -       8192     8192 1.638400e+04   1.016047e+00     0.000 (  6344      0)     0.000 (  2523      0)
"o_i:PIO:pio_inq_vardimid_file_vdesc"                         -       8192     8192 1.638400e+04   1.973567e+00     0.001 (  5534      0)     0.000 (   981      0)
"o_i:PIO:pio_inq_vardimid_file_vid"                           -       8192     8192 1.638400e+04   1.959861e+00     0.001 (  5535      0)     0.000 (   981      0)
"o_i:PIO:pio_inq_dimlen_file_dimid"                           -       8192     8192 4.915200e+04   1.318450e+00     0.000 (  5915      0)     0.000 (  5534      0)
"o_i:PIO:pio_inq_dimlen_file_dimid_offlen"                    -       8192     8192 4.915200e+04   1.285963e+00     0.000 (  5915      0)     0.000 (  5534      0)
"o_i:PIO:pio_inq_vartype_file_vdesc"                          -       8192     8192 1.638400e+04   9.694645e-01     0.000 (  3819      0)     0.000 (  5535      0)
"o_i:PIO:pio_inq_vartype_file_vid"                            -       8192     8192 1.638400e+04   9.575916e-01     0.000 (  3819      0)     0.000 (  5535      0)
"o_i:PIO:read_darray_1d_real"                                 -       8192     8192 1.638400e+04   9.806768e+01     0.013 (     0      0)     0.009 (  1499      0)
"o_i:PIO:PIOc_read_darray"                                    -       8192     8192 1.638400e+04   9.802999e+01     0.013 (     0      0)     0.009 (  1499      0)
"o_i:PIO:read_darray_nc"                                      -       8192     8192 1.638400e+04   1.097818e+01     0.013 (     0      0)     0.000 (   215      0)
"o_i:PIO:rearrange_io2comp"                                   -       8192     8192 1.638400e+04   8.410543e+01     0.013 (    10      0)     0.000 (  3472      0)
"o_i:docn_readLBUB_UB_setup"                                  -       8192     8192 8.192000e+03   3.236938e-03     0.000 (  6938      0)     0.000 (  4533      0)
"o_i:docn_readLBUB_UB_readpio"                                -       8192     8192 8.192000e+03   5.017276e+01     0.007 (   913      0)     0.006 (  2905      0)
"o_i:docn_readLBUB_filemgt"                                   -       8192     8192 8.192000e+03   1.549713e-03     0.000 (  6263      0)     0.000 (   728      0)
"o_i:docn_strd_adv_fill"                                      -       8192     8192 8.192000e+03   7.825576e-01     0.000 (  2901      0)     0.000 (  2878      0)
"o_i:docn_strd_adv_map"                                       -       8192     8192 8.192000e+03   1.374816e+01     0.003 (  1300      0)     0.001 (  3368      0)
"o_i:docn_strd_adv_tint"                                      -       8192     8192 8.192000e+03   1.412456e-01     0.000 (  1499      0)     0.000 (  7832      0)
"o_i:docn_scatter"                                            -       8192     8192 8.192000e+03   6.751063e-01     0.000 (  2037      0)     0.000 (  2404      0)
"o_i:docn_datamode"                                           -       8192     8192 8.192000e+03   1.782515e-01     0.001 (  4523      0)     0.000 (  7743      0)
"o_i:docn_run2"                                               -       8192     8192 8.192000e+03   5.589090e-04     0.000 (     0      0)     0.000 (   109      0)
"CPL:comp_init_cc_ice"                                        -       8192     8192 8.192000e+03   2.937717e+05    35.861 (   513      0)    35.860 (  6047      0)
"i_i:comp_init"                                               -       8192     8192 8.192000e+03   2.937664e+05    35.861 (  1000      0)    35.860 (  3004      0)
"i_i:cice_init"                                               -       8192     8192 8.192000e+03   7.645946e+04     9.336 (   367      0)     9.332 (  3846      0)
"i_i:ice_HaloUpdate2DR8"                                      -       8192     8192 3.276800e+04   5.050773e+00     0.667 (     1      0)     0.000 (  6242      0)
"i_i:ice_HU2DR8_init"                                         -       8192     8192 3.276800e+04   7.676430e-03     0.000 (  7224      0)     0.000 (  7697      0)
"i_i:state_bound_h1"                                          -       8192     8192 8.192000e+03   1.371945e+00     0.002 (  3719      0)     0.000 (  5478      0)
"i_i:ice_HaloUpdate3DR8"                                      -       8192     8192 4.096000e+04   1.652636e+00     0.002 (   367      0)     0.000 (  5379      0)
"i_i:ice_HU3DR8_init"                                         -       8192     8192 4.096000e+04   2.829613e-02     0.000 (  6452      0)     0.000 (  5835      0)
"i_i:ice_HU3DR8_recvall"                                      -       8192     8192 4.096000e+04   1.245759e+00     0.002 (  3719      0)     0.000 (  6640      0)
"i_i:state_bound_hm"                                          -       8192     8192 8.192000e+03   8.367504e-02     0.000 (  6719      0)     0.000 (  6483      0)
"i_i:state_bound_hc"                                          -       8192     8192 8.192000e+03   7.280168e-03     0.000 (  3064      0)     0.000 (  5458      0)
"i_i:state_bound_h2"                                          -       8192     8192 8.192000e+03   4.899286e-01     0.001 (  6038      0)     0.000 (  1872      0)
"i_i:ice_HaloUpdate4DR8"                                      -       8192     8192 8.192000e+03   1.103254e-01     0.001 (  6038      0)     0.000 (  6575      0)
"i_i:ice_HU4DR8_init"                                         -       8192     8192 8.192000e+03   3.177079e-03     0.000 (  7624      0)     0.000 (  6513      0)
"i_i:ice_HU4DR8_recvall"                                      -       8192     8192 8.192000e+03   3.935918e-02     0.001 (  6038      0)     0.000 (  1600      0)
"i_i:state_bound_hd"                                          -       8192     8192 8.192000e+03   2.433992e-03     0.000 (  1792      0)     0.000 (   393      0)
"i_i:cice_mct_init"                                           -       8192     8192 8.192000e+03   2.173060e+05    26.527 (  4547      0)    26.524 (   369      0)
"i_i:PIO:initdecomp"                                          -       8192     8192 2.457600e+04   1.004057e+03     0.123 (  6590      0)     0.119 (     0      0)
"i_i:PIO:PIOc_initdecomp"                                     -       8192     8192 2.457600e+04   1.003993e+03     0.123 (  6590      0)     0.119 (     0      0)
"i_i:PIO:box_rearrange_create"                                -       8192     8192 2.457600e+04   9.340833e+02     0.114 (   288      0)     0.114 (  6646      0)
"i_i:PIO:pio_swapm"                                           -       8192     8192 7.372800e+04   8.945390e+02     0.110 (  2168      0)     0.109 (  7523      0)
"CPL:comp_init_cc_glc"                                        -       8192     8192 8.192000e+03   4.664927e+00     0.001 (  5231      0)     0.000 (  5758      0)
"g_i:comp_init"                                               -       8192     8192 8.192000e+03   6.163547e-03     0.000 (  2779      0)     0.000 (  5697      0)
"CPL:comp_init_cc_wav"                                        -       8192     8192 8.192000e+03   4.045084e+00     0.001 (  6875      0)     0.000 (  2363      0)
"w_i:comp_init"                                               -       8192     8192 8.192000e+03   3.060105e-03     0.000 (  5704      0)     0.000 (  1885      0)
"CPL:comp_init_cc_esp"                                        -       8192     8192 8.192000e+03   3.508353e+00     0.001 (  6750      0)     0.000 (  6875      0)
"e_i:comp_init"                                               -       8192     8192 8.192000e+03   3.266399e-03     0.000 (   177      0)     0.000 (  4577      0)
"CPL:comp_init_cc_iac"                                        -       8192     8192 8.192000e+03   4.000024e+00     0.001 (  1698      0)     0.000 (  6744      0)
"z_i:comp_init"                                               -       8192     8192 8.192000e+03   3.004803e-03     0.000 (  7448      0)     0.000 (   921      0)
"CPL:comp_init_cx_all"                                        -       8192     8192 8.192000e+03   1.435542e+03     0.176 (  4053      0)     0.175 (  2252      0)
"CPL:comp_list_all"                                           -       8192     8192 8.192000e+03   3.139146e-01     0.002 (  1502      0)     0.000 (  6353      0)
"CPL:init_maps"                                               -       8192     8192 8.192000e+03   1.724011e+02     0.025 (  6638      0)     0.020 (  1126      0)
"CPL:init_aream"                                              -       8192     8192 8.192000e+03   5.295231e+00     0.004 (  7213      0)     0.000 (  3744      0)
"CPL:init_domain_check"                                       -       8192     8192 8.192000e+03   1.367393e+02     0.017 (  4446      0)     0.013 (  3375      0)
"CPL:init_areacor"                                            -       8192     8192 8.192000e+03   6.370166e+01     0.008 (  8158      0)     0.008 (  4817      0)
"CPL:init_fracs"                                              -       8192     8192 8.192000e+03   1.197247e+01     0.005 (  4127      0)     0.001 (  5814      0)
"CPL:init_aoflux"                                             -       8192     8192 8.192000e+03   2.850244e+00     0.001 (  7053      0)     0.000 (  3571      0)
"CPL:init_atminit"                                            -       8192     8192 4.915200e+04   3.965104e+01     0.008 (  1479      0)     0.002 (     1      0)
"CPL:comp_init_cc_atm2"                                       -       8192     8192 8.192000e+03   5.097573e+01     0.009 (  8127      0)     0.003 (  1392      0)
"CPL:init_readrestart"                                        -       8192     8192 8.192000e+03   5.929945e-01     0.001 (  3373      0)     0.000 (  7081      0)
"CPL:cime_run_init"                                           -       8192     8192 8.192000e+03   9.806026e-01     0.003 (     0      0)     0.000 (  7879      0)
"CPL:INIT_sync1_tprf"                                         -       8192     8192 8.192000e+03   2.590916e+01     0.004 (  6689      0)     0.000 (     0      0)
"CPL:INIT_t_prf"                                              -       8192     8192 8.192000e+03   3.803966e+00     0.395 (     0      0)     0.000 (  8113      0)
"CPL:INIT_sync2_tprf"                                         -       8192     8192 8.192000e+03   3.235396e+03     0.395 (  2561      0)     0.000 (     0      0)
"CPL:RUN_LOOP_BSTART"                                         -       8192     8192 8.192000e+03   2.174711e+00     0.001 (   248      0)     0.000 (  4527      0)
"CPL:RUN_LOOP"                                                -       8192     8192 3.538944e+06   3.698416e+06   451.469 (  7357      0)   451.466 (  3872      0)
"CPL:CLOCK_ADVANCE"                                           -       8192     8192 3.538944e+06   2.360150e+02     0.033 (  3256      0)     0.027 (  5291      0)
"CPL:RUN"                                                     -       8192     8192 4.245914e+07   7.360771e+04    14.081 (  6272      0)     3.437 (  4506      0)
"CPL:OCNPRE1"                                                 -       8192     8192 3.538944e+06   3.925819e+03     4.318 (  1349      0)     0.181 (  5669      0)
"CPL:ocnpre1_atm2ocn"                                         -       8192     8192 3.538944e+06   3.921578e+03     4.318 (  1349      0)     0.180 (  5669      0)
"CPL:LNDPREP"                                                 -       8192     8192 3.538944e+06   6.891371e+02     0.243 (  7880      0)     0.030 (  3668      0)
"CPL:lndprep_atm2lnd"                                         -       8192     8192 3.538944e+06   4.994732e+02     0.222 (  7880      0)     0.026 (  3668      0)
"CPL:lndprep_mrgx2l"                                          -       8192     8192 3.538944e+06   1.826217e+02     0.082 (   906      0)     0.002 (  3567      0)
"CPL:COMM"                                                    -       8192     8192 2.476442e+07   1.373217e+05    35.942 (  4416      0)     3.946 (  1002      0)
"CPL:C2L"                                                     -       8192     8192 3.538944e+06   1.299497e+03     0.242 (  3763      0)     0.068 (  7880      0)
"CPL:c2l_lndx2lndl"                                           -       8192     8192 3.538944e+06   8.276699e+02     0.218 (  3745      0)     0.049 (  7884      0)
"CPL:c2l_infoexch"                                            -       8192     8192 3.538944e+06   4.660590e+02     0.115 (  7883      0)     0.008 (  3738      0)
"CPL:ICEPREP"                                                 -       8192     8192 3.538944e+06   1.306799e+03     0.278 (  3211      0)     0.142 (  3922      0)
"CPL:iceprep_ocn2ice"                                         -       8192     8192 3.538944e+06   1.290149e+02     0.021 (  5898      0)     0.014 (  5899      0)
"CPL:iceprep_atm2ice"                                         -       8192     8192 3.538944e+06   2.708789e+02     0.043 (  7751      0)     0.028 (  3922      0)
"CPL:iceprep_mrgx2i"                                          -       8192     8192 3.538944e+06   8.899071e+02     0.226 (  3211      0)     0.095 (   760      0)
"CPL:C2I"                                                     -       8192     8192 3.538944e+06   5.575281e+02     0.156 (  6558      0)     0.043 (  3751      0)
"CPL:c2i_icex2icei"                                           -       8192     8192 3.538944e+06   2.668275e+02     0.043 (  7386      0)     0.027 (  7429      0)
"CPL:ice_infoexch"                                            -       8192     8192 3.538944e+06   2.845682e+02     0.125 (  6558      0)     0.010 (  3738      0)
"CPL:ICE_RUN"                                                 -       8192     8192 3.538944e+06   2.481664e+04     4.584 (  5835      0)     2.753 (   907      0)
"i:cice_run_total"                                            -       8192     8192 3.538944e+06   2.373106e+04     4.449 (  5835      0)     2.621 (   907      0)
"i:cice_run_import"                                           -       8192     8192 3.538944e+06   1.719661e+03     0.257 (    54      0)     0.195 (  5042      0)
"i:cice_imp_ocn"                                              -       8192     8192 3.538944e+06   3.205621e+02     0.041 (   230      0)     0.038 (  4404      0)
"i:cice_imp_atm"                                              -       8192     8192 3.538944e+06   3.871740e+02     0.050 (  2591      0)     0.045 (  4419      0)
"i:cice_run_initmd"                                           -       8192     8192 3.538944e+06   8.556509e+03     1.096 (     0      0)     0.905 (  6559      0)
"i:cice_run_presc"                                            -       8192     8192 3.538944e+06   3.862103e+03     0.492 (  5772      0)     0.443 (  2660      0)
"i:cice_pice_strd_adv_total"                                  -       8192     8192 3.538944e+06   2.638683e+03     0.324 (  6153      0)     0.319 (  2676      0)
"i:cice_pice_strd_adv_readLBUB"                               -       8192     8192 3.538944e+06   2.531077e+03     0.312 (  5120      0)     0.307 (  7662      0)
"i:cice_pice_readLBUB_setup"                                  -       8192     8192 3.538944e+06   1.024698e+00     0.000 (  2112      0)     0.000 (  3371      0)
"i:cice_pice_readLBUB_fbound"                                 -       8192     8192 1.638400e+04   1.429134e-01     0.141 (     0      0)     0.000 (  1320      0)
"i:cice_pice_readLBUB_bcast"                                  -       8192     8192 1.638400e+04   1.153359e+03     0.141 (  1270      0)     0.000 (     0      0)
"i:cice_pice_readLBUB_LB_setup"                               -       8192     8192 8.192000e+03   3.406887e-03     0.000 (     0      0)     0.000 (  4339      0)
"i:cice_pice_readLBUB_LB_readpio"                             -       8192     8192 8.192000e+03   1.255810e+03     0.154 (  7135      0)     0.153 (  7487      0)
"i:PIO:openfile"                                              -       8192     8192 8.192000e+03   1.197151e+03     0.148 (  2640      0)     0.146 (  4511      0)
"i:PIO:pio_inq_varid_file_vdesc"                              -       8192     8192 4.915200e+04   2.629226e+00     0.001 (  5642      0)     0.000 (   567      0)
"i:PIO:pio_inq_varid_file_vid"                                -       8192     8192 4.915200e+04   2.594623e+00     0.001 (  5642      0)     0.000 (   567      0)
"i:PIO:pio_inq_varndims_file_vdesc"                           -       8192     8192 2.457600e+04   1.465447e+00     0.000 (  2893      0)     0.000 (   458      0)
"i:PIO:pio_inq_varndims_file_vid"                             -       8192     8192 2.457600e+04   1.446095e+00     0.000 (  2893      0)     0.000 (   458      0)
"i:PIO:pio_inq_vardimid_file_vdesc"                           -       8192     8192 2.457600e+04   3.220005e+00     0.001 (  7521      0)     0.000 (  7083      0)
"i:PIO:pio_inq_vardimid_file_vid"                             -       8192     8192 2.457600e+04   3.197395e+00     0.001 (  7521      0)     0.000 (  7083      0)
"i:PIO:pio_inq_dimlen_file_dimid"                             -       8192     8192 7.372800e+04   2.026043e+00     0.000 (  5531      0)     0.000 (   652      0)
"i:PIO:pio_inq_dimlen_file_dimid_offlen"                      -       8192     8192 7.372800e+04   1.975840e+00     0.000 (  5531      0)     0.000 (   652      0)
"i:PIO:pio_inq_vartype_file_vdesc"                            -       8192     8192 2.457600e+04   1.589992e+00     0.001 (   995      0)     0.000 (  3365      0)
"i:PIO:pio_inq_vartype_file_vid"                              -       8192     8192 2.457600e+04   1.572255e+00     0.001 (   995      0)     0.000 (  3365      0)
"i:PIO:read_darray_1d_real"                                   -       8192     8192 2.457600e+04   1.516581e+02     0.022 (  6144      0)     0.016 (  7699      0)
"i:PIO:PIOc_read_darray"                                      -       8192     8192 2.457600e+04   1.515876e+02     0.022 (  6144      0)     0.016 (  7699      0)
"i:PIO:read_darray_nc"                                        -       8192     8192 2.457600e+04   1.685869e+01     0.021 (  6144      0)     0.000 (  5914      0)
"i:PIO:rearrange_io2comp"                                     -       8192     8192 2.457600e+04   1.310774e+02     0.021 (  7135      0)     0.000 (  6144      0)
"i:PIO:pio_swapm"                                             -       8192     8192 2.457600e+04   1.307379e+02     0.021 (  7135      0)     0.000 (  6144      0)
"i:cice_pice_readLBUB_UB_setup"                               -       8192     8192 1.638400e+04   5.377336e-03     0.000 (     0      0)     0.000 (  2468      0)
"i:cice_pice_readLBUB_UB_readpio"                             -       8192     8192 1.638400e+04   1.102483e+02     0.017 (  7254      0)     0.012 (  8126      0)
"i:cice_pice_readLBUB_filemgt"                                -       8192     8192 3.538944e+06   4.976448e-01     0.000 (  1133      0)     0.000 (     0      0)
"i:cice_pice_strd_adv_map"                                    -       8192     8192 1.638400e+04   3.905362e+01     0.007 (  8188      0)     0.002 (  5120      0)
"i:cice_pice_strd_adv_tint"                                   -       8192     8192 3.538944e+06   5.775381e+01     0.009 (  2251      0)     0.007 (  5292      0)
"i:cice_run_initflux"                                         -       8192     8192 3.538944e+06   1.754332e+02     0.042 (  7173      0)     0.012 (  5286      0)
"i:cice_run_prepradiation"                                    -       8192     8192 3.538944e+06   4.218161e+01     0.013 (  6500      0)     0.003 (  3602      0)
"i:cice_run_therm1"                                           -       8192     8192 3.538944e+06   1.947917e+03     1.144 (  5835      0)     0.147 (  7290      0)
"i:cice_run_dyn"                                              -       8192     8192 3.538944e+06   1.972880e-01     0.000 (  2025      0)     0.000 (  5417      0)
"i:cice_run_radiation"                                        -       8192     8192 3.538944e+06   1.673144e+03     1.079 (  6539      0)     0.106 (  7549      0)
"i:cice_step_radiationib"                                     -       8192     8192 3.538944e+06   1.580654e+03     1.070 (  6539      0)     0.097 (  7549      0)
"i:cice_step_rib_swdedd1"                                     -       8192     8192 3.538944e+06   2.349117e+02     0.041 (  6515      0)     0.005 (  7858      0)
"i:cice_step_rib_swdedd2"                                     -       8192     8192 3.538944e+06   6.054235e+01     0.010 (  5908      0)     0.006 (  4481      0)
"i:cice_step_rib_swdedd7"                                     -       8192     8192 3.538944e+06   1.220749e+03     1.014 (  6539      0)     0.068 (  7549      0)
"i:cice_run_couplingprep"                                     -       8192     8192 3.538944e+06   1.260269e+03     1.172 (  5841      0)     0.071 (  5989      0)
"i:ice_HaloUpdate2DR8"                                        -       8192     8192 3.538944e+06   5.803043e+02     1.103 (  5841      0)     0.004 (  6035      0)
"i:ice_HU2DR8_init"                                           -       8192     8192 3.538944e+06   9.532350e-01     0.001 (  3103      0)     0.000 (  4333      0)
"i:cice_run_diag"                                             -       8192     8192 3.538944e+06   2.910879e+03     0.367 (  7859      0)     0.288 (  5835      0)
"i:cice_run_hist"                                             -       8192     8192 3.538944e+06   9.297856e+02     0.132 (  2022      0)     0.094 (  7858      0)
"i:cice_run_accum"                                            -       8192     8192 3.538944e+06   1.777853e+01     0.003 (  7520      0)     0.002 (  4948      0)
"i:cice_run_export"                                           -       8192     8192 3.538944e+06   5.680787e+02     0.083 (  6464      0)     0.064 (  5252      0)
"CPL:LND_RUN"                                                 -       8192     8192 3.538944e+06   3.500105e+05    52.505 (  1246      0)    34.316 (  4134      0)
"l:lc_lnd_import"                                             -       8192     8192 3.538944e+06   4.568885e+02     0.069 (  2568      0)     0.048 (  4188      0)
"l:elm_run"                                                   -       8192     8192 3.547136e+06   3.487863e+05    52.354 (  1246      0)    34.170 (  4134      0)
"l:shr_orb_decl"                                              -       8192     8192 3.547136e+06   3.672559e+00     0.001 (  4530      0)     0.000 (  5084      0)
"l:decomp_vert"                                               -       8192     8192 3.547136e+06   3.314906e+01     0.006 (  2774      0)     0.002 (  4719      0)
"l:beggridwbal"                                               -       8192     8192 3.547136e+06   1.599234e+03     0.249 (  1025      0)     0.153 (  4588      0)
"l:cnpinit"                                                   -       8192     8192 3.547136e+06   2.028146e+00     0.001 (  6171      0)     0.000 (  4797      0)
"l:cnpvegsumm"                                                -       8192     8192 3.547136e+06   1.758881e-01     0.000 (  1345      0)     0.000 (  4765      0)
"l:dyn_subgrid"                                               -       8192     8192 3.547136e+06   1.257017e+04     1.806 (   872      0)     1.335 (  4588      0)
"l:begwbal"                                                   -       8192     8192 3.547136e+06   2.415558e+02     0.048 (  2208      0)     0.019 (  4588      0)
"l:begcnpbal"                                                 -       8192     8192 3.547136e+06   2.987504e-01     0.000 (  1428      0)     0.000 (  3748      0)
"l:drvinit"                                                   -       8192     8192 3.547136e+06   7.577663e+02     0.108 (  2208      0)     0.080 (  2844      0)
"l:canhydro"                                                  -       8192     8192 3.547136e+06   1.710273e+03     0.276 (   872      0)     0.156 (  4417      0)
"l:surfrad"                                                   -       8192     8192 3.547136e+06   3.468275e+03     0.541 (  1295      0)     0.342 (  5361      0)
"l:bgp1"                                                      -       8192     8192 3.547136e+06   2.116757e+03     0.380 (  1025      0)     0.182 (  4588      0)
"l:bgflux"                                                    -       8192     8192 3.547136e+06   3.293310e+03     0.538 (  1594      0)     0.258 (  5804      0)
"l:canflux"                                                   -       8192     8192 3.547136e+06   1.280799e+05    23.422 (  1242      0)     9.024 (  4134      0)
"l:can_iter"                                                  -       8192     8192 3.547136e+06   1.093435e+05    20.560 (  1303      0)     7.320 (  4134      0)
"l:uflux"                                                     -       8192     8192 3.547136e+06   1.368210e+03     0.431 (  1101      0)     0.019 (  2893      0)
"l:bgplake"                                                   -       8192     8192 3.547136e+06   1.370765e+04     2.226 (  1763      0)     0.890 (  1853      0)
"l:bgc"                                                       -       8192     8192 3.547136e+06   6.107651e+03     0.954 (  1246      0)     0.568 (  4134      0)
"l:soiltemperature"                                           -       8192     8192 3.547136e+06   5.539122e+04     8.417 (   511      0)     3.647 (  2844      0)
"l:SoilThermProp"                                             -       8192     8192 3.547136e+06   4.137680e+03     0.704 (  1025      0)     0.336 (  2844      0)
"l:SoilTempBandDiag"                                          -       8192     8192 7.094272e+06   7.717345e+03     1.519 (   953      0)     0.678 (  6561      0)
"l:PhaseChangeH2osfc"                                         -       8192     8192 3.547136e+06   3.027708e+01     0.007 (    12      0)     0.002 (  6561      0)
"l:PhaseChangebeta"                                           -       8192     8192 3.547136e+06   1.608098e+03     0.313 (  1099      0)     0.104 (  6561      0)
"l:bgp2"                                                      -       8192     8192 3.547136e+06   3.804760e+03     0.652 (  2811      0)     0.346 (  4589      0)
"l:bgp2_loop_1"                                               -       8192     8192 3.547136e+06   5.301774e+02     0.089 (  3790      0)     0.044 (  6883      0)
"l:bgp2_loop_2"                                               -       8192     8192 3.547136e+06   9.850165e+02     0.182 (   134      0)     0.088 (  5492      0)
"l:bgp2_loop_3"                                               -       8192     8192 3.547136e+06   1.888263e+03     0.387 (  2811      0)     0.161 (  4132      0)
"l:bgp2_loop_4"                                               -       8192     8192 3.547136e+06   3.813226e+02     0.060 (  7478      0)     0.035 (  4132      0)
"l:patch2col"                                                 -       8192     8192 3.547136e+06   1.405867e+03     0.221 (  1024      0)     0.135 (  5361      0)
"l:hydro without drainage"                                    -       8192     8192 3.547136e+06   1.696553e+04     2.779 (  1246      0)     1.626 (  5361      0)
"l:hylake"                                                    -       8192     8192 3.547136e+06   1.299421e+03     0.403 (  3413      0)     0.130 (  2844      0)
"l:snow_init"                                                 -       8192     8192 3.547136e+06   1.598439e+02     0.056 (  1580      0)     0.008 (  7073      0)
"l:ecosysdyn"                                                 -       8192     8192 3.547136e+06   4.799338e+02     0.080 (   331      0)     0.043 (  5361      0)
"l:depvel"                                                    -       8192     8192 7.094272e+06   6.601056e+00     0.001 (   643      0)     0.001 (  5991      0)
"l:hydro2 drainage"                                           -       8192     8192 3.547136e+06   1.484213e+03     0.283 (   572      0)     0.134 (  6394      0)
"l:balchk"                                                    -       8192     8192 3.547136e+06   1.523478e+03     0.219 (   957      0)     0.164 (  2844      0)
"l:gridbalchk"                                                -       8192     8192 3.547136e+06   1.366356e+03     0.193 (   134      0)     0.144 (  2844      0)
"l:lnd2atm"                                                   -       8192     8192 3.547136e+06   1.029704e+04     1.467 (  1246      0)     1.078 (  4588      0)
"l:wrtdiag"                                                   -       8192     8192 3.547136e+06   6.519611e+01     0.019 (     0      0)     0.007 (  3539      0)
"l:hbuf"                                                      -       8192     8192 3.547136e+06   3.681685e+04     5.115 (  1246      0)     3.939 (  4588      0)
"l:elm_drv_io"                                                -       8192     8192 3.547136e+06   1.209460e+01     0.002 (  6957      0)     0.001 (  4016      0)
"l:elm_drv_io_htapes"                                         -       8192     8192 3.547136e+06   9.645664e+00     0.002 (  6957      0)     0.001 (  4981      0)
"l:lc_lnd_export"                                             -       8192     8192 3.547136e+06   2.309122e+02     0.030 (  7757      0)     0.027 (  6395      0)
"l:lc_elm2_adv_timestep"                                      -       8192     8192 3.547136e+06   2.175203e+00     0.001 (  3248      0)     0.000 (  7435      0)
"l:accum"                                                     -       8192     8192 3.538944e+06   4.499715e+03     0.640 (  6192      0)     0.517 (  3654      0)
"CPL:ATMOCNP"                                                 -       8192     8192 3.538944e+06   4.955847e+03     0.855 (  1379      0)     0.118 (  7862      0)
"CPL:atmocnp_fluxo"                                           -       8192     8192 3.538944e+06   4.208493e+03     0.753 (  6627      0)     0.016 (  2664      0)
"CPL:atmocnp_ocnalb"                                          -       8192     8192 3.538944e+06   7.404437e+02     0.140 (  2719      0)     0.069 (  4504      0)
"CPL:L2C"                                                     -       8192     8192 3.538944e+06   2.188087e+04    12.212 (    66      0)     0.044 (  8168      0)
"CPL:l2c_lndl2lndx"                                           -       8192     8192 3.538944e+06   2.187320e+04    12.211 (    66      0)     0.043 (  8168      0)
"lnd2cpl_run"                                                 -       8192     8192 3.538944e+06   2.442396e+00     0.001 (  4739      0)     0.000 (  5913      0)
"CPL:LNDPOST"                                                 -       8192     8192 3.538944e+06   6.390775e-01     0.000 (  3579      0)     0.000 (  8160      0)
"CPL:I2C"                                                     -       8192     8192 3.538944e+06   2.784801e+02     0.046 (  3672      0)     0.030 (  3696      0)
"CPL:i2c_icei2icex"                                           -       8192     8192 3.538944e+06   2.701755e+02     0.045 (  3672      0)     0.029 (  3696      0)
"CPL:i2c_infoexch"                                            -       8192     8192 3.538944e+06   2.113696e+00     0.001 (  6339      0)     0.000 (  1971      0)
"CPL:ICEPOST"                                                 -       8192     8192 3.538944e+06   5.017374e-01     0.000 (  7597      0)     0.000 (  5103      0)
"CPL:FRACSET"                                                 -       8192     8192 3.538944e+06   1.559640e+04     8.120 (  5732      0)     0.065 (  5670      0)
"CPL:fracset_fracset"                                         -       8192     8192 3.538944e+06   1.559423e+04     8.120 (  5732      0)     0.065 (  5670      0)
"CPL:ATMPREP"                                                 -       8192     8192 3.538944e+06   4.710398e+04     9.815 (  5476      0)     1.396 (  8168      0)
"CPL:atmprep_xao2atm"                                         -       8192     8192 3.538944e+06   1.682262e+04     6.190 (  4794      0)     0.134 (  5670      0)
"CPL:atmprep_ocn2atm"                                         -       8192     8192 3.538944e+06   9.164297e+03     4.611 (  4253      0)     0.104 (  5670      0)
"CPL:atmprep_alb2atm"                                         -       8192     8192 3.538944e+06   3.155801e+03     2.862 (   854      0)     0.038 (  5695      0)
"CPL:atmprep_ice2atm"                                         -       8192     8192 3.538944e+06   6.025499e+03     2.667 (  3581      0)     0.145 (  5670      0)
"CPL:atmprep_lnd2atm"                                         -       8192     8192 3.538944e+06   1.006572e+04     7.578 (  5670      0)     0.089 (  3570      0)
"CPL:atmprep_mrgx2a"                                          -       8192     8192 3.538944e+06   1.849131e+03     0.558 (  2086      0)     0.143 (  6760      0)
"CPL:C2A"                                                     -       8192     8192 3.538944e+06   5.471206e+03     5.233 (     0      0)     0.179 (  2563      0)
"CPL:c2a_atmx2atmg"                                           -       8192     8192 3.538944e+06   4.320647e+03     5.198 (     0      0)     0.087 (  2897      0)
"CPL:c2a_infoexch"                                            -       8192     8192 3.538944e+06   1.145312e+03     0.344 (  2809      0)     0.009 (  2086      0)
"CPL:ATM_RUN"                                                 -       8192     8192 3.538944e+06   3.099696e+06   388.098 (  6480      0)   368.405 (  4436      0)
"a:EAMxx::run"                                                -       8192     8192 3.538944e+06   3.098661e+06   387.965 (  6480      0)   368.280 (  4436      0)
"a:PIO:PIOc_sync"                                             -       8192     8192 8.192000e+03   2.006335e-01     0.000 (  6032      0)     0.000 (  5509      0)
"a:PIO:write_total"                                           -       8192     8192 8.192000e+03   1.800728e-01     0.000 (  2488      0)     0.000 (  5509      0)
"a:PIO:flush_output_buffer"                                   -       1024     1024 1.024000e+03   1.018736e-01     0.000 (  2488      0)     0.000 (   384      0)
"a:EAMxx::EAMxx::run"                                         -       8192     8192 3.538944e+06   3.098358e+06   387.928 (  6480      0)   368.243 (  4436      0)
"a:EAMxx::EAMxx::run-precondition-checks"                     -       8192     8192 3.538944e+06   1.336916e+00     0.000 (  6711      0)     0.000 (  7766      0)
"a:EAMxx::SurfaceCouplingImporter::run"                       -       8192     8192 3.538944e+06   4.334010e+03     0.634 (  1866      0)     0.468 (  7185      0)
"a:EAMxx::SurfaceCouplingImporter::run-precondition-checks"   -       8192     8192 3.538944e+06   8.394341e-01     0.000 (   949      0)     0.000 (  3433      0)
"a:EAMxx::SurfaceCouplingImporter::run-postcondition-checks"  -       8192     8192 3.538944e+06   3.665061e+03     0.546 (  1998      0)     0.390 (  5437      0)
"a:EAMxx::homme::run"                                         -       8192     8192 3.538944e+06   2.768764e+06   338.117 (    24      0)   337.816 (  2467      0)
"a:EAMxx::homme::run-precondition-checks"                     -       8192     8192 3.538944e+06   9.452908e-01     0.000 (  7113      0)     0.000 (  3648      0)
"a:tl-sc prim_run_subcycle_c"                                 -       8192     8192 7.077888e+06   2.706741e+06   330.647 (  5299      0)   330.167 (  2888      0)
"a:tl-s prim_step_flexible"                                   -       8192     8192 7.077888e+06   2.706713e+06   330.644 (  5299      0)   330.163 (  2888      0)
"a:ApplyCAMForcing_tracers"                                   -       8192     8192 3.538944e+06   3.880219e+03     0.555 (  6016      0)     0.417 (  7191      0)
"a:tl-s deep_copy+derived_dp"                                 -       8192     8192 7.077888e+06   1.239893e+03     0.213 (  1031      0)     0.132 (  7579      0)
"a:ApplyCAMForcing_dynamics"                                  -       8192     8192 2.123366e+07   6.016152e+03     0.776 (  7136      0)     0.687 (  7531      0)
"a:tl-ae prim_advance_exp"                                    -       8192     8192 4.246733e+07   2.249822e+06   279.557 (  2681      0)   272.536 (  8030      0)
"a:ttype9_imex_timestep"                                      -       8192     8192 4.246733e+07   1.941143e+06   242.688 (  2419      0)   233.163 (  7578      0)
"a:caar compute"                                              -       8192     8192 4.246733e+08   7.044328e+05    87.866 (    73      0)    83.854 (  7460      0)
"a:caar_bexchV"                                               -       8192     8192 2.123366e+08   3.130983e+05    44.788 (  7474      0)    33.146 (  5039      0)
"a:caar limiter"                                              -       8192     8192 2.548040e+08   2.012594e+04     2.635 (  7734      0)     2.390 (  5721      0)
"a:compute_stage_value_dirk"                                  -       8192     8192 2.123366e+08   8.882604e+05   116.981 (  2421      0)   103.963 (  2170      0)
"a:tl-ae advance_hypervis_dp"                                 -       8192     8192 4.246733e+07   3.068108e+05    43.068 (  2681      0)    34.513 (  5039      0)
"a:hvf-bhwk"                                                  -       8192     8192 4.246733e+07   1.715753e+05    23.274 (  2698      0)    19.696 (  2887      0)
"a:hvf-bexch"                                                 -       8192     8192 1.274020e+08   1.278237e+05    21.585 (  2681      0)    12.414 (  5039      0)
"a:tl-sc vertical_remap"                                      -       8192     8192 2.123366e+07   1.773596e+05    22.748 (  5160      0)    20.068 (  7579      0)
"a:Remap Thickness Functor"                                   -       8192     8192 2.123366e+07   5.858508e+03     0.809 (  1192      0)     0.633 (    99      0)
"a:Remap Scale States Functor"                                -       8192     8192 2.123366e+07   1.759158e+03     0.227 (   720      0)     0.208 (  5721      0)
"a:Remap Compute Grids Functor"                               -       8192     8192 2.123366e+07   1.401139e+04     1.743 (  7271      0)     1.591 (  7442      0)
"a:Remap Compute Remap Functor"                               -       8192     8192 2.123366e+07   1.354491e+05    17.575 (  5160      0)    15.021 (  7459      0)
"a:Remap Rescale States Functor"                              -       8192     8192 2.123366e+07   1.750917e+03     0.228 (  5776      0)     0.207 (  7477      0)
"a:tl-at prim_advec_tracers_compose"                          -       8192     8192 7.077888e+06   2.415598e+05    31.196 (  8034      0)    24.799 (  2427      0)
"a:compose_transport"                                         -       8192     8192 7.077888e+06   2.414954e+05    31.188 (  8034      0)    24.792 (  2427      0)
"a:compose_calc_trajectory"                                   -       8192     8192 7.077888e+06   3.306673e+04     4.697 (  7438      0)     3.523 (  6727      0)
"a:compose_3d_levels"                                         -       8192     8192 7.077888e+06   1.942695e+04     2.506 (  7784      0)     2.234 (  7581      0)
"a:compose_v_bexchv"                                          -       8192     8192 7.077888e+06   1.227993e+04     2.265 (  7498      0)     1.023 (  6727      0)
"a:compose_v2x"                                               -       8192     8192 7.077888e+06   1.330819e+03     0.170 (  4787      0)     0.155 (  7485      0)
"a:compose_isl"                                               -       8192     8192 7.077888e+06   3.984023e+04     5.812 (  7096      0)     3.912 (  5465      0)
"a:compose_hypervis_scalar"                                   -       8192     8192 7.077888e+06   6.687614e+04    10.426 (  7504      0)     6.232 (  2428      0)
"a:compose_cedr_global"                                       -       8192     8192 7.077888e+06   6.641461e+04    10.012 (  5665      0)     5.454 (  2554      0)
"a:repro_sum_int"                                             -       8192     8192 7.077888e+06   4.538125e+04     7.463 (  5667      0)     2.882 (  2447      0)
"a:compose_cedr_local"                                        -       8192     8192 7.077888e+06   2.004711e+04     2.573 (   984      0)     2.199 (  5128      0)
"a:compose_dss_q"                                             -       8192     8192 7.077888e+06   1.519827e+04     2.083 (  2424      0)     1.705 (   156      0)
"a:compose_vertical_remap"                                    -       8192     8192 7.077888e+06   2.657859e+04     3.384 (  5921      0)     3.036 (  7561      0)
"a:shr_reprosum_INF_NaN_Chk"                                  -       8192     8192 7.077888e+06   1.342783e+02     0.017 (  7209      0)     0.015 (  4528      0)
"a:shr_reprosum_int"                                          -       8192     8192 7.077888e+06   9.858239e+03     1.389 (  5212      0)     1.070 (  1120      0)
"a:repro_sum_loopa"                                           -       8192     8192 7.077888e+06   1.416925e+02     0.022 (  6932      0)     0.015 (  7195      0)
"a:repro_sum_allr_minmax"                                     -       8192     8192 7.077888e+06   6.680405e+03     1.004 (  5212      0)     0.680 (  3536      0)
"a:repro_sum_loopb"                                           -       8192     8192 7.077888e+06   4.611158e+02     0.058 (  5599      0)     0.056 (  6586      0)
"a:repro_sum_allr_i8"                                         -       8192     8192 7.077888e+06   2.532230e+03     0.315 (  2774      0)     0.303 (   508      0)
"a:repro_sum_finalsum"                                        -       8192     8192 7.077888e+06   5.496551e+00     0.001 (  7813      0)     0.001 (  4755      0)
"a:EAMxx::homme::run-postcondition-checks"                    -       8192     8192 3.538944e+06   5.293953e+03     0.683 (  8146      0)     0.628 (  1233      0)
"a:EAMxx::physics::run"                                       -       8192     8192 3.538944e+06   3.237118e+05    49.292 (  2600      0)    29.512 (  4436      0)
"a:EAMxx::physics::run-precondition-checks"                   -       8192     8192 3.538944e+06   1.087411e+00     0.000 (  5159      0)     0.000 (  5771      0)
"a:EAMxx::mac_aero_mic::run"                                  -       8192     8192 3.538944e+06   6.638149e+04    10.749 (  3468      0)     6.393 (  4129      0)
"a:EAMxx::mac_aero_mic::run-precondition-checks"              -       8192     8192 3.538944e+06   1.047402e+00     0.000 (  4695      0)     0.000 (  3647      0)
"a:EAMxx::tms::run"                                           -       8192     8192 3.538944e+06   7.316692e+02     0.159 (  4923      0)     0.061 (  5989      0)
"a:EAMxx::tms::run-precondition-checks"                       -       8192     8192 3.538944e+06   7.812804e-01     0.001 (  4764      0)     0.000 (  5657      0)
"a:EAMxx::tms::run-postcondition-checks"                      -       8192     8192 3.538944e+06   4.604656e+02     0.071 (  2614      0)     0.049 (  4465      0)
"a:EAMxx::shoc::run"                                          -       8192     8192 3.538944e+06   2.622599e+04     3.729 (  8150      0)     2.864 (  6201      0)
"a:EAMxx::shoc::run-precondition-checks"                      -       8192     8192 3.538944e+06   8.151066e-01     0.000 (  7951      0)     0.000 (   449      0)
"a:EAMxx::shoc::preprocess"                                   -       8192     8192 3.538944e+06   6.826561e+01     0.010 (  4800      0)     0.008 (   603      0)
"a:EAMxx::shoc::shoc_main"                                    -       8192     8192 3.538944e+06   1.963907e+04     2.897 (  7765      0)     2.073 (  6201      0)
"a:EAMxx::shoc::postprocess"                                  -       8192     8192 3.538944e+06   3.382365e+02     0.048 (  6268      0)     0.037 (  6686      0)
"a:EAMxx::shoc::run-postcondition-checks"                     -       8192     8192 3.538944e+06   5.076110e+03     0.656 (  2860      0)     0.601 (  2977      0)
"a:EAMxx::cld_fraction::run"                                  -       8192     8192 3.538944e+06   1.540610e+03     0.229 (  3310      0)     0.180 (   803      0)
"a:EAMxx::cld_fraction::run-precondition-checks"              -       8192     8192 3.538944e+06   1.086484e+00     0.000 (  2331      0)     0.000 (  5778      0)
"a:EAMxx::cld_fraction::run-postcondition-checks"             -       8192     8192 3.538944e+06   1.341309e+03     0.175 (  6582      0)     0.158 (   933      0)
"a:EAMxx::spa::run"                                           -       8192     8192 3.538944e+06   1.259486e+04     1.738 (  6826      0)     1.463 (  6481      0)
"a:EAMxx::spa::run-precondition-checks"                       -       8192     8192 3.538944e+06   8.871795e-01     0.000 (   505      0)     0.000 (  5606      0)
"a:EAMxx::spa::run-postcondition-checks"                      -       8192     8192 3.538944e+06   6.010180e+03     0.749 (  5678      0)     0.720 (   873      0)
"a:EAMxx::p3::run"                                            -       8192     8192 3.538944e+06   2.516983e+04     5.473 (  3468      0)     1.695 (  4129      0)
"a:EAMxx::p3::run-precondition-checks"                        -       8192     8192 3.538944e+06   3.741437e+02     0.051 (  5706      0)     0.043 (  2211      0)
"a:EAMxx::p3::run-postcondition-checks"                       -       8192     8192 3.538944e+06   6.369645e+03     0.827 (   946      0)     0.748 (  5947      0)
"a:EAMxx::mac_aero_mic::run-postcondition-checks"             -       8192     8192 3.538944e+06   9.406487e-01     0.000 (  7306      0)     0.000 (  2168      0)
"a:EAMxx::rrtmgp::run"                                        -       8192     8192 3.538944e+06   2.571842e+05    40.062 (  1934      0)    22.733 (  3440      0)
"a:EAMxx::rrtmgp::run-precondition-checks"                    -       8192     8192 3.538944e+06   1.928180e+02     0.026 (  2708      0)     0.022 (  3457      0)
"a:EAMxx::rrtmgp::run-postcondition-checks"                   -       8192     8192 3.538944e+06   7.783943e+03     1.007 (  4634      0)     0.922 (    97      0)
"a:EAMxx::physics::run-postcondition-checks"                  -       8192     8192 3.538944e+06   7.729475e-01     0.000 (  7261      0)     0.000 (  4999      0)
"a:EAMxx::SurfaceCouplingExporter::run"                       -       8192     8192 3.538944e+06   1.357771e+03     0.178 (  5690      0)     0.157 (  7469      0)
"a:EAMxx::SurfaceCouplingExporter::run-precondition-checks"   -       8192     8192 3.538944e+06   1.096756e+00     0.000 (   412      0)     0.000 (  7059      0)
"a:EAMxx::SurfaceCouplingExporter::run-postcondition-checks"  -       8192     8192 3.538944e+06   7.049583e-01     0.000 (  4875      0)     0.000 (  7782      0)
"a:EAMxx::EAMxx::run-postcondition-checks"                    -       8192     8192 3.538944e+06   4.289607e-01     0.000 (  2379      0)     0.000 (  3301      0)
"a:EAMxx::IO::restart"                                        -       8192     8192 3.538944e+06   1.782019e+01     0.003 (  7731      0)     0.002 (   149      0)
"a:EAMxx::IO::model_restart"                                  -       8192     8192 3.538944e+06   1.461565e+01     0.003 (  7731      0)     0.002 (  4066      0)
"a:EAMxx::IO::restart::get_new_file"                          -       8192     8192 3.538944e+06   3.881893e-01     0.000 (  6795      0)     0.000 (  5059      0)
"a:EAMxx::IO::restart::run_output_streams"                    -       8192     8192 3.538944e+06   4.546144e+00     0.001 (  7731      0)     0.000 (  5719      0)
"a:EAMxx::IO::standard"                                       -       8192     8192 3.538944e+06   1.059923e+01     0.002 (  7139      0)     0.001 (   872      0)
"a:EAMxx::IO::nooutput.yaml"                                  -       8192     8192 3.538944e+06   7.739184e+00     0.002 (  7139      0)     0.001 (  4892      0)
"a:EAMxx::IO::standard::get_new_file"                         -       8192     8192 3.538944e+06   2.664407e-01     0.000 (  6514      0)     0.000 (  2552      0)
"a:EAMxx::IO::standard::run_output_streams"                   -       8192     8192 3.538944e+06   3.334973e-01     0.000 (  5314      0)     0.000 (  1444      0)
"CPL:A2C"                                                     -       8192     8192 3.538944e+06   8.550741e+04    20.766 (  4436      0)     1.323 (  2600      0)
"CPL:a2c_atma2atmx"                                           -       8192     8192 3.538944e+06   6.018532e+04    19.055 (  5796      0)     0.089 (  2776      0)
"CPL:a2c_infoexch"                                            -       8192     8192 3.538944e+06   2.531410e+04    13.423 (  4789      0)     0.008 (     0      0)
"CPL:ATMPOST"                                                 -       8192     8192 3.538944e+06   9.404889e-01     0.000 (  6843      0)     0.000 (  7358      0)
"CPL:HISTORY"                                                 -       8192     8192 3.538944e+06   2.127706e+00     0.001 (  6670      0)     0.000 (  7337      0)
"CPL:cime_run_write_history"                                  -       8192     8192 3.538944e+06   4.262881e-01     0.000 (  8131      0)     0.000 (  1001      0)
"CPL:TSTAMP_WRITE"                                            -       8192     8192 3.538944e+06   1.239195e+00     0.000 (  3973      0)     0.000 (   188      0)
"CPL:TPROF_WRITE"                                             -       8192     8192 3.538944e+06   1.823393e-01     0.000 (  2375      0)     0.000 (  5729      0)
"CPL:C2O_INITWAIT"                                            -       8192     8192 3.530752e+06   1.168259e+04     4.893 (     0      0)     0.374 (  6665      0)
"l:interpMonthlyVeg"                                          -       8192     8192 3.530752e+06   1.852842e+04     2.263 (  2696      0)     2.256 (  5841      0)
"l:readMonthlyVeg"                                            -       8192     8192 8.192000e+03   1.852470e+04     2.262 (  3120      0)     2.256 (  5841      0)
"l:PIO:openfile"                                              -       8192     8192 8.192000e+03   1.642583e+03     0.267 (  4462      0)     0.146 (  5827      0)
"l:PIO:pio_inq_varid_file_vdesc"                              -       8192     8192 6.553600e+04   1.131304e+01     0.003 (  7501      0)     0.000 (   440      0)
"l:PIO:pio_inq_varid_file_vid"                                -       8192     8192 6.553600e+04   1.126786e+01     0.003 (  7501      0)     0.000 (   440      0)
"l:PIO:pio_inq_varndims_file_vdesc"                           -       8192     8192 6.553600e+04   3.684497e+00     0.001 (  5603      0)     0.000 (   414      0)
"l:PIO:pio_inq_varndims_file_vid"                             -       8192     8192 6.553600e+04   3.644910e+00     0.001 (  5603      0)     0.000 (   414      0)
"l:PIO:pio_inq_vardimid_file_vdesc"                           -       8192     8192 6.553600e+04   8.277539e+00     0.002 (  7965      0)     0.000 (   470      0)
"l:PIO:pio_inq_vardimid_file_vid"                             -       8192     8192 6.553600e+04   8.237083e+00     0.002 (  7965      0)     0.000 (   470      0)
"l:PIO:pio_inq_dimname_file_dimid"                            -       8192     8192 5.570560e+05   2.187201e+01     0.003 (  5434      0)     0.002 (  1792      0)
"l:PIO:pio_inq_dimlen_file_dimid"                             -       8192     8192 1.310720e+05   3.680736e+00     0.001 (  4705      0)     0.000 (   468      0)
"l:PIO:pio_inq_dimlen_file_dimid_offlen"                      -       8192     8192 1.310720e+05   3.601056e+00     0.001 (  4705      0)     0.000 (   468      0)
"l:PIO:pio_inquire_file"                                      -       8192     8192 2.457600e+05   6.445511e+00     0.001 (  2937      0)     0.001 (  1893      0)
"l:PIO:pio_inq_ndims_file"                                    -       8192     8192 2.457600e+05   6.323007e+00     0.001 (  2937      0)     0.000 (  1893      0)
"l:PIO:initdecomp"                                            -       8192     8192 8.192000e+03   7.596263e+02     0.093 (  3911      0)     0.092 (  1894      0)
"l:PIO:PIOc_initdecomp"                                       -       8192     8192 8.192000e+03   7.593463e+02     0.093 (  3911      0)     0.092 (  1894      0)
"l:PIO:box_rearrange_create"                                  -       8192     8192 8.192000e+03   7.532780e+02     0.092 (  1432      0)     0.092 (  3351      0)
"l:PIO:pio_swapm"                                             -       8192     8192 9.011200e+04   1.497533e+04     1.966 (  1972      0)     0.160 (     0      0)
"l:PIO:read_darray_3d_double"                                 -       8192     8192 6.553600e+04   1.548833e+04     1.893 (  1592      0)     1.889 (  7518      0)
"l:PIO:PIOc_read_darray"                                      -       8192     8192 6.553600e+04   1.548814e+04     1.893 (  1592      0)     1.889 (  7518      0)
"l:PIO:read_darray_nc"                                        -       8192     8192 6.553600e+04   1.107730e+03     1.799 (     0      0)     0.000 (  7406      0)
"l:PIO:rearrange_io2comp"                                     -       8192     8192 6.553600e+04   1.436649e+04     1.891 (  1839      0)     0.090 (     0      0)
"l:PIO:closefile"                                             -       8192     8192 8.192000e+03   8.948671e-01     0.001 (   328      0)     0.000 (   491      0)
"l:PIO:PIOc_closefile"                                        -       8192     8192 8.192000e+03   8.830089e-01     0.001 (   328      0)     0.000 (   491      0)
"l:surfalb"                                                   -       8192     8192 3.530752e+06   1.864912e+04     2.910 (  2043      0)     1.764 (  1074      0)
"l:urbsurfalb"                                                -       8192     8192 3.530752e+06   6.415214e+03     1.541 (  7968      0)     0.623 (  1950      0)
"CPL:OCNT_RUN"                                                -       8192     8192 3.530752e+06   9.526106e+02     0.178 (     0      0)     0.082 (  7383      0)
"o:DOCN_RUN"                                                  -       8192     8192 3.530752e+06   8.077026e+02     0.125 (  5492      0)     0.064 (  7383      0)
"o:docn_run1"                                                 -       8192     8192 3.530752e+06   2.822032e+00     0.001 (  4821      0)     0.000 (  5226      0)
"o:docn"                                                      -       8192     8192 3.530752e+06   7.973824e+02     0.124 (  5492      0)     0.063 (  7383      0)
"o:docn_strdata_advance"                                      -       8192     8192 3.530752e+06   3.895616e+02     0.072 (  4589      0)     0.014 (  7383      0)
"o:docn_strd_adv_total"                                       -       8192     8192 3.530752e+06   3.840275e+02     0.071 (  4589      0)     0.014 (  7383      0)
"o:docn_strd_adv_readLBUB"                                    -       8192     8192 3.530752e+06   2.899657e+02     0.060 (  4589      0)     0.003 (  7383      0)
"o:docn_readLBUB_setup"                                       -       8192     8192 3.530752e+06   8.768527e-01     0.000 (  7771      0)     0.000 (  1835      0)
"o:docn_readLBUB_filemgt"                                     -       8192     8192 3.530752e+06   4.433286e-01     0.000 (   923      0)     0.000 (  4726      0)
"o:docn_strd_adv_tint"                                        -       8192     8192 3.530752e+06   5.835558e+01     0.008 (   718      0)     0.007 (  3730      0)
"o:docn_scatter"                                              -       8192     8192 3.530752e+06   2.942159e+02     0.039 (  5841      0)     0.035 (  3766      0)
"o:docn_datamode"                                             -       8192     8192 3.530752e+06   3.153303e+01     0.007 (  2855      0)     0.003 (  3760      0)
"o:docn_run2"                                                 -       8192     8192 3.530752e+06   2.142272e-01     0.007 (     0      0)     0.000 (  1891      0)
"CPL:O2CT"                                                    -       8192     8192 3.530752e+06   2.231226e+04    14.075 (  1264      0)     0.024 (  1049      0)
"CPL:o2c_ocno2ocnx"                                           -       8192     8192 3.530752e+06   1.014048e+02     0.015 (  5390      0)     0.011 (  7362      0)
"CPL:o2c_infoexch"                                            -       8192     8192 3.530752e+06   2.220534e+04    14.062 (  1264      0)     0.012 (  1049      0)
"CPL:OCNPOSTT"                                                -       8192     8192 3.530752e+06   1.172225e+00     0.001 (  7940      0)     0.000 (  7002      0)
"i:cice_pice_readLBUB_LB_copy"                                -       8192     8192 8.192000e+03   1.050898e-02     0.000 (  7207      0)     0.000 (  2091      0)
"o:docn_readLBUB_fbound"                                      -       8192     8192 8.192000e+03   1.181072e-03     0.000 (     0      0)     0.000 (   129      0)
"o:docn_readLBUB_bcast"                                       -       8192     8192 8.192000e+03   6.673819e+01     0.036 (  1265      0)     0.000 (  5951      0)
"o:docn_readLBUB_LB_copy"                                     -       8192     8192 8.192000e+03   9.243494e-03     0.000 (  3688      0)     0.000 (  8098      0)
"o:docn_readLBUB_UB_setup"                                    -       8192     8192 8.192000e+03   4.689143e-03     0.000 (  1141      0)     0.000 (  1314      0)
"o:docn_readLBUB_UB_readpio"                                  -       8192     8192 8.192000e+03   2.117973e+02     0.032 (  3280      0)     0.002 (  7383      0)
"o:PIO:pio_inq_varid_file_vdesc"                              -       8192     8192 1.638400e+04   5.382498e-01     0.000 (  5072      0)     0.000 (  4599      0)
"o:PIO:pio_inq_varid_file_vid"                                -       8192     8192 1.638400e+04   5.246669e-01     0.000 (  5072      0)     0.000 (   577      0)
"o:PIO:pio_inq_varndims_file_vdesc"                           -       8192     8192 8.192000e+03   2.972184e-01     0.000 (  5027      0)     0.000 (  2071      0)
"o:PIO:pio_inq_varndims_file_vid"                             -       8192     8192 8.192000e+03   2.896844e-01     0.000 (  5027      0)     0.000 (  7211      0)
"o:PIO:pio_inq_vardimid_file_vdesc"                           -       8192     8192 8.192000e+03   6.876847e-01     0.000 (  1462      0)     0.000 (  3291      0)
"o:PIO:pio_inq_vardimid_file_vid"                             -       8192     8192 8.192000e+03   6.797427e-01     0.000 (  1462      0)     0.000 (  3291      0)
"o:PIO:pio_inq_dimlen_file_dimid"                             -       8192     8192 2.457600e+04   4.997542e-01     0.006 (   328      0)     0.000 (  2855      0)
"o:PIO:pio_inq_dimlen_file_dimid_offlen"                      -       8192     8192 2.457600e+04   4.797157e-01     0.006 (   328      0)     0.000 (  2855      0)
"o:PIO:pio_inq_vartype_file_vdesc"                            -       8192     8192 8.192000e+03   3.217345e+00     0.010 (   324      0)     0.000 (   759      0)
"o:PIO:pio_inq_vartype_file_vid"                              -       8192     8192 8.192000e+03   3.210897e+00     0.010 (   324      0)     0.000 (  2147      0)
"o:PIO:read_darray_1d_real"                                   -       8192     8192 8.192000e+03   2.059507e+02     0.031 (  3280      0)     0.001 (  7383      0)
"o:PIO:PIOc_read_darray"                                      -       8192     8192 8.192000e+03   2.059240e+02     0.031 (  5295      0)     0.001 (  7383      0)
"o:PIO:read_darray_nc"                                        -       8192     8192 8.192000e+03   2.561224e+01     0.031 (     0      0)     0.000 (  5274      0)
"o:PIO:rearrange_io2comp"                                     -       8192     8192 8.192000e+03   1.799414e+02     0.031 (  5295      0)     0.000 (    96      0)
"o:PIO:pio_swapm"                                             -       8192     8192 8.192000e+03   1.798089e+02     0.031 (  5294      0)     0.000 (    96      0)
"o:docn_strd_adv_fill"                                        -       8192     8192 8.192000e+03   6.556980e-01     0.000 (  2968      0)     0.000 (  8146      0)
"o:docn_strd_adv_map"                                         -       8192     8192 8.192000e+03   1.552005e+01     0.004 (  1231      0)     0.001 (  3280      0)
"CPL:RUN_LOOP_BSTOP"                                          -       8192     8192 8.192000e+03   1.598093e+01     0.003 (  2072      0)     0.000 (  3827      0)
"CPL:FINAL"                                                   -       8192     8192 8.192000e+03   8.018818e+03     0.980 (  2464      0)     0.978 (  5546      0)
"CPL:cime_final"                                              -       8192     8192 8.192000e+03   8.018806e+03     0.980 (  2464      0)     0.978 (  5546      0)
"o_f:DOCN_FINAL"                                              -       8192     8192 8.192000e+03   1.387165e-03     0.000 (     0      0)     0.000 (   291      0)
"a_f:EAMxx::finalize"                                         y       8192     8192 8.192000e+03   1.348275e+03     0.194 (  5604      0)     0.134 (  3185      0)
"a_f:PIO:PIOc_sync"                                           -       8192     8192 8.192000e+03   1.614674e-01     0.000 (  7056      0)     0.000 (  7287      0)
"a_f:PIO:write_total"                                         -       8192     8192 1.638400e+04   2.644022e+00     0.004 (  5120      0)     0.000 (  7287      0)
"a_f:PIO:flush_output_buffer"                                 -       1024     1024 2.048000e+03   1.402059e-01     0.000 (  7056      0)     0.000 (   832      0)
"a_f:PIO:PIOc_closefile"                                      -       8192     8192 1.638400e+04   1.932587e+01     0.039 (  4152      0)     0.000 (  1213      0)
"a_f:PIO:PIOc_closefile_write_mode"                           -       8192     8192 8.192000e+03   2.495749e+00     0.004 (  5120      0)     0.000 (  4830      0)
"a_f:PIO:PIOc_freedecomp"                                     -       8192     8192 1.064960e+05   2.404052e+00     0.002 (  7840      0)     0.000 (  1262      0)
"PIO:finalize"                                                -       8192     8192 8.192000e+04   6.278642e+02     0.677 (  3072      0)     0.000 (  6639      0)
"PIO:PIOc_finalize"                                           -       8192     8192 8.192000e+04   6.277081e+02     0.677 (  3072      0)     0.000 (  6639      0)
"CPL:FINAL_sync1_tprf"                                        -       8192     8192 8.192000e+03   1.000306e+01     0.002 (   461      0)     0.000 (  2464      0)
"CPL:FINAL_t_prf"                                             y          0        0 0.000000e+00   0.000000e+00     0.000 (     0      0)     0.000 (     0      0)

