
***** GLOBAL STATISTICS ( 16384 MPI TASKS) *****

$Id: gptl.c,v 1.157 2011-03-28 20:55:18 rosinski Exp $
'count' is cumulative. All other stats are max/min
'on' indicates whether the timer was active during output, and so stats are lower or upper bounds.

name                                                         on  processes  threads        count      walltotal   wallmax (proc   thrd  )   wallmin (proc   thrd  )
"CPL:INIT"                                                    -      16384    16384 1.638400e+04   4.219027e+06   259.520 (   707      0)   255.634 ( 13938      0)
"CPL:cime_pre_init1"                                          -      16384    16384 1.638400e+04   1.102525e+05     8.740 (   711      0)     4.854 ( 13943      0)
"CPL:mpi_init"                                                -      16384    16384 1.638400e+04   8.424462e+04     7.162 (   704      0)     3.276 ( 13936      0)
"CPL:ESMF_Initialize"                                         -      16384    16384 1.638400e+04   1.014718e+00     0.001 ( 15499      0)     0.000 (    27      0)
"CPL:cime_pre_init2"                                          -      16384    16384 1.638400e+04   4.083997e+04     2.495 ( 10780      0)     2.459 (     6      0)
"CPL:seq_infodata_init"                                       -      16384    16384 1.638400e+04   7.594027e+03     1.785 (  9822      0)     0.001 ( 10862      0)
"CPL:seq_timemgr_clockInit"                                   -      16384    16384 1.638400e+04   5.028412e+02     0.037 ( 15501      0)     0.000 ( 12860      0)
"CPL:cime_init"                                               -      16384    16384 1.638400e+04   4.067933e+06   248.320 (     6      0)   248.286 ( 12678      0)
"CPL:init_comps"                                              -      16384    16384 1.638400e+04   4.066666e+06   248.243 (     6      0)   248.208 ( 12677      0)
"CPL:comp_init_pre_all"                                       -      16384    16384 1.638400e+04   5.458966e-01     0.001 (  9464      0)     0.000 ( 14790      0)
"CPL:comp_init_cc_atm"                                        -      16384    16384 1.638400e+04   1.470568e+06    89.790 (     6      0)    89.754 (  9469      0)
"a_i:comp_init"                                               -      16384    16384 3.276800e+04   1.470398e+06    89.789 (     0      0)    89.743 (  9465      0)
"a_i:EAMxx::init"                                             -      16384    16384 1.146880e+05   1.421147e+06    87.485 ( 14410      0)    85.529 (  1319      0)
"a_i:EAMxx::create_output_managers"                           -      16384    16384 1.638400e+04   9.065798e+00     0.002 ( 11696      0)     0.000 (  9166      0)
"a_i:EAMxx::create_atm_processes"                             -      16384    16384 1.638400e+04   1.728000e+04     1.531 ( 14513      0)     0.125 ( 12326      0)
"a_i:EAMxx::create_grids"                                     -      16384    16384 1.638400e+04   2.021885e+05    12.509 (     0      0)    12.261 (  6149      0)
"a_i:EAMxx::build_grids"                                      -      16384    16384 1.638400e+04   1.751253e+05    10.712 (  1904      0)    10.687 ( 13600      0)
"a_i:PartitioningTime"                                        -      16384    16384 1.638400e+04   4.149093e-03     0.000 ( 10073      0)     0.000 (  4509      0)
"a_i:repro_sum_int"                                           -      16384    16384 1.638400e+04   3.670825e+03     0.274 (     6      0)     0.000 (  9448      0)
"a_i:PIO:spio_get_att_tc"                                     -      16384    16384 1.785856e+06   1.022303e+02     0.007 ( 11288      0)     0.006 (  5942      0)
"a_i:PIO:spio_get_vars_tc"                                    -      16384    16384 3.276800e+05   1.421938e+04     0.914 ( 10424      0)     0.799 (     2      0)
"a_i:PIO:PIOc_closefile"                                      -      16384    16384 2.129920e+05   1.920826e+03     2.668 (  1008      0)     0.000 (  7665      0)
"a_i:EAMxx::SurfaceCouplingImporter::set_grids"               -      16384    16384 1.638400e+04   3.200856e+00     0.004 (  1845      0)     0.000 (    49      0)
"a_i:EAMxx::homme::set_grids"                                 -      16384    16384 1.638400e+04   5.623619e+03     0.522 (   167      0)     0.141 (  8914      0)
"a_i:EAMxx::physics::set_grids"                               -      16384    16384 1.638400e+04   2.037431e+04     1.454 (  4440      0)     1.047 (   167      0)
"a_i:EAMxx::mac_aero_mic::set_grids"                          -      16384    16384 1.638400e+04   9.623825e+03     0.789 ( 15700      0)     0.408 (   167      0)
"a_i:EAMxx::tms::set_grids"                                   -      16384    16384 1.638400e+04   2.718256e+01     0.006 (  5096      0)     0.001 ( 13943      0)
"a_i:EAMxx::shoc::set_grids"                                  -      16384    16384 1.638400e+04   6.674486e+00     0.008 (  5096      0)     0.000 ( 13007      0)
"a_i:EAMxx::cld_fraction::set_grids"                          -      16384    16384 1.638400e+04   1.768219e+00     0.001 (  5315      0)     0.000 ( 13815      0)
"a_i:EAMxx::spa::set_grids"                                   -      16384    16384 1.638400e+04   9.577389e+03     0.786 (  4440      0)     0.406 (   167      0)
"a_i:EAMxx::p3::set_grids"                                    -      16384    16384 1.638400e+04   9.610188e+00     0.021 (   659      0)     0.000 (  8255      0)
"a_i:EAMxx::rrtmgp::set_grids"                                -      16384    16384 1.638400e+04   1.074928e+04     0.678 (  5128      0)     0.623 (   659      0)
"a_i:EAMxx::SurfaceCouplingExporter::set_grids"               -      16384    16384 1.638400e+04   2.912894e+01     0.021 ( 11506      0)     0.002 (  3707      0)
"a_i:EAMxx::create_fields"                                    -      16384    16384 1.638400e+04   1.909472e+03     0.149 (  5147      0)     0.108 (  2187      0)
"a_i:EAMxx::initialize_fields"                                -      16384    16384 1.638400e+04   4.962754e+05    30.338 (  6352      0)    30.202 (   979      0)
"a_i:PIO:PIOc_initdecomp"                                     -      16384    16384 2.129920e+05   1.018805e+05     6.219 ( 14453      0)     6.217 ( 15592      0)
"a_i:PIO:box_rearrange_create"                                -      16384    16384 2.129920e+05   1.016903e+05     6.207 (  6216      0)     6.206 ( 15845      0)
"a_i:PIO:pio_swapm"                                           -      16384    16384 9.994240e+05   2.145067e+05    22.780 (   913      0)     1.691 (  6144      0)
"a_i:PIO:PIOc_read_darray"                                    -      16384    16384 3.604480e+05   2.744830e+05    18.082 ( 14273      0)    14.845 (  1082      0)
"a_i:PIO:read_darray_nc"                                      -      16384    16384 3.604480e+05   1.953653e+04    17.971 (     0      0)     0.000 ( 13613      0)
"a_i:PIO:rearrange_io2comp"                                   -      16384    16384 3.604480e+05   1.627947e+05    17.883 (  5635      0)     0.048 ( 13824      0)
"a_i:EAMxx::initialize_atm_procs"                             -      16384    16384 1.638400e+04   6.850097e+05    42.233 (  2110      0)    41.337 (  6656      0)
"a_i:EAMxx::SurfaceCouplingImporter::init"                    -      16384    16384 1.638400e+04   2.488788e+00     0.001 (  6047      0)     0.000 (  8624      0)
"a_i:EAMxx::homme::init"                                      -      16384    16384 1.638400e+04   2.706177e+05    16.719 (   943      0)    16.274 (  4160      0)
"a_i:compose_init"                                            -      16384    16384 1.638400e+04   2.240992e+03     0.351 (   871      0)     0.012 (  4184      0)
"a_i:sl_init1"                                                -      16384    16384 1.638400e+04   4.096848e+03     0.530 (  1313      0)     0.158 ( 10005      0)
"a_i:EAMxx::tms::init"                                        -      16384    16384 1.638400e+04   6.165535e-02     0.000 ( 15900      0)     0.000 (  4425      0)
"a_i:EAMxx::shoc::init"                                       -      16384    16384 1.638400e+04   1.199129e+02     0.029 (  2414      0)     0.004 ( 14882      0)
"a_i:EAMxx::cld_fraction::init"                               -      16384    16384 1.638400e+04   4.775269e-01     0.000 (   936      0)     0.000 (  5487      0)
"a_i:EAMxx::spa::init"                                        -      16384    16384 1.638400e+04   4.039980e+05    24.859 (  3549      0)    24.537 ( 14414      0)
"a_i:EAMxx::p3::init"                                         -      16384    16384 1.638400e+04   2.866904e+03     0.299 (  8829      0)     0.059 (   325      0)
"a_i:EAMxx::rrtmgp::init"                                     -      16384    16384 1.638400e+04   7.039151e+03     0.809 (  4053      0)     0.105 (  3574      0)
"a_i:EAMxx::SurfaceCouplingExporter::init"                    -      16384    16384 1.638400e+04   8.937810e+00     0.001 (  7665      0)     0.000 ( 11040      0)
"a_i:EAMxx::initialize_output_managers"                       -      16384    16384 1.638400e+04   1.847437e+04     1.138 ( 10592      0)     1.126 ( 11486      0)
"a_i:EAMxx::IO::standard"                                     -      16384    16384 1.638400e+04   1.075195e+04     0.889 ( 11672      0)     0.418 (  4427      0)
"a_i:EAMxx::IO::nooutput.yaml"                                -      16384    16384 1.638400e+04   1.075193e+04     0.889 ( 11672      0)     0.418 (  4427      0)
"a_i:EAMxx::IO::standard::get_new_file"                       -      16384    16384 1.638400e+04   1.072908e+04     0.887 ( 13314      0)     0.418 (  4427      0)
"a_i:PIO:PIOc_createfile"                                     -      16384    16384 1.638400e+04   1.067518e+04     0.884 ( 13314      0)     0.415 (  4427      0)
"a_i:PIO:write_total"                                         -      16384    16384 5.406720e+05   1.070427e+04     0.886 ( 11672      0)     0.415 (  4427      0)
"a_i:PIO:spio_put_att_tc"                                     -      16384    16384 4.915200e+05   1.841198e+00     0.000 ( 11584      0)     0.000 (  5049      0)
"a_i:PIO:spio_put_vars_tc"                                    -      16384    16384 1.638400e+04   5.223179e+00     0.001 (  9360      0)     0.000 ( 13733      0)
"a_i:PIO:flush_output_buffer"                                 -       2048     2048 4.096000e+03   2.273922e+01     0.011 ( 10592      0)     0.011 ( 13304      0)
"a_i:EAMxx::IO::standard::run_output_streams"                 -      16384    16384 1.638400e+04   2.977872e-03     0.000 ( 12847      0)     0.000 (  1155      0)
"a_i:EAMxx::IO::standard::update_snapshot_tally"              -      16384    16384 1.638400e+04   2.277721e+01     0.011 ( 15512      0)     0.000 ( 11881      0)
"a_i:PIO:PIOc_sync"                                           -      16384    16384 1.638400e+04   2.201706e+01     0.011 ( 15512      0)     0.000 (  3379      0)
"CPL:comp_init_cc_lnd"                                        -      16384    16384 1.638400e+04   1.152637e+06    70.353 (   883      0)    70.342 (     0      0)
"l_i:comp_init"                                               -      16384    16384 1.638400e+04   1.152447e+06    70.353 ( 12368      0)    70.337 (   719      0)
"l_i:elm_init1"                                               -      16384    16384 1.638400e+04   3.127728e+05    19.327 (     6      0)    18.847 (  1775      0)
"l_i:PIO:openfile"                                            -      16384    16384 3.768320e+05   1.770997e+05    12.404 (  1904      0)     9.440 ( 13575      0)
"l_i:PIO:pio_inq_dimid_file_dimid"                            -      16384    16384 1.015808e+06   3.002916e+01     0.006 (  5625      0)     0.001 ( 13938      0)
"l_i:PIO:pio_inq_dimlen_file_dimid"                           -      16384    16384 5.898240e+06   1.414608e+02     0.012 ( 13106      0)     0.005 ( 10295      0)
"l_i:PIO:pio_inq_dimlen_file_dimid_offlen"                    -      16384    16384 5.898240e+06   1.379618e+02     0.011 ( 13106      0)     0.005 ( 10295      0)
"l_i:PIO:pio_inq_varid_file_vdesc"                            -      16384    16384 7.602176e+06   6.727746e+03     0.902 (  8185      0)     0.015 (     0      0)
"l_i:PIO:pio_inq_varid_file_vid"                              -      16384    16384 7.602176e+06   6.722973e+03     0.902 (  8185      0)     0.015 (     0      0)
"l_i:PIO:get_var_1d_int"                                      -      16384    16384 9.830400e+04   7.895985e+03     0.514 ( 16368      0)     0.460 (    94      0)
"l_i:PIO:spio_get_vars_tc"                                    -      16384    16384 3.260416e+06   3.132068e+04     2.424 (  6672      0)     1.437 (  2057      0)
"l_i:PIO:closefile"                                           -      16384    16384 3.276800e+05   5.118292e+02     0.386 (  2200      0)     0.001 (  4265      0)
"l_i:PIO:PIOc_closefile"                                      -      16384    16384 3.276800e+05   5.114424e+02     0.386 (  2200      0)     0.000 (  4265      0)
"l_i:PIO:pio_inq_varndims_file_vdesc"                         -      16384    16384 3.620864e+06   2.076249e+02     0.020 (  8192      0)     0.004 (   127      0)
"l_i:PIO:pio_inq_varndims_file_vid"                           -      16384    16384 3.620864e+06   2.055064e+02     0.020 (  8192      0)     0.004 (   127      0)
"l_i:PIO:pio_inq_vardimid_file_vdesc"                         -      16384    16384 3.620864e+06   3.803944e+02     0.035 (  8193      0)     0.011 (   127      0)
"l_i:PIO:pio_inq_vardimid_file_vid"                           -      16384    16384 3.620864e+06   3.782023e+02     0.035 (  8193      0)     0.011 (   127      0)
"l_i:PIO:pio_inq_dimname_file_dimid"                          -      16384    16384 1.302528e+07   4.418778e+02     0.038 (  8193      0)     0.017 ( 10303      0)
"l_i:PIO:initdecomp"                                          -      16384    16384 4.259840e+05   6.968884e+04     4.299 (    18      0)     4.149 (  4104      0)
"l_i:PIO:PIOc_initdecomp"                                     -      16384    16384 4.259840e+05   6.967151e+04     4.298 (    18      0)     4.148 (  4104      0)
"l_i:PIO:box_rearrange_create"                                -      16384    16384 4.259840e+05   6.742916e+04     4.117 (  1604      0)     4.114 ( 11053      0)
"l_i:PIO:pio_swapm"                                           -      16384    16384 4.866048e+06   6.435411e+05    42.543 ( 11831      0)     6.479 ( 16248      0)
"l_i:PIO:read_darray_1d_double"                               -      16384    16384 1.343488e+06   1.161971e+05     7.156 (    95      0)     6.885 (  8185      0)
"l_i:PIO:PIOc_read_darray"                                    -      16384    16384 3.588096e+06   6.430637e+05    39.505 ( 11831      0)    38.750 (  7052      0)
"l_i:PIO:read_darray_nc"                                      -      16384    16384 3.588096e+06   4.730211e+04    35.673 ( 10240      0)     0.000 (  8399      0)
"l_i:PIO:rearrange_io2comp"                                   -      16384    16384 3.588096e+06   5.947092e+05    39.456 ( 11831      0)     3.648 ( 16248      0)
"l_i:PIO:pio_inquire_file"                                    -      16384    16384 4.718592e+06   1.091271e+02     0.009 (  8192      0)     0.004 (  8303      0)
"l_i:PIO:pio_inq_ndims_file"                                  -      16384    16384 4.718592e+06   1.068196e+02     0.009 (  8192      0)     0.004 (  8303      0)
"l_i:PIO:read_darray_1d_int"                                  -      16384    16384 1.146880e+05   8.183904e+03     0.511 ( 10607      0)     0.476 (  8185      0)
"l_i:PIO:read_darray_3d_double"                               -      16384    16384 2.949120e+05   3.886572e+04     2.380 (  1792      0)     2.360 ( 14297      0)
"l_i:PIO:read_darray_3d_int"                                  -      16384    16384 1.638400e+04   3.825656e+03     0.234 ( 14666      0)     0.232 ( 14296      0)
"l_i:PIO:read_darray_4d_double"                               -      16384    16384 2.293760e+05   3.563261e+04     2.179 (  5360      0)     2.171 ( 14369      0)
"l_i:PIO:get_var_1d_text"                                     -      16384    16384 3.276800e+04   4.724029e+03     0.314 (  4319      0)     0.246 (     5      0)
"l_i:PIO:get_var_1d_double"                                   -      16384    16384 2.359296e+06   9.698189e+02     0.077 (  8193      0)     0.024 (  1110      0)
"l_i:PIO:get_var_0d_double"                                   -      16384    16384 1.638400e+05   3.522896e+03     0.358 ( 14680      0)     0.104 (   454      0)
"l_i:PIO:read_darray_2d_double"                               -      16384    16384 1.523712e+06   4.353827e+05    26.757 (  9671      0)    26.239 ( 13881      0)
"l_i:PIO:read_darray_2d_int"                                  -      16384    16384 6.553600e+04   4.984593e+03     0.324 (   679      0)     0.209 ( 11985      0)
"l_i:gather_1darray_int_total"                                -      16384    16384 8.192000e+04   4.704876e+03     1.115 (     0      0)     0.174 (   128      0)
"l_i:scatter_1darray_int_total"                               -      16384    16384 8.192000e+04   2.488785e+04     1.628 (     8      0)     0.615 (     0      0)
"l_i:init_filters"                                            -      16384    16384 1.638400e+04   2.991656e+00     0.002 ( 16134      0)     0.000 ( 14904      0)
"l_i:elm_init2"                                               -      16384    16384 1.638400e+04   8.295896e+05    50.647 ( 11368      0)    50.631 ( 16377      0)
"l_i:init_orbd"                                               -      16384    16384 1.638400e+04   4.402955e-01     0.001 ( 10058      0)     0.000 (  5061      0)
"l_i:PIO:get_var_0d_int"                                      -      16384    16384 3.440640e+05   6.904383e+03     0.714 ( 13881      0)     0.290 (  6151      0)
"l_i:PIO:get_var_2d_double"                                   -      16384    16384 1.966080e+05   4.281315e+03     0.414 (   459      0)     0.112 ( 11929      0)
"l_i:PIO:get_var_3d_double"                                   -      16384    16384 6.553600e+04   3.896867e+03     0.386 (  6696      0)     0.104 (  2514      0)
"l_i:init_accflds"                                            -      16384    16384 1.638400e+04   3.139013e+00     0.001 (  2990      0)     0.000 (  5555      0)
"l_i:init_dyn_subgrid"                                        -      16384    16384 1.638400e+04   1.743189e+01     0.002 (  1189      0)     0.001 (  3707      0)
"l_i:subgridRest_write-read"                                  -      16384    16384 1.638400e+04   4.753864e+04     2.904 (  6696      0)     2.895 (  8193      0)
"l_i:init_map2gc"                                             -      16384    16384 1.638400e+04   6.498904e+00     0.002 (   753      0)     0.000 (  9176      0)
"l_i:init_elm_interface_data & pflotran"                      -      16384    16384 1.638400e+04   8.881850e-04     0.000 (  3303      0)     0.000 (     1      0)
"l_i:init_wlog"                                               -      16384    16384 1.638400e+04   9.312910e-04     0.000 (     0      0)     0.000 (    37      0)
"l_i:elm_init3"                                               -      16384    16384 1.638400e+04   1.062207e-01     0.001 ( 14369      0)     0.000 (  3888      0)
"CPL:comp_init_cc_rof"                                        -      16384    16384 1.638400e+04   5.970394e+00     0.001 (  1349      0)     0.000 (  9323      0)
"r_i:comp_init"                                               -      16384    16384 1.638400e+04   6.538787e-01     0.000 (  4707      0)     0.000 (  1246      0)
"CPL:comp_init_cc_ocn"                                        -      16384    16384 1.638400e+04   7.177971e+05    43.820 (     1      0)    43.809 (   843      0)
"o_i:comp_init"                                               -      16384    16384 1.638400e+04   7.177864e+05    43.820 (     0      0)    43.807 (  1713      0)
"o_i:docn_readnml"                                            -      16384    16384 1.638400e+04   3.333307e+03     0.213 (     2      0)     0.201 ( 16132      0)
"o_i:DOCN_INIT"                                               -      16384    16384 1.638400e+04   7.144521e+05    43.609 (  2987      0)    43.604 ( 15421      0)
"o_i:docn_strdata_init"                                       -      16384    16384 1.638400e+04   5.402676e+05    32.976 (  1903      0)    32.974 (  7497      0)
"o_i:PIO:initdecomp"                                          -      16384    16384 4.915200e+04   3.855750e+03     0.236 (  2543      0)     0.232 (     0      0)
"o_i:PIO:PIOc_initdecomp"                                     -      16384    16384 4.915200e+04   3.855637e+03     0.236 (  2543      0)     0.232 (     0      0)
"o_i:PIO:box_rearrange_create"                                -      16384    16384 4.915200e+04   3.713117e+03     0.227 ( 12732      0)     0.226 ( 16090      0)
"o_i:PIO:pio_swapm"                                           -      16384    16384 1.802240e+05   3.130282e+04     2.896 (  2887      0)     0.220 (  7104      0)
"o_i:docn_initgsmaps"                                         -      16384    16384 1.638400e+04   3.047427e+01     0.003 (  5424      0)     0.002 (   418      0)
"o_i:docn_initmctdom"                                         -      16384    16384 1.638400e+04   2.697648e+00     0.001 (  2985      0)     0.000 (  7443      0)
"o_i:docn_initmctavs"                                         -      16384    16384 1.638400e+04   1.257264e+00     0.000 (  7824      0)     0.000 (  7018      0)
"o_i:DOCN_RUN"                                                -      16384    16384 1.638400e+04   1.741497e+05    10.631 (  2988      0)    10.627 (  5329      0)
"o_i:docn_run1"                                               -      16384    16384 1.638400e+04   2.035448e-02     0.000 ( 10090      0)     0.000 ( 15637      0)
"o_i:docn"                                                    -      16384    16384 1.638400e+04   1.741496e+05    10.631 (  2988      0)    10.627 (  5329      0)
"o_i:docn_strdata_advance"                                    -      16384    16384 1.638400e+04   1.741475e+05    10.630 (  2989      0)    10.627 (  5329      0)
"o_i:docn_strd_adv_total"                                     -      16384    16384 1.638400e+04   1.741474e+05    10.630 (  2987      0)    10.627 (  5329      0)
"o_i:docn_strd_adv_readLBUB"                                  -      16384    16384 1.638400e+04   1.741155e+05    10.628 (  9885      0)    10.625 (  2529      0)
"o_i:docn_readLBUB_setup"                                     -      16384    16384 1.638400e+04   4.424324e-03     0.000 ( 13034      0)     0.000 (  2298      0)
"o_i:docn_readLBUB_fbound"                                    -      16384    16384 1.638400e+04   5.953157e+00     5.951 (     0      0)     0.000 (  8808      0)
"o_i:docn_readLBUB_bcast"                                     -      16384    16384 1.638400e+04   9.750268e+04     5.952 ( 15735      0)     0.000 (     0      0)
"o_i:docn_readLBUB_LB_setup"                                  -      16384    16384 1.638400e+04   1.184456e-02     0.000 (     0      0)     0.000 ( 14387      0)
"o_i:docn_readLBUB_LB_readpio"                                -      16384    16384 1.638400e+04   3.950175e+04     4.668 (  6144      0)     2.008 (  1994      0)
"o_i:PIO:openfile"                                            -      16384    16384 1.638400e+04   3.277234e+04     2.001 (  7451      0)     1.999 ( 15498      0)
"o_i:PIO:pio_inq_varid_file_vdesc"                            -      16384    16384 6.553600e+04   2.757062e+00     0.001 (  4425      0)     0.000 (  7451      0)
"o_i:PIO:pio_inq_varid_file_vid"                              -      16384    16384 6.553600e+04   2.703477e+00     0.001 (  4425      0)     0.000 (  7451      0)
"o_i:PIO:pio_inq_varndims_file_vdesc"                         -      16384    16384 3.276800e+04   1.753715e+00     0.001 (  6545      0)     0.000 ( 14190      0)
"o_i:PIO:pio_inq_varndims_file_vid"                           -      16384    16384 3.276800e+04   1.726194e+00     0.001 (  6545      0)     0.000 ( 14190      0)
"o_i:PIO:pio_inq_vardimid_file_vdesc"                         -      16384    16384 3.276800e+04   4.340419e+00     0.001 (  7430      0)     0.000 ( 14029      0)
"o_i:PIO:pio_inq_vardimid_file_vid"                           -      16384    16384 3.276800e+04   4.309433e+00     0.001 (  7431      0)     0.000 ( 14029      0)
"o_i:PIO:pio_inq_dimlen_file_dimid"                           -      16384    16384 9.830400e+04   2.299614e+00     0.000 (  2268      0)     0.000 ( 14182      0)
"o_i:PIO:pio_inq_dimlen_file_dimid_offlen"                    -      16384    16384 9.830400e+04   2.234647e+00     0.000 (  2268      0)     0.000 ( 14182      0)
"o_i:PIO:pio_inq_vartype_file_vdesc"                          -      16384    16384 3.276800e+04   1.907374e+00     0.000 (  4205      0)     0.000 ( 11705      0)
"o_i:PIO:pio_inq_vartype_file_vid"                            -      16384    16384 3.276800e+04   1.878277e+00     0.000 (  4205      0)     0.000 ( 11705      0)
"o_i:PIO:read_darray_1d_real"                                 -      16384    16384 3.276800e+04   3.131332e+04     2.675 (  9984      0)     0.015 (  6163      0)
"o_i:PIO:PIOc_read_darray"                                    -      16384    16384 3.276800e+04   3.131318e+04     2.675 (  9984      0)     0.015 (  6163      0)
"o_i:PIO:read_darray_nc"                                      -      16384    16384 3.276800e+04   3.620161e+03     2.675 (  2048      0)     0.000 (  3257      0)
"o_i:PIO:rearrange_io2comp"                                   -      16384    16384 3.276800e+04   2.768694e+04     2.675 (  2890      0)     0.000 (   536      0)
"o_i:docn_readLBUB_UB_setup"                                  -      16384    16384 1.638400e+04   1.137827e-02     0.000 (   504      0)     0.000 ( 11303      0)
"o_i:docn_readLBUB_UB_readpio"                                -      16384    16384 1.638400e+04   3.710397e+04     2.667 (  1804      0)     0.008 ( 16183      0)
"o_i:docn_readLBUB_filemgt"                                   -      16384    16384 1.638400e+04   3.206804e-03     0.000 (  6075      0)     0.000 ( 10230      0)
"o_i:docn_strd_adv_fill"                                      -      16384    16384 1.638400e+04   2.753733e+00     0.000 ( 14759      0)     0.000 (  3982      0)
"o_i:docn_strd_adv_map"                                       -      16384    16384 1.638400e+04   2.814749e+01     0.003 (  2826      0)     0.000 ( 14311      0)
"o_i:docn_strd_adv_tint"                                      -      16384    16384 1.638400e+04   2.300356e-01     0.002 (  2985      0)     0.000 ( 13787      0)
"o_i:docn_scatter"                                            -      16384    16384 1.638400e+04   1.674954e+00     0.000 (  3617      0)     0.000 (  2177      0)
"o_i:docn_datamode"                                           -      16384    16384 1.638400e+04   3.279186e-01     0.002 (  5603      0)     0.000 ( 10226      0)
"o_i:docn_run2"                                               -      16384    16384 1.638400e+04   2.334810e-03     0.000 (     0      0)     0.000 (     2      0)
"CPL:comp_init_cc_ice"                                        -      16384    16384 1.638400e+04   7.213457e+05    44.028 (  5320      0)    44.026 (  2984      0)
"i_i:comp_init"                                               -      16384    16384 1.638400e+04   7.213353e+05    44.028 (  5320      0)    44.026 (  2985      0)
"i_i:cice_init"                                               -      16384    16384 1.638400e+04   2.557943e+05    15.614 (  6048      0)    15.611 ( 11948      0)
"i_i:ice_HaloUpdate2DR8"                                      -      16384    16384 6.553600e+04   1.002516e+01     1.292 (     1      0)     0.000 (   470      0)
"i_i:ice_HU2DR8_init"                                         -      16384    16384 6.553600e+04   1.312089e-02     0.000 (  6813      0)     0.000 ( 11376      0)
"i_i:state_bound_h1"                                          -      16384    16384 1.638400e+04   2.243006e+00     0.002 (  7879      0)     0.000 ( 14850      0)
"i_i:ice_HaloUpdate3DR8"                                      -      16384    16384 8.192000e+04   2.416314e+00     0.002 (  7879      0)     0.000 ( 16314      0)
"i_i:ice_HU3DR8_init"                                         -      16384    16384 8.192000e+04   6.046540e-02     0.000 (  6313      0)     0.000 ( 14903      0)
"i_i:ice_HU3DR8_recvall"                                      -      16384    16384 8.192000e+04   1.957126e+00     0.002 (  7879      0)     0.000 ( 13710      0)
"i_i:state_bound_hm"                                          -      16384    16384 1.638400e+04   6.101597e-02     0.000 (  2040      0)     0.000 (  2484      0)
"i_i:state_bound_hc"                                          -      16384    16384 1.638400e+04   1.336259e-02     0.000 (   396      0)     0.000 (  3319      0)
"i_i:state_bound_h2"                                          -      16384    16384 1.638400e+04   4.691959e-01     0.001 ( 15505      0)     0.000 (  4707      0)
"i_i:ice_HaloUpdate4DR8"                                      -      16384    16384 1.638400e+04   1.378829e-01     0.001 ( 15505      0)     0.000 (  3606      0)
"i_i:ice_HU4DR8_init"                                         -      16384    16384 1.638400e+04   6.443840e-03     0.000 ( 14239      0)     0.000 ( 11707      0)
"i_i:ice_HU4DR8_recvall"                                      -      16384    16384 1.638400e+04   3.692584e-02     0.001 ( 15505      0)     0.000 (   566      0)
"i_i:state_bound_hd"                                          -      16384    16384 1.638400e+04   4.669397e-03     0.000 (  8885      0)     0.000 (     0      0)
"i_i:cice_mct_init"                                           -      16384    16384 1.638400e+04   4.655391e+05    28.415 (  5325      0)    28.412 (  7767      0)
"i_i:PIO:initdecomp"                                          -      16384    16384 4.915200e+04   3.854175e+03     0.236 ( 14465      0)     0.231 (     0      0)
"i_i:PIO:PIOc_initdecomp"                                     -      16384    16384 4.915200e+04   3.854048e+03     0.236 ( 14465      0)     0.231 (     0      0)
"i_i:PIO:box_rearrange_create"                                -      16384    16384 4.915200e+04   3.697238e+03     0.226 ( 11784      0)     0.225 ( 13689      0)
"i_i:PIO:pio_swapm"                                           -      16384    16384 1.474560e+05   3.582309e+03     0.219 (  2806      0)     0.218 (    45      0)
"CPL:comp_init_cc_glc"                                        -      16384    16384 1.638400e+04   1.073288e+01     0.001 (  1243      0)     0.000 (  7855      0)
"g_i:comp_init"                                               -      16384    16384 1.638400e+04   1.282702e-02     0.000 (  9347      0)     0.000 (  5235      0)
"CPL:comp_init_cc_wav"                                        -      16384    16384 1.638400e+04   9.359625e+00     0.001 ( 10463      0)     0.000 (  7215      0)
"w_i:comp_init"                                               -      16384    16384 1.638400e+04   6.878189e-03     0.000 (  2711      0)     0.000 ( 13101      0)
"CPL:comp_init_cc_esp"                                        -      16384    16384 1.638400e+04   7.967259e+00     0.001 ( 15769      0)     0.000 ( 10463      0)
"e_i:comp_init"                                               -      16384    16384 1.638400e+04   7.169115e-03     0.000 (  2910      0)     0.000 (  6991      0)
"CPL:comp_init_cc_iac"                                        -      16384    16384 1.638400e+04   8.340974e+00     0.001 (  3547      0)     0.000 (  4551      0)
"z_i:comp_init"                                               -      16384    16384 1.638400e+04   6.061710e-03     0.000 (  9406      0)     0.000 (  2665      0)
"CPL:comp_init_cx_all"                                        -      16384    16384 1.638400e+04   4.274460e+03     0.261 (  6961      0)     0.260 (  3546      0)
"CPL:comp_list_all"                                           -      16384    16384 1.638400e+04   1.151484e+00     0.002 (  6865      0)     0.000 (  5245      0)
"CPL:init_maps"                                               -      16384    16384 1.638400e+04   5.142421e+02     0.036 ( 11944      0)     0.030 (  3018      0)
"CPL:init_aream"                                              -      16384    16384 1.638400e+04   1.427664e+01     0.017 (  6996      0)     0.000 ( 14112      0)
"CPL:init_domain_check"                                       -      16384    16384 1.638400e+04   4.090512e+02     0.026 (   169      0)     0.009 ( 15599      0)
"CPL:init_areacor"                                            -      16384    16384 1.638400e+04   1.325655e+02     0.008 (  3863      0)     0.008 (  8955      0)
"CPL:init_fracs"                                              -      16384    16384 1.638400e+04   1.869561e+01     0.003 (     0      0)     0.001 (  4259      0)
"CPL:init_aoflux"                                             -      16384    16384 1.638400e+04   1.786967e+00     0.000 (  6040      0)     0.000 (   135      0)
"CPL:init_atminit"                                            -      16384    16384 9.830400e+04   4.886480e+01     0.006 (   810      0)     0.001 (  6800      0)
"CPL:comp_init_cc_atm2"                                       -      16384    16384 1.638400e+04   6.623025e+01     0.006 (   504      0)     0.001 (   810      0)
"CPL:init_readrestart"                                        -      16384    16384 1.638400e+04   1.173430e+00     0.000 (  2761      0)     0.000 (  2111      0)
"CPL:cime_run_init"                                           -      16384    16384 1.638400e+04   2.145308e+00     0.003 (     0      0)     0.000 (  2163      0)
"CPL:INIT_sync1_tprf"                                         -      16384    16384 1.638400e+04   4.067293e+01     0.003 (  5699      0)     0.000 (     0      0)
"CPL:INIT_t_prf"                                              -      16384    16384 1.638400e+04   5.798520e+00     0.414 (     0      0)     0.000 (   195      0)
"CPL:INIT_sync2_tprf"                                         -      16384    16384 1.638400e+04   6.775527e+03     0.414 ( 15263      0)     0.000 (     0      0)
"CPL:RUN_LOOP_BSTART"                                         -      16384    16384 1.638400e+04   7.669160e+00     0.001 ( 10836      0)     0.000 ( 15262      0)
"CPL:RUN_LOOP"                                                -      16384    16384 7.077888e+06   4.178200e+06   255.018 ( 15297      0)   255.016 (  5988      0)
"CPL:CLOCK_ADVANCE"                                           -      16384    16384 7.077888e+06   4.694465e+02     0.040 (  3852      0)     0.028 (  7530      0)
"CPL:RUN"                                                     -      16384    16384 8.491827e+07   8.519609e+04     7.915 (  2696      0)     1.977 (  4357      0)
"CPL:OCNPRE1"                                                 -      16384    16384 7.077888e+06   5.244262e+03     2.722 (  2707      0)     0.145 (  6453      0)
"CPL:ocnpre1_atm2ocn"                                         -      16384    16384 7.077888e+06   5.236286e+03     2.722 (  2707      0)     0.145 (  6453      0)
"CPL:LNDPREP"                                                 -      16384    16384 7.077888e+06   1.097012e+03     0.107 (  4800      0)     0.039 (  8919      0)
"CPL:lndprep_atm2lnd"                                         -      16384    16384 7.077888e+06   8.996808e+02     0.095 (  4800      0)     0.033 (  8025      0)
"CPL:lndprep_mrgx2l"                                          -      16384    16384 7.077888e+06   1.842036e+02     0.036 (  6331      0)     0.002 (  7146      0)
"CPL:COMM"                                                    -      16384    16384 4.952883e+07   1.556236e+05    19.067 (  8265      0)     2.473 (  1890      0)
"CPL:C2L"                                                     -      16384    16384 7.077888e+06   2.681205e+03     0.196 ( 13145      0)     0.119 (  2376      0)
"CPL:c2l_lndx2lndl"                                           -      16384    16384 7.077888e+06   1.673180e+03     0.132 (  8919      0)     0.073 (  4800      0)
"CPL:c2l_infoexch"                                            -      16384    16384 7.077888e+06   9.969382e+02     0.082 ( 13663      0)     0.028 (     4      0)
"CPL:ICEPREP"                                                 -      16384    16384 7.077888e+06   1.275898e+03     0.140 (  7945      0)     0.072 (  7456      0)
"CPL:iceprep_ocn2ice"                                         -      16384    16384 7.077888e+06   1.351058e+02     0.012 (  7367      0)     0.007 (  7366      0)
"CPL:iceprep_atm2ice"                                         -      16384    16384 7.077888e+06   2.766434e+02     0.023 (  6336      0)     0.015 (  1171      0)
"CPL:iceprep_mrgx2i"                                          -      16384    16384 7.077888e+06   8.330310e+02     0.111 (  7945      0)     0.047 ( 11573      0)
"CPL:C2I"                                                     -      16384    16384 7.077888e+06   8.423388e+02     0.096 (  7950      0)     0.040 (  7945      0)
"CPL:c2i_icex2icei"                                           -      16384    16384 7.077888e+06   2.900671e+02     0.025 ( 15414      0)     0.015 (  6783      0)
"CPL:ice_infoexch"                                            -      16384    16384 7.077888e+06   5.401796e+02     0.078 (  7950      0)     0.023 (  7945      0)
"CPL:ICE_RUN"                                                 -      16384    16384 7.077888e+06   4.351141e+04     3.821 ( 13073      0)     2.492 (  7945      0)
"i:cice_run_total"                                            -      16384    16384 7.077888e+06   4.233792e+04     3.745 ( 13073      0)     2.393 ( 16137      0)
"i:cice_run_import"                                           -      16384    16384 7.077888e+06   1.721781e+03     0.126 ( 12311      0)     0.096 (   991      0)
"i:cice_imp_ocn"                                              -      16384    16384 7.077888e+06   3.255467e+02     0.021 (  3999      0)     0.019 (  7458      0)
"i:cice_imp_atm"                                              -      16384    16384 7.077888e+06   3.878799e+02     0.025 (  4958      0)     0.023 (  8855      0)
"i:cice_run_initmd"                                           -      16384    16384 7.077888e+06   1.748567e+04     1.104 (     0      0)     0.996 ( 16137      0)
"i:cice_run_presc"                                            -      16384    16384 7.077888e+06   1.040627e+04     0.646 (  3896      0)     0.614 ( 15536      0)
"i:cice_pice_strd_adv_total"                                  -      16384    16384 7.077888e+06   9.168636e+03     0.561 ( 12296      0)     0.552 ( 15490      0)
"i:cice_pice_strd_adv_readLBUB"                               -      16384    16384 7.077888e+06   8.988644e+03     0.552 ( 11629      0)     0.546 ( 15222      0)
"i:cice_pice_readLBUB_setup"                                  -      16384    16384 7.077888e+06   2.384357e+00     0.000 (  9603      0)     0.000 (   383      0)
"i:cice_pice_readLBUB_fbound"                                 -      16384    16384 3.276800e+04   1.473889e-01     0.143 (     0      0)     0.000 (  7334      0)
"i:cice_pice_readLBUB_bcast"                                  -      16384    16384 3.276800e+04   2.343831e+03     0.144 ( 16222      0)     0.000 (     0      0)
"i:cice_pice_readLBUB_LB_setup"                               -      16384    16384 1.638400e+04   7.928683e-03     0.000 ( 10800      0)     0.000 (  8932      0)
"i:cice_pice_readLBUB_LB_readpio"                             -      16384    16384 1.638400e+04   6.100926e+03     0.386 (  5810      0)     0.360 ( 14415      0)
"i:PIO:openfile"                                              -      16384    16384 1.638400e+04   5.739098e+03     0.353 (  7736      0)     0.350 (  4895      0)
"i:PIO:pio_inq_varid_file_vdesc"                              -      16384    16384 9.830400e+04   5.000603e+00     0.001 (  7306      0)     0.000 (  2047      0)
"i:PIO:pio_inq_varid_file_vid"                                -      16384    16384 9.830400e+04   4.933040e+00     0.001 (  7306      0)     0.000 (  2047      0)
"i:PIO:pio_inq_varndims_file_vdesc"                           -      16384    16384 4.915200e+04   3.047544e+00     0.000 (  5971      0)     0.000 ( 12574      0)
"i:PIO:pio_inq_varndims_file_vid"                             -      16384    16384 4.915200e+04   3.010409e+00     0.000 (  5971      0)     0.000 ( 12575      0)
"i:PIO:pio_inq_vardimid_file_vdesc"                           -      16384    16384 4.915200e+04   6.904648e+00     0.001 (  9759      0)     0.000 (   447      0)
"i:PIO:pio_inq_vardimid_file_vid"                             -      16384    16384 4.915200e+04   6.861996e+00     0.001 (  9759      0)     0.000 (   447      0)
"i:PIO:pio_inq_dimlen_file_dimid"                             -      16384    16384 1.474560e+05   6.594505e+00     0.001 ( 16085      0)     0.000 (  7791      0)
"i:PIO:pio_inq_dimlen_file_dimid_offlen"                      -      16384    16384 1.474560e+05   6.498340e+00     0.001 ( 16085      0)     0.000 (  7791      0)
"i:PIO:pio_inq_vartype_file_vdesc"                            -      16384    16384 4.915200e+04   3.315117e+00     0.000 (  6395      0)     0.000 (  1342      0)
"i:PIO:pio_inq_vartype_file_vid"                              -      16384    16384 4.915200e+04   3.275690e+00     0.000 (  6395      0)     0.000 (  1342      0)
"i:PIO:read_darray_1d_real"                                   -      16384    16384 4.915200e+04   6.755433e+02     0.055 (  8192      0)     0.024 ( 15313      0)
"i:PIO:PIOc_read_darray"                                      -      16384    16384 4.915200e+04   6.753899e+02     0.055 (  8192      0)     0.024 ( 15313      0)
"i:PIO:read_darray_nc"                                        -      16384    16384 4.915200e+04   7.182642e+01     0.054 (  8192      0)     0.000 (   306      0)
"i:PIO:rearrange_io2comp"                                     -      16384    16384 4.915200e+04   5.955242e+02     0.054 ( 11639      0)     0.000 ( 12288      0)
"i:PIO:pio_swapm"                                             -      16384    16384 4.915200e+04   5.944902e+02     0.054 ( 11641      0)     0.000 ( 12288      0)
"i:cice_pice_readLBUB_UB_setup"                               -      16384    16384 3.276800e+04   1.301469e-02     0.000 (     0      0)     0.000 (  9266      0)
"i:cice_pice_readLBUB_UB_readpio"                             -      16384    16384 3.276800e+04   5.215992e+02     0.046 ( 15016      0)     0.019 (  6839      0)
"i:cice_pice_readLBUB_filemgt"                                -      16384    16384 7.077888e+06   9.700764e-01     0.000 (  4883      0)     0.000 (     0      0)
"i:cice_pice_strd_adv_map"                                    -      16384    16384 3.276800e+04   9.066338e+01     0.009 ( 16117      0)     0.000 (  1897      0)
"i:cice_pice_strd_adv_tint"                                   -      16384    16384 7.077888e+06   6.981340e+01     0.005 (   496      0)     0.004 (  8513      0)
"i:cice_run_initflux"                                         -      16384    16384 7.077888e+06   1.404843e+02     0.015 (  8263      0)     0.005 ( 14795      0)
"i:cice_run_prepradiation"                                    -      16384    16384 7.077888e+06   4.714194e+01     0.008 ( 15094      0)     0.002 (    11      0)
"i:cice_run_therm1"                                           -      16384    16384 7.077888e+06   1.969328e+03     0.814 ( 12942      0)     0.076 ( 11514      0)
"i:cice_run_dyn"                                              -      16384    16384 7.077888e+06   3.951995e-01     0.000 (  9946      0)     0.000 ( 11617      0)
"i:cice_run_radiation"                                        -      16384    16384 7.077888e+06   1.510670e+03     0.858 ( 13225      0)     0.043 ( 15117      0)
"i:cice_step_radiationib"                                     -      16384    16384 7.077888e+06   1.413399e+03     0.853 ( 13225      0)     0.038 ( 15117      0)
"i:cice_step_rib_swdedd1"                                     -      16384    16384 7.077888e+06   2.396708e+02     0.021 ( 12998      0)     0.003 ( 15466      0)
"i:cice_step_rib_swdedd2"                                     -      16384    16384 7.077888e+06   2.632171e+01     0.004 ( 12910      0)     0.001 (  3622      0)
"i:cice_step_rib_swdedd7"                                     -      16384    16384 7.077888e+06   1.098046e+03     0.826 ( 13225      0)     0.032 ( 11541      0)
"i:cice_run_couplingprep"                                     -      16384    16384 7.077888e+06   1.772212e+03     1.374 ( 13130      0)     0.036 ( 15417      0)
"i:ice_HaloUpdate2DR8"                                        -      16384    16384 7.077888e+06   1.148167e+03     1.335 ( 13130      0)     0.003 ( 11865      0)
"i:ice_HU2DR8_init"                                           -      16384    16384 7.077888e+06   1.591520e+00     0.000 ( 14479      0)     0.000 ( 14866      0)
"i:cice_run_diag"                                             -      16384    16384 7.077888e+06   5.752186e+03     0.358 (  5985      0)     0.299 ( 13129      0)
"i:cice_run_hist"                                             -      16384    16384 7.077888e+06   8.658037e+02     0.067 ( 14416      0)     0.042 ( 14007      0)
"i:cice_run_accum"                                            -      16384    16384 7.077888e+06   2.660246e+01     0.002 ( 13198      0)     0.001 ( 10442      0)
"i:cice_run_export"                                           -      16384    16384 7.077888e+06   5.230772e+02     0.040 ( 13006      0)     0.030 ( 10848      0)
"CPL:LND_RUN"                                                 -      16384    16384 7.077888e+06   3.558808e+05    26.827 ( 13425      0)    17.392 ( 16139      0)
"l:lc_lnd_import"                                             -      16384    16384 7.077888e+06   4.905422e+02     0.037 (  6208      0)     0.026 ( 15134      0)
"l:elm_run"                                                   -      16384    16384 7.094272e+06   3.544429e+05    26.738 ( 13425      0)    17.304 ( 16139      0)
"l:shr_orb_decl"                                              -      16384    16384 7.094272e+06   6.598873e+00     0.001 (  6319      0)     0.000 ( 15365      0)
"l:decomp_vert"                                               -      16384    16384 7.094272e+06   4.002736e+01     0.004 ( 10012      0)     0.002 (  8722      0)
"l:beggridwbal"                                               -      16384    16384 7.094272e+06   1.594835e+03     0.129 ( 16200      0)     0.078 (  9177      0)
"l:cnpinit"                                                   -      16384    16384 7.094272e+06   3.642089e+00     0.000 (  7786      0)     0.000 ( 12433      0)
"l:cnpvegsumm"                                                -      16384    16384 7.094272e+06   3.527145e-01     0.000 ( 12452      0)     0.000 ( 11428      0)
"l:dyn_subgrid"                                               -      16384    16384 7.094272e+06   1.291622e+04     0.948 ( 16200      0)     0.686 (  9176      0)
"l:begwbal"                                                   -      16384    16384 7.094272e+06   2.510181e+02     0.027 ( 16200      0)     0.010 ( 11489      0)
"l:begcnpbal"                                                 -      16384    16384 7.094272e+06   5.684066e-01     0.000 (   179      0)     0.000 ( 10977      0)
"l:drvinit"                                                   -      16384    16384 7.094272e+06   7.805033e+02     0.069 (  4281      0)     0.041 ( 15873      0)
"l:canhydro"                                                  -      16384    16384 7.094272e+06   1.728360e+03     0.143 (   496      0)     0.074 (  8833      0)
"l:surfrad"                                                   -      16384    16384 7.094272e+06   3.295406e+03     0.251 (  2067      0)     0.158 ( 12423      0)
"l:bgp1"                                                      -      16384    16384 7.094272e+06   2.150082e+03     0.210 ( 16200      0)     0.088 (  9177      0)
"l:bgflux"                                                    -      16384    16384 7.094272e+06   3.043602e+03     0.262 (  3189      0)     0.118 ( 11450      0)
"l:canflux"                                                   -      16384    16384 7.094272e+06   1.325630e+05    12.930 ( 13425      0)     4.663 (  8269      0)
"l:can_iter"                                                  -      16384    16384 7.094272e+06   1.137206e+05    11.501 ( 13425      0)     3.826 (  8269      0)
"l:uflux"                                                     -      16384    16384 7.094272e+06   1.383951e+03     0.263 ( 16200      0)     0.008 ( 12407      0)
"l:bgplake"                                                   -      16384    16384 7.094272e+06   9.251035e+03     0.857 (   498      0)     0.330 (  8824      0)
"l:bgc"                                                       -      16384    16384 7.094272e+06   6.283951e+03     0.513 (  2261      0)     0.291 (  8268      0)
"l:soiltemperature"                                           -      16384    16384 7.094272e+06   3.546672e+04     2.924 ( 16200      0)     1.717 ( 15873      0)
"l:SoilThermProp"                                             -      16384    16384 7.094272e+06   3.667534e+03     0.346 ( 16200      0)     0.154 ( 11489      0)
"l:SoilTempBandDiag"                                          -      16384    16384 1.418854e+07   7.928367e+03     0.784 ( 16200      0)     0.346 ( 13121      0)
"l:PhaseChangeH2osfc"                                         -      16384    16384 7.094272e+06   3.214262e+01     0.004 (  1147      0)     0.001 ( 12391      0)
"l:PhaseChangebeta"                                           -      16384    16384 7.094272e+06   1.586549e+03     0.168 ( 16200      0)     0.051 ( 13122      0)
"l:bgp2"                                                      -      16384    16384 7.094272e+06   3.659479e+03     0.307 (  2493      0)     0.159 (  9179      0)
"l:bgp2_loop_1"                                               -      16384    16384 7.094272e+06   4.544066e+02     0.042 ( 16200      0)     0.020 (  9179      0)
"l:bgp2_loop_2"                                               -      16384    16384 7.094272e+06   8.573112e+02     0.089 ( 16242      0)     0.038 (  9179      0)
"l:bgp2_loop_3"                                               -      16384    16384 7.094272e+06   1.927626e+03     0.182 ( 15511      0)     0.080 (  8268      0)
"l:bgp2_loop_4"                                               -      16384    16384 7.094272e+06   3.903501e+02     0.032 (  2261      0)     0.018 (  8268      0)
"l:patch2col"                                                 -      16384    16384 7.094272e+06   1.438506e+03     0.119 ( 16200      0)     0.068 ( 11489      0)
"l:hydro without drainage"                                    -      16384    16384 7.094272e+06   1.565622e+04     1.355 ( 16200      0)     0.747 (  9178      0)
"l:hylake"                                                    -      16384    16384 7.094272e+06   1.190039e+03     0.191 (  5220      0)     0.053 ( 10293      0)
"l:snow_init"                                                 -      16384    16384 7.094272e+06   1.683514e+02     0.029 (  3160      0)     0.004 (   687      0)
"l:ecosysdyn"                                                 -      16384    16384 7.094272e+06   4.569227e+02     0.039 (   753      0)     0.020 ( 12423      0)
"l:depvel"                                                    -      16384    16384 1.418854e+07   1.111375e+01     0.001 (  5575      0)     0.001 (  9541      0)
"l:hydro2 drainage"                                           -      16384    16384 7.094272e+06   1.488698e+03     0.145 ( 16200      0)     0.065 ( 11156      0)
"l:balchk"                                                    -      16384    16384 7.094272e+06   1.519621e+03     0.108 ( 15281      0)     0.080 (  5689      0)
"l:gridbalchk"                                                -      16384    16384 7.094272e+06   1.381198e+03     0.105 (   269      0)     0.072 (  5689      0)
"l:lnd2atm"                                                   -      16384    16384 7.094272e+06   1.045508e+04     0.759 ( 16200      0)     0.550 (  9176      0)
"l:wrtdiag"                                                   -      16384    16384 7.094272e+06   1.167553e+02     0.017 (     0      0)     0.006 ( 12294      0)
"l:hbuf"                                                      -      16384    16384 7.094272e+06   3.776383e+04     2.658 ( 16200      0)     2.027 (  9176      0)
"l:elm_drv_io"                                                -      16384    16384 7.094272e+06   2.201550e+01     0.002 (  7851      0)     0.001 ( 10534      0)
"l:elm_drv_io_htapes"                                         -      16384    16384 7.094272e+06   1.729859e+01     0.002 (  7851      0)     0.001 ( 16222      0)
"l:lc_lnd_export"                                             -      16384    16384 7.094272e+06   2.382835e+02     0.016 (  8112      0)     0.014 (   244      0)
"l:lc_elm2_adv_timestep"                                      -      16384    16384 7.094272e+06   3.749111e+00     0.001 (  7299      0)     0.000 (  3169      0)
"l:accum"                                                     -      16384    16384 7.077888e+06   4.601062e+03     0.327 (   592      0)     0.260 (   132      0)
"CPL:ATMOCNP"                                                 -      16384    16384 7.077888e+06   5.059577e+03     0.438 (  2747      0)     0.054 ( 10878      0)
"CPL:atmocnp_fluxo"                                           -      16384    16384 7.077888e+06   4.289015e+03     0.386 ( 13294      0)     0.009 (  5145      0)
"CPL:atmocnp_ocnalb"                                          -      16384    16384 7.077888e+06   7.568846e+02     0.071 (  5353      0)     0.033 (  9038      0)
"CPL:L2C"                                                     -      16384    16384 7.077888e+06   1.726331e+04     4.974 (  1649      0)     0.061 (  3251      0)
"CPL:l2c_lndl2lndx"                                           -      16384    16384 7.077888e+06   1.724879e+04     4.973 (  1649      0)     0.060 (  3251      0)
"lnd2cpl_run"                                                 -      16384    16384 7.077888e+06   4.271651e+00     0.001 ( 15820      0)     0.000 (  5146      0)
"CPL:LNDPOST"                                                 -      16384    16384 7.077888e+06   1.299558e+00     0.000 (  5519      0)     0.000 (   747      0)
"CPL:I2C"                                                     -      16384    16384 7.077888e+06   3.160566e+02     0.027 (  2751      0)     0.017 (  9836      0)
"CPL:i2c_icei2icex"                                           -      16384    16384 7.077888e+06   2.990240e+02     0.026 (  2751      0)     0.016 (  9836      0)
"CPL:i2c_infoexch"                                            -      16384    16384 7.077888e+06   4.373502e+00     0.001 (  5495      0)     0.000 ( 13846      0)
"CPL:ICEPOST"                                                 -      16384    16384 7.077888e+06   9.493737e-01     0.000 (   429      0)     0.000 ( 15553      0)
"CPL:FRACSET"                                                 -      16384    16384 7.077888e+06   1.316102e+04     4.281 ( 14659      0)     0.057 (  6453      0)
"CPL:fracset_fracset"                                         -      16384    16384 7.077888e+06   1.315681e+04     4.281 ( 14659      0)     0.057 (  6453      0)
"CPL:ATMPREP"                                                 -      16384    16384 7.077888e+06   5.930086e+04     6.162 ( 13473      0)     1.035 ( 16075      0)
"CPL:atmprep_xao2atm"                                         -      16384    16384 7.077888e+06   1.796666e+04     3.726 ( 15412      0)     0.117 (  6453      0)
"CPL:atmprep_ocn2atm"                                         -      16384    16384 7.077888e+06   9.854504e+03     2.510 ( 11249      0)     0.101 (  6453      0)
"CPL:atmprep_alb2atm"                                         -      16384    16384 7.077888e+06   3.435598e+03     1.782 ( 13504      0)     0.043 (  6453      0)
"CPL:atmprep_ice2atm"                                         -      16384    16384 7.077888e+06   7.095548e+03     1.686 ( 13627      0)     0.123 (  6453      0)
"CPL:atmprep_lnd2atm"                                         -      16384    16384 7.077888e+06   1.916517e+04     4.502 (  4880      0)     0.097 (  4210      0)
"CPL:atmprep_mrgx2a"                                          -      16384    16384 7.077888e+06   1.742317e+03     0.240 (  8778      0)     0.081 (  8295      0)
"CPL:C2A"                                                     -      16384    16384 7.077888e+06   1.471107e+04     3.733 (  4572      0)     0.209 ( 15375      0)
"CPL:c2a_atmx2atmg"                                           -      16384    16384 7.077888e+06   1.100241e+04     3.488 (  4572      0)     0.054 (  3091      0)
"CPL:c2a_infoexch"                                            -      16384    16384 7.077888e+06   3.698041e+03     1.881 ( 11069      0)     0.050 (   167      0)
"CPL:ATM_RUN"                                                 -      16384    16384 7.077888e+06   3.515745e+06   220.320 ( 12960      0)   209.152 (  8877      0)
"a:EAMxx::run"                                                -      16384    16384 7.077888e+06   3.514588e+06   220.251 ( 12960      0)   209.083 (  8877      0)
"a:PIO:PIOc_sync"                                             -      16384    16384 1.638400e+04   4.095267e-01     0.000 ( 15936      0)     0.000 (   574      0)
"a:PIO:write_total"                                           -      16384    16384 1.638400e+04   3.668755e-01     0.000 ( 15936      0)     0.000 (  1027      0)
"a:PIO:flush_output_buffer"                                   -       2048     2048 2.048000e+03   2.087697e-01     0.000 ( 15936      0)     0.000 (  2920      0)
"a:EAMxx::EAMxx::run"                                         -      16384    16384 7.077888e+06   3.513987e+06   220.214 ( 12960      0)   209.047 (  8877      0)
"a:EAMxx::EAMxx::run-precondition-checks"                     -      16384    16384 7.077888e+06   2.798693e+00     0.001 ( 15852      0)     0.000 (  5875      0)
"a:EAMxx::SurfaceCouplingImporter::run"                       -      16384    16384 7.077888e+06   8.407594e+03     0.666 (  6880      0)     0.440 (  3537      0)
"a:EAMxx::SurfaceCouplingImporter::run-precondition-checks"   -      16384    16384 7.077888e+06   1.691825e+00     0.000 ( 11909      0)     0.000 (  5487      0)
"a:EAMxx::SurfaceCouplingImporter::run-postcondition-checks"  -      16384    16384 7.077888e+06   7.438173e+03     0.585 ( 14982      0)     0.385 (  8737      0)
"a:EAMxx::homme::run"                                         -      16384    16384 7.077888e+06   3.142355e+06   191.960 (     0      0)   191.592 ( 13823      0)
"a:EAMxx::homme::run-precondition-checks"                     -      16384    16384 7.077888e+06   1.740031e+00     0.000 ( 12773      0)     0.000 ( 12460      0)
"a:tl-sc prim_run_subcycle_c"                                 -      16384    16384 1.415578e+07   3.057953e+06   186.835 ( 10378      0)   186.444 ( 14509      0)
"a:tl-s prim_step_flexible"                                   -      16384    16384 1.415578e+07   3.057889e+06   186.831 ( 10378      0)   186.440 ( 14509      0)
"a:ApplyCAMForcing_tracers"                                   -      16384    16384 7.077888e+06   4.898766e+03     0.433 ( 11940      0)     0.228 ( 13273      0)
"a:tl-s deep_copy+derived_dp"                                 -      16384    16384 1.415578e+07   1.742509e+03     0.196 (  9592      0)     0.079 ( 10753      0)
"a:ApplyCAMForcing_dynamics"                                  -      16384    16384 4.246733e+07   6.370223e+03     0.411 (  4426      0)     0.359 (  6477      0)
"a:tl-ae prim_advance_exp"                                    -      16384    16384 8.493466e+07   2.467603e+06   153.097 (  4845      0)   149.460 (  1423      0)
"a:ttype9_imex_timestep"                                      -      16384    16384 8.493466e+07   2.116930e+06   132.154 (  4840      0)   127.609 ( 15848      0)
"a:caar compute"                                              -      16384    16384 8.493466e+08   7.780448e+05    48.106 ( 11098      0)    46.111 ( 14949      0)
"a:caar_bexchV"                                               -      16384    16384 4.246733e+08   3.431709e+05    24.805 ( 15222      0)    18.352 (  8122      0)
"a:caar limiter"                                              -      16384    16384 5.096079e+08   2.857788e+04     1.923 ( 13334      0)     1.668 (  3785      0)
"a:compute_stage_value_dirk"                                  -      16384    16384 4.246733e+08   9.489828e+05    62.118 (  8122      0)    55.875 ( 15505      0)
"a:tl-ae advance_hypervis_dp"                                 -      16384    16384 8.493466e+07   3.469963e+05    23.907 (  5391      0)    19.883 ( 14854      0)
"a:hvf-bhwk"                                                  -      16384    16384 8.493466e+07   1.874615e+05    12.611 (  4846      0)    10.849 (  7114      0)
"a:hvf-bexch"                                                 -      16384    16384 2.548040e+08   1.412481e+05    11.389 (  5391      0)     7.029 (  8122      0)
"a:tl-sc vertical_remap"                                      -      16384    16384 4.246733e+07   1.867361e+05    11.950 ( 14624      0)    10.467 ( 15149      0)
"a:Remap Thickness Functor"                                   -      16384    16384 4.246733e+07   8.555496e+03     0.683 ( 11400      0)     0.400 (  7875      0)
"a:Remap Scale States Functor"                                -      16384    16384 4.246733e+07   2.273685e+03     0.154 (  6842      0)     0.132 ( 11521      0)
"a:Remap Compute Grids Functor"                               -      16384    16384 4.246733e+07   1.560394e+04     0.986 (  1656      0)     0.863 ( 15557      0)
"a:Remap Compute Remap Functor"                               -      16384    16384 4.246733e+07   1.370679e+05     8.758 (  5379      0)     7.596 ( 16081      0)
"a:Remap Rescale States Functor"                              -      16384    16384 4.246733e+07   2.386422e+03     0.158 ( 10502      0)     0.139 ( 15833      0)
"a:tl-at prim_advec_tracers_compose"                          -      16384    16384 1.415578e+07   3.623134e+05    23.108 ( 10339      0)    19.903 (  5401      0)
"a:compose_transport"                                         -      16384    16384 1.415578e+07   3.621874e+05    23.100 ( 10339      0)    19.895 (  5401      0)
"a:compose_calc_trajectory"                                   -      16384    16384 1.415578e+07   4.098586e+04     2.914 ( 14303      0)     2.133 (  2130      0)
"a:compose_3d_levels"                                         -      16384    16384 1.415578e+07   2.291130e+04     1.581 (  1101      0)     1.262 (   114      0)
"a:compose_v_bexchv"                                          -      16384    16384 1.415578e+07   1.650819e+04     1.477 (  8207      0)     0.664 ( 11833      0)
"a:compose_v2x"                                               -      16384    16384 1.415578e+07   1.508728e+03     0.098 (  6194      0)     0.088 ( 15325      0)
"a:compose_isl"                                               -      16384    16384 1.415578e+07   5.514195e+04     3.950 (  4930      0)     2.713 ( 10958      0)
"a:compose_hypervis_scalar"                                   -      16384    16384 1.415578e+07   9.173614e+04     6.513 (  4190      0)     4.567 (  8130      0)
"a:compose_cedr_global"                                       -      16384    16384 1.415578e+07   1.316525e+05     8.818 (  6662      0)     6.675 (  4810      0)
"a:repro_sum_int"                                             -      16384    16384 1.415578e+07   9.789366e+04     6.792 (  6662      0)     4.575 (  4784      0)
"a:compose_cedr_local"                                        -      16384    16384 1.415578e+07   2.264993e+04     1.534 (   168      0)     1.212 ( 14693      0)
"a:compose_dss_q"                                             -      16384    16384 1.415578e+07   1.991817e+04     1.415 (   184      0)     1.023 ( 15193      0)
"a:compose_vertical_remap"                                    -      16384    16384 1.415578e+07   2.768787e+04     1.755 ( 12960      0)     1.568 (  8895      0)
"a:shr_reprosum_INF_NaN_Chk"                                  -      16384    16384 1.415578e+07   1.367059e+02     0.009 ( 13900      0)     0.007 (   836      0)
"a:shr_reprosum_int"                                          -      16384    16384 1.415578e+07   2.046013e+04     1.410 (  3769      0)     1.124 ( 10098      0)
"a:repro_sum_loopa"                                           -      16384    16384 1.415578e+07   1.431203e+02     0.011 ( 14935      0)     0.007 ( 15291      0)
"a:repro_sum_allr_minmax"                                     -      16384    16384 1.415578e+07   1.450905e+04     1.045 (  3769      0)     0.760 ( 10098      0)
"a:repro_sum_loopb"                                           -      16384    16384 1.415578e+07   4.621243e+02     0.029 (  4458      0)     0.028 (  7565      0)
"a:repro_sum_allr_i8"                                         -      16384    16384 1.415578e+07   5.262232e+03     0.328 (  8673      0)     0.314 (  8238      0)
"a:repro_sum_finalsum"                                        -      16384    16384 1.415578e+07   1.012270e+01     0.001 (  8313      0)     0.001 ( 15409      0)
"a:EAMxx::homme::run-postcondition-checks"                    -      16384    16384 7.077888e+06   9.242177e+03     0.599 ( 12454      0)     0.545 (  1009      0)
"a:EAMxx::physics::run"                                       -      16384    16384 7.077888e+06   3.606588e+05    27.741 ( 12960      0)    16.547 (  8917      0)
"a:EAMxx::physics::run-precondition-checks"                   -      16384    16384 7.077888e+06   2.199182e+00     0.000 ( 10027      0)     0.000 ( 10373      0)
"a:EAMxx::mac_aero_mic::run"                                  -      16384    16384 7.077888e+06   9.580853e+04     7.807 (  7617      0)     4.478 ( 13693      0)
"a:EAMxx::mac_aero_mic::run-precondition-checks"              -      16384    16384 7.077888e+06   2.006317e+00     0.000 (  6615      0)     0.000 ( 14956      0)
"a:EAMxx::tms::run"                                           -      16384    16384 7.077888e+06   1.301594e+03     0.153 (  1904      0)     0.055 ( 13317      0)
"a:EAMxx::tms::run-precondition-checks"                       -      16384    16384 7.077888e+06   1.607767e+00     0.000 (  7681      0)     0.000 (  8188      0)
"a:EAMxx::tms::run-postcondition-checks"                      -      16384    16384 7.077888e+06   8.094003e+02     0.064 (  6282      0)     0.043 ( 12121      0)
"a:EAMxx::shoc::run"                                          -      16384    16384 7.077888e+06   3.788984e+04     3.004 ( 13660      0)     1.871 ( 12577      0)
"a:EAMxx::shoc::run-precondition-checks"                      -      16384    16384 7.077888e+06   1.674239e+00     0.001 (  4410      0)     0.000 (  1656      0)
"a:EAMxx::shoc::preprocess"                                   -      16384    16384 7.077888e+06   1.365875e+02     0.010 (  6044      0)     0.007 (  8611      0)
"a:EAMxx::shoc::shoc_main"                                    -      16384    16384 7.077888e+06   2.659372e+04     2.294 (   430      0)     1.199 ( 12124      0)
"a:EAMxx::shoc::postprocess"                                  -      16384    16384 7.077888e+06   4.448645e+02     0.031 (  9223      0)     0.024 ( 13164      0)
"a:EAMxx::shoc::run-postcondition-checks"                     -      16384    16384 7.077888e+06   9.055139e+03     0.588 ( 11366      0)     0.533 (  3569      0)
"a:EAMxx::cld_fraction::run"                                  -      16384    16384 7.077888e+06   2.838950e+03     0.205 ( 11902      0)     0.165 (  7793      0)
"a:EAMxx::cld_fraction::run-precondition-checks"              -      16384    16384 7.077888e+06   1.960780e+00     0.000 ( 14142      0)     0.000 ( 16130      0)
"a:EAMxx::cld_fraction::run-postcondition-checks"             -      16384    16384 7.077888e+06   2.481924e+03     0.162 ( 14230      0)     0.145 ( 10401      0)
"a:EAMxx::spa::run"                                           -      16384    16384 7.077888e+06   1.756301e+04     1.438 (  9094      0)     0.900 ( 12981      0)
"a:EAMxx::spa::run-precondition-checks"                       -      16384    16384 7.077888e+06   1.626378e+00     0.000 (  6187      0)     0.000 ( 11906      0)
"a:EAMxx::spa::run-postcondition-checks"                      -      16384    16384 7.077888e+06   7.223030e+03     0.453 (  2902      0)     0.412 ( 15249      0)
"a:EAMxx::p3::run"                                            -      16384    16384 7.077888e+06   3.597816e+04     3.567 (  6936      0)     1.402 (  6354      0)
"a:EAMxx::p3::run-precondition-checks"                        -      16384    16384 7.077888e+06   7.392734e+02     0.051 (  4838      0)     0.043 ( 16209      0)
"a:EAMxx::p3::run-postcondition-checks"                       -      16384    16384 7.077888e+06   1.167395e+04     0.758 ( 11366      0)     0.687 ( 10401      0)
"a:EAMxx::mac_aero_mic::run-postcondition-checks"             -      16384    16384 7.077888e+06   1.694882e+00     0.000 (   810      0)     0.000 (  7664      0)
"a:EAMxx::rrtmgp::run"                                        -      16384    16384 7.077888e+06   2.645613e+05    20.520 ( 12328      0)    11.780 (  7681      0)
"a:EAMxx::rrtmgp::run-precondition-checks"                    -      16384    16384 7.077888e+06   3.797329e+02     0.025 ( 12374      0)     0.022 (  2571      0)
"a:EAMxx::rrtmgp::run-postcondition-checks"                   -      16384    16384 7.077888e+06   1.391992e+04     0.904 (  5090      0)     0.819 (  8809      0)
"a:EAMxx::physics::run-postcondition-checks"                  -      16384    16384 7.077888e+06   1.499044e+00     0.000 (  1347      0)     0.000 ( 11412      0)
"a:EAMxx::SurfaceCouplingExporter::run"                       -      16384    16384 7.077888e+06   2.171664e+03     0.237 (  9437      0)     0.125 ( 11235      0)
"a:EAMxx::SurfaceCouplingExporter::run-precondition-checks"   -      16384    16384 7.077888e+06   2.250701e+00     0.000 (  6100      0)     0.000 ( 11108      0)
"a:EAMxx::SurfaceCouplingExporter::run-postcondition-checks"  -      16384    16384 7.077888e+06   2.013136e+00     0.000 ( 10188      0)     0.000 (  5883      0)
"a:EAMxx::EAMxx::run-postcondition-checks"                    -      16384    16384 7.077888e+06   1.179199e+00     0.000 (  1838      0)     0.000 (  5202      0)
"a:EAMxx::IO::restart"                                        -      16384    16384 7.077888e+06   3.522196e+01     0.012 ( 15501      0)     0.002 (  9406      0)
"a:EAMxx::IO::model_restart"                                  -      16384    16384 7.077888e+06   2.886343e+01     0.011 ( 15501      0)     0.001 ( 12776      0)
"a:EAMxx::IO::restart::get_new_file"                          -      16384    16384 7.077888e+06   8.136075e-01     0.000 ( 11221      0)     0.000 (   379      0)
"a:EAMxx::IO::restart::run_output_streams"                    -      16384    16384 7.077888e+06   9.030613e+00     0.010 ( 15501      0)     0.000 (  5537      0)
"a:EAMxx::IO::standard"                                       -      16384    16384 7.077888e+06   2.125430e+01     0.002 (  3037      0)     0.001 (  2391      0)
"a:EAMxx::IO::nooutput.yaml"                                  -      16384    16384 7.077888e+06   1.544081e+01     0.001 (  9761      0)     0.001 ( 12434      0)
"a:EAMxx::IO::standard::get_new_file"                         -      16384    16384 7.077888e+06   5.726949e-01     0.000 ( 14819      0)     0.000 (   865      0)
"a:EAMxx::IO::standard::run_output_streams"                   -      16384    16384 7.077888e+06   6.655859e-01     0.000 ( 15698      0)     0.000 (  3991      0)
"CPL:A2C"                                                     -      16384    16384 7.077888e+06   9.339682e+04    11.381 (  7473      0)     0.522 ( 12960      0)
"CPL:a2c_atma2atmx"                                           -      16384    16384 7.077888e+06   6.100509e+04    10.641 ( 11587      0)     0.084 (  2026      0)
"CPL:a2c_infoexch"                                            -      16384    16384 7.077888e+06   3.237600e+04     8.264 (  9501      0)     0.006 (  4115      0)
"CPL:ATMPOST"                                                 -      16384    16384 7.077888e+06   1.815167e+00     0.000 ( 13336      0)     0.000 (  8090      0)
"CPL:HISTORY"                                                 -      16384    16384 7.077888e+06   4.034966e+00     0.001 (  8128      0)     0.000 (  8793      0)
"CPL:cime_run_write_history"                                  -      16384    16384 7.077888e+06   7.190819e-01     0.000 ( 12920      0)     0.000 ( 16144      0)
"CPL:TSTAMP_WRITE"                                            -      16384    16384 7.077888e+06   2.399032e+00     0.000 (  4320      0)     0.000 (   410      0)
"CPL:TPROF_WRITE"                                             -      16384    16384 7.077888e+06   3.573393e-01     0.000 (  2341      0)     0.000 (  8720      0)
"CPL:C2O_INITWAIT"                                            -      16384    16384 7.061504e+06   1.991371e+04     3.202 (  2261      0)     0.362 (  4955      0)
"l:interpMonthlyVeg"                                          -      16384    16384 7.061504e+06   4.719419e+04     2.882 (  3704      0)     2.877 ( 11657      0)
"l:readMonthlyVeg"                                            -      16384    16384 1.638400e+04   4.718677e+04     2.881 (  2224      0)     2.876 ( 11657      0)
"l:PIO:openfile"                                              -      16384    16384 1.638400e+04   1.009320e+04     0.733 (  1804      0)     0.512 ( 11374      0)
"l:PIO:pio_inq_varid_file_vdesc"                              -      16384    16384 1.310720e+05   2.350980e+01     0.004 ( 15978      0)     0.000 (  4752      0)
"l:PIO:pio_inq_varid_file_vid"                                -      16384    16384 1.310720e+05   2.342351e+01     0.004 ( 15978      0)     0.000 (  4752      0)
"l:PIO:pio_inq_varndims_file_vdesc"                           -      16384    16384 1.310720e+05   8.036440e+00     0.001 ( 16274      0)     0.000 (  1599      0)
"l:PIO:pio_inq_varndims_file_vid"                             -      16384    16384 1.310720e+05   7.959323e+00     0.001 ( 16274      0)     0.000 (  1599      0)
"l:PIO:pio_inq_vardimid_file_vdesc"                           -      16384    16384 1.310720e+05   1.823372e+01     0.002 ( 12113      0)     0.000 (   312      0)
"l:PIO:pio_inq_vardimid_file_vid"                             -      16384    16384 1.310720e+05   1.815278e+01     0.002 ( 12113      0)     0.000 (   312      0)
"l:PIO:pio_inq_dimname_file_dimid"                            -      16384    16384 1.114112e+06   4.728033e+01     0.004 ( 11817      0)     0.002 (   918      0)
"l:PIO:pio_inq_dimlen_file_dimid"                             -      16384    16384 2.621440e+05   8.121190e+00     0.001 (  9855      0)     0.000 (  1884      0)
"l:PIO:pio_inq_dimlen_file_dimid_offlen"                      -      16384    16384 2.621440e+05   7.963720e+00     0.001 (  9855      0)     0.000 (  1884      0)
"l:PIO:pio_inquire_file"                                      -      16384    16384 4.915200e+05   1.576618e+01     0.002 ( 12235      0)     0.001 (  1010      0)
"l:PIO:pio_inq_ndims_file"                                    -      16384    16384 4.915200e+05   1.552896e+01     0.002 ( 12235      0)     0.001 (  1008      0)
"l:PIO:initdecomp"                                            -      16384    16384 1.638400e+04   2.408146e+03     0.147 (  2611      0)     0.146 ( 15331      0)
"l:PIO:PIOc_initdecomp"                                       -      16384    16384 1.638400e+04   2.407857e+03     0.147 (  2611      0)     0.146 ( 15331      0)
"l:PIO:box_rearrange_create"                                  -      16384    16384 1.638400e+04   2.393498e+03     0.146 ( 10989      0)     0.146 (   434      0)
"l:PIO:pio_swapm"                                             -      16384    16384 1.802240e+05   3.227390e+04     2.106 (  1886      0)     0.273 ( 14336      0)
"l:PIO:read_darray_3d_double"                                 -      16384    16384 1.310720e+05   3.237898e+04     1.979 (  6048      0)     1.973 ( 15978      0)
"l:PIO:PIOc_read_darray"                                      -      16384    16384 1.310720e+05   3.237862e+04     1.979 (  6048      0)     1.973 ( 15978      0)
"l:PIO:read_darray_nc"                                        -      16384    16384 1.310720e+05   2.192936e+03     1.829 ( 14336      0)     0.000 (  2675      0)
"l:PIO:rearrange_io2comp"                                     -      16384    16384 1.310720e+05   3.015690e+04     1.976 (  5927      0)     0.143 ( 16312      0)
"l:PIO:closefile"                                             -      16384    16384 1.638400e+04   2.270255e+00     0.002 (  3080      0)     0.000 (  2550      0)
"l:PIO:PIOc_closefile"                                        -      16384    16384 1.638400e+04   2.246441e+00     0.002 (  3080      0)     0.000 (  2550      0)
"l:surfalb"                                                   -      16384    16384 7.061504e+06   1.575465e+04     1.307 ( 11579      0)     0.718 ( 12519      0)
"l:urbsurfalb"                                                -      16384    16384 7.061504e+06   6.303589e+03     0.657 ( 10897      0)     0.303 (  3900      0)
"CPL:OCNT_RUN"                                                -      16384    16384 7.061504e+06   1.681985e+03     0.149 (     0      0)     0.086 ( 14766      0)
"o:DOCN_RUN"                                                  -      16384    16384 7.061504e+06   1.485808e+03     0.103 ( 16139      0)     0.074 ( 14767      0)
"o:docn_run1"                                                 -      16384    16384 7.061504e+06   5.741119e+00     0.001 (   211      0)     0.000 ( 12262      0)
"o:docn"                                                      -      16384    16384 7.061504e+06   1.464899e+03     0.102 ( 16139      0)     0.072 ( 14767      0)
"o:docn_strdata_advance"                                      -      16384    16384 7.061504e+06   5.994514e+02     0.048 ( 16139      0)     0.019 ( 14767      0)
"o:docn_strd_adv_total"                                       -      16384    16384 7.061504e+06   5.887728e+02     0.047 ( 16139      0)     0.018 ( 14767      0)
"o:docn_strd_adv_readLBUB"                                    -      16384    16384 7.061504e+06   4.374071e+02     0.038 (  9778      0)     0.010 ( 14767      0)
"o:docn_readLBUB_setup"                                       -      16384    16384 7.061504e+06   1.732262e+00     0.000 ( 13644      0)     0.000 (  7172      0)
"o:docn_readLBUB_filemgt"                                     -      16384    16384 7.061504e+06   8.747044e-01     0.000 ( 10767      0)     0.000 (     0      0)
"o:docn_strd_adv_tint"                                        -      16384    16384 7.061504e+06   7.575998e+01     0.005 ( 16066      0)     0.004 (  1770      0)
"o:docn_scatter"                                              -      16384    16384 7.061504e+06   7.424851e+02     0.048 (  9686      0)     0.044 (  2854      0)
"o:docn_datamode"                                             -      16384    16384 7.061504e+06   3.115887e+01     0.003 ( 12906      0)     0.002 (  6870      0)
"o:docn_run2"                                                 -      16384    16384 7.061504e+06   3.431424e-01     0.005 (     0      0)     0.000 (  8924      0)
"CPL:O2CT"                                                    -      16384    16384 7.061504e+06   2.638537e+04     5.911 ( 16139      0)     0.019 ( 14857      0)
"CPL:o2c_ocno2ocnx"                                           -      16384    16384 7.061504e+06   1.161715e+02     0.009 (  6144      0)     0.007 (  4460      0)
"CPL:o2c_infoexch"                                            -      16384    16384 7.061504e+06   2.625847e+04     5.903 ( 16139      0)     0.011 ( 14857      0)
"CPL:OCNPOSTT"                                                -      16384    16384 7.061504e+06   2.454476e+00     0.000 (  4495      0)     0.000 (  6379      0)
"i:cice_pice_readLBUB_LB_copy"                                -      16384    16384 1.638400e+04   1.623778e-02     0.000 (  5486      0)     0.000 ( 15453      0)
"o:docn_readLBUB_fbound"                                      -      16384    16384 1.638400e+04   2.337950e-03     0.000 (     0      0)     0.000 (  1808      0)
"o:docn_readLBUB_bcast"                                       -      16384    16384 1.638400e+04   7.466773e+01     0.017 ( 14196      0)     0.000 ( 13731      0)
"o:docn_readLBUB_LB_copy"                                     -      16384    16384 1.638400e+04   1.504001e-02     0.000 (  6962      0)     0.000 (   495      0)
"o:docn_readLBUB_UB_setup"                                    -      16384    16384 1.638400e+04   8.396375e-03     0.000 (     0      0)     0.000 (  1778      0)
"o:docn_readLBUB_UB_readpio"                                  -      16384    16384 1.638400e+04   3.401827e+02     0.023 (  2048      0)     0.009 ( 14767      0)
"o:PIO:pio_inq_varid_file_vdesc"                              -      16384    16384 3.276800e+04   1.608558e+00     0.001 (  8213      0)     0.000 ( 14115      0)
"o:PIO:pio_inq_varid_file_vid"                                -      16384    16384 3.276800e+04   1.580933e+00     0.001 (  8213      0)     0.000 ( 14115      0)
"o:PIO:pio_inq_varndims_file_vdesc"                           -      16384    16384 1.638400e+04   1.227676e+00     0.001 (  6105      0)     0.000 ( 15451      0)
"o:PIO:pio_inq_varndims_file_vid"                             -      16384    16384 1.638400e+04   1.212762e+00     0.001 (  6105      0)     0.000 ( 15451      0)
"o:PIO:pio_inq_vardimid_file_vdesc"                           -      16384    16384 1.638400e+04   2.141596e+00     0.001 (  3203      0)     0.000 (  2495      0)
"o:PIO:pio_inq_vardimid_file_vid"                             -      16384    16384 1.638400e+04   2.125348e+00     0.001 (  3203      0)     0.000 (  2495      0)
"o:PIO:pio_inq_dimlen_file_dimid"                             -      16384    16384 4.915200e+04   2.114096e+00     0.004 ( 15088      0)     0.000 (  1489      0)
"o:PIO:pio_inq_dimlen_file_dimid_offlen"                      -      16384    16384 4.915200e+04   2.074727e+00     0.004 ( 15088      0)     0.000 (  1489      0)
"o:PIO:pio_inq_vartype_file_vdesc"                            -      16384    16384 1.638400e+04   2.858373e+00     0.006 (  2260      0)     0.000 (  7039      0)
"o:PIO:pio_inq_vartype_file_vid"                              -      16384    16384 1.638400e+04   2.844379e+00     0.006 (  2260      0)     0.000 (  1799      0)
"o:PIO:read_darray_1d_real"                                   -      16384    16384 1.638400e+04   3.280116e+02     0.023 ( 10574      0)     0.009 ( 14767      0)
"o:PIO:PIOc_read_darray"                                      -      16384    16384 1.638400e+04   3.279607e+02     0.023 ( 10574      0)     0.009 ( 14767      0)
"o:PIO:read_darray_nc"                                        -      16384    16384 1.638400e+04   3.956071e+01     0.022 (  7536      0)     0.000 ( 11771      0)
"o:PIO:rearrange_io2comp"                                     -      16384    16384 1.638400e+04   2.874210e+02     0.022 ( 10574      0)     0.000 (   576      0)
"o:PIO:pio_swapm"                                             -      16384    16384 1.638400e+04   2.869164e+02     0.022 ( 10574      0)     0.000 (   576      0)
"o:docn_strd_adv_fill"                                        -      16384    16384 1.638400e+04   2.338140e+00     0.000 ( 14027      0)     0.000 (  4096      0)
"o:docn_strd_adv_map"                                         -      16384    16384 1.638400e+04   3.811256e+01     0.005 (  2434      0)     0.000 ( 12297      0)
"CPL:RUN_LOOP_BSTOP"                                          -      16384    16384 1.638400e+04   1.238757e+01     0.001 (  6408      0)     0.000 (  6423      0)
"CPL:FINAL"                                                   -      16384    16384 1.638400e+04   1.525163e+04     0.932 (  4337      0)     0.930 ( 10057      0)
"CPL:cime_final"                                              -      16384    16384 1.638400e+04   1.525161e+04     0.932 (  4337      0)     0.930 ( 10057      0)
"o_f:DOCN_FINAL"                                              -      16384    16384 1.638400e+04   2.728513e-03     0.000 (     0      0)     0.000 (   883      0)
"a_f:EAMxx::finalize"                                         y      16384    16384 1.638400e+04   2.161409e+03     0.205 (  5181      0)     0.094 ( 15473      0)
"a_f:PIO:PIOc_sync"                                           -      16384    16384 1.638400e+04   3.258761e-01     0.000 ( 13600      0)     0.000 ( 12326      0)
"a_f:PIO:write_total"                                         -      16384    16384 3.276800e+04   3.600787e+00     0.009 (  2560      0)     0.000 (  9100      0)
"a_f:PIO:flush_output_buffer"                                 -       2048     2048 4.096000e+03   2.954216e-01     0.000 (  7472      0)     0.000 ( 12584      0)
"a_f:PIO:PIOc_closefile"                                      -      16384    16384 3.276800e+04   7.949446e+01     0.088 ( 14936      0)     0.000 ( 10290      0)
"a_f:PIO:PIOc_closefile_write_mode"                           -      16384    16384 1.638400e+04   3.301361e+00     0.009 (  2560      0)     0.000 (  7491      0)
"a_f:PIO:PIOc_freedecomp"                                     -      16384    16384 2.129920e+05   3.210799e+00     0.002 ( 16232      0)     0.000 ( 14850      0)
"PIO:finalize"                                                -      16384    16384 1.638400e+05   1.110856e+03     0.609 (  7552      0)     0.000 (  3635      0)
"PIO:PIOc_finalize"                                           -      16384    16384 1.638400e+05   1.110516e+03     0.609 (  7552      0)     0.000 (  3635      0)
"CPL:FINAL_sync1_tprf"                                        -      16384    16384 1.638400e+04   2.130662e+01     0.002 (  9115      0)     0.000 (  4337      0)
"CPL:FINAL_t_prf"                                             y          0        0 0.000000e+00   0.000000e+00     0.000 (     0      0)     0.000 (     0      0)

