
***** GLOBAL STATISTICS (  4096 MPI TASKS) *****

$Id: gptl.c,v 1.157 2011-03-28 20:55:18 rosinski Exp $
'count' is cumulative. All other stats are max/min
'on' indicates whether the timer was active during output, and so stats are lower or upper bounds.

name                                                         on  processes  threads        count      walltotal   wallmax (proc   thrd  )   wallmin (proc   thrd  )
"CPL:INIT"                                                    -       4096     4096 4.096000e+03   9.858565e+05   241.246 (     0      0)   239.989 (  4007      0)
"CPL:cime_pre_init1"                                          -       4096     4096 4.096000e+03   2.120930e+04     5.737 (     2      0)     4.479 (  4005      0)
"CPL:mpi_init"                                                -       4096     4096 4.096000e+03   1.865514e+04     5.113 (     0      0)     3.856 (  4000      0)
"CPL:ESMF_Initialize"                                         -       4096     4096 4.096000e+03   2.382050e-01     0.001 (   140      0)     0.000 (   127      0)
"CPL:cime_pre_init2"                                          -       4096     4096 4.096000e+03   2.623644e+03     0.642 (  3562      0)     0.607 (     1      0)
"CPL:seq_infodata_init"                                       -       4096     4096 4.096000e+03   6.553175e+02     0.552 (  3008      0)     0.001 (  1293      0)
"CPL:seq_timemgr_clockInit"                                   -       4096     4096 4.096000e+03   1.246004e+02     0.036 (   137      0)     0.000 (   540      0)
"CPL:cime_init"                                               -       4096     4096 4.096000e+03   9.620232e+05   234.901 (     1      0)   234.867 (  2692      0)
"CPL:init_comps"                                              -       4096     4096 4.096000e+03   9.617881e+05   234.845 (     3      0)   234.810 (  2692      0)
"CPL:comp_init_pre_all"                                       -       4096     4096 4.096000e+03   1.781627e-01     0.001 (  1204      0)     0.000 (  2224      0)
"CPL:comp_init_cc_atm"                                        -       4096     4096 4.096000e+03   4.435285e+05   108.317 (     1      0)   108.282 (  2689      0)
"a_i:comp_init"                                               -       4096     4096 8.192000e+03   4.435006e+05   108.316 (     0      0)   108.274 (  2710      0)
"a_i:EAMxx::init"                                             -       4096     4096 2.867200e+04   4.362943e+05   106.791 (  2297      0)   106.024 (   377      0)
"a_i:EAMxx::create_output_managers"                           -       4096     4096 4.096000e+03   2.229708e+00     0.004 (  3532      0)     0.000 (  1987      0)
"a_i:EAMxx::create_atm_processes"                             -       4096     4096 4.096000e+03   1.951695e+03     0.569 (   119      0)     0.027 (   376      0)
"a_i:EAMxx::create_grids"                                     -       4096     4096 4.096000e+03   3.959078e+04     9.735 (  1144      0)     9.573 (   133      0)
"a_i:EAMxx::build_grids"                                      -       4096     4096 4.096000e+03   3.195890e+04     7.818 (  3339      0)     7.801 (  3919      0)
"a_i:PartitioningTime"                                        -       4096     4096 4.096000e+03   1.012552e-03     0.000 (  3728      0)     0.000 (    53      0)
"a_i:repro_sum_int"                                           -       4096     4096 4.096000e+03   8.281245e+02     0.217 (  2464      0)     0.001 (   200      0)
"a_i:PIO:spio_get_att_tc"                                     -       4096     4096 4.464640e+05   2.263606e+01     0.006 (  3957      0)     0.005 (  1386      0)
"a_i:PIO:spio_get_vars_tc"                                    -       4096     4096 8.192000e+04   2.864862e+03     0.763 (  2239      0)     0.613 (    21      0)
"a_i:PIO:PIOc_closefile"                                      -       4096     4096 5.324800e+04   8.182859e+02     4.867 (   328      0)     0.000 (  4065      0)
"a_i:EAMxx::SurfaceCouplingImporter::set_grids"               -       4096     4096 4.096000e+03   7.686600e-01     0.001 (  3794      0)     0.000 (     9      0)
"a_i:EAMxx::homme::set_grids"                                 -       4096     4096 4.096000e+03   2.184839e+03     0.588 (   745      0)     0.473 (  3339      0)
"a_i:EAMxx::physics::set_grids"                               -       4096     4096 4.096000e+03   5.368582e+03     1.405 (  2872      0)     1.183 (   556      0)
"a_i:EAMxx::mac_aero_mic::set_grids"                          -       4096     4096 4.096000e+03   1.989333e+03     0.540 (  2872      0)     0.431 (   745      0)
"a_i:EAMxx::tms::set_grids"                                   -       4096     4096 4.096000e+03   2.873929e+01     0.008 (  2945      0)     0.006 (  3911      0)
"a_i:EAMxx::shoc::set_grids"                                  -       4096     4096 4.096000e+03   1.637386e+00     0.001 (   136      0)     0.000 (  4037      0)
"a_i:EAMxx::cld_fraction::set_grids"                          -       4096     4096 4.096000e+03   4.370994e-01     0.001 (  3763      0)     0.000 (  3243      0)
"a_i:EAMxx::spa::set_grids"                                   -       4096     4096 4.096000e+03   1.955806e+03     0.532 (  2872      0)     0.423 (   745      0)
"a_i:EAMxx::p3::set_grids"                                    -       4096     4096 4.096000e+03   2.414066e+00     0.009 (   821      0)     0.000 (  3437      0)
"a_i:EAMxx::rrtmgp::set_grids"                                -       4096     4096 4.096000e+03   3.378952e+03     0.868 (  2233      0)     0.747 (    18      0)
"a_i:EAMxx::SurfaceCouplingExporter::set_grids"               -       4096     4096 4.096000e+03   7.857903e+00     0.030 (  1754      0)     0.002 (  2401      0)
"a_i:EAMxx::create_fields"                                    -       4096     4096 4.096000e+03   1.476844e+03     0.415 (  2546      0)     0.347 (  1313      0)
"a_i:EAMxx::initialize_fields"                                -       4096     4096 4.096000e+03   1.407006e+05    34.390 (  3112      0)    34.275 (   219      0)
"a_i:PIO:PIOc_initdecomp"                                     -       4096     4096 5.324800e+04   2.919128e+04     7.130 (  2313      0)     7.124 (  2167      0)
"a_i:PIO:box_rearrange_create"                                -       4096     4096 5.324800e+04   2.905750e+04     7.095 (  2437      0)     7.093 (  2878      0)
"a_i:PIO:pio_swapm"                                           -       4096     4096 2.498560e+05   6.767091e+04    31.292 (   273      0)     1.055 (  1536      0)
"a_i:PIO:PIOc_read_darray"                                    -       4096     4096 9.011200e+04   9.608628e+04    25.678 (  1536      0)    20.420 (   282      0)
"a_i:PIO:read_darray_nc"                                      -       4096     4096 9.011200e+04   6.922743e+03    25.366 (     0      0)     0.000 (  3523      0)
"a_i:PIO:rearrange_io2comp"                                   -       4096     4096 9.011200e+04   5.502704e+04    25.449 (  1847      0)     0.191 (  1024      0)
"a_i:EAMxx::initialize_atm_procs"                             -       4096     4096 4.096000e+03   2.500739e+05    61.268 (  3553      0)    60.940 (  3312      0)
"a_i:EAMxx::SurfaceCouplingImporter::init"                    -       4096     4096 4.096000e+03   7.958323e-01     0.001 (   140      0)     0.000 (  2704      0)
"a_i:EAMxx::homme::init"                                      -       4096     4096 4.096000e+03   2.121087e+05    51.877 (   459      0)    51.709 (  1936      0)
"a_i:compose_init"                                            -       4096     4096 4.096000e+03   3.878206e+02     0.186 (   292      0)     0.039 (  3256      0)
"a_i:sl_init1"                                                -       4096     4096 4.096000e+03   2.976027e+03     1.336 (  4083      0)     0.643 (  1313      0)
"a_i:EAMxx::tms::init"                                        -       4096     4096 4.096000e+03   2.848625e-02     0.000 (  2133      0)     0.000 (  3046      0)
"a_i:EAMxx::shoc::init"                                       -       4096     4096 4.096000e+03   2.565721e+01     0.012 (  1060      0)     0.005 (  4032      0)
"a_i:EAMxx::cld_fraction::init"                               -       4096     4096 4.096000e+03   1.191759e-01     0.000 (  3836      0)     0.000 (  1458      0)
"a_i:EAMxx::spa::init"                                        -       4096     4096 4.096000e+03   3.685217e+04     9.041 (  3513      0)     8.975 (  1006      0)
"a_i:EAMxx::p3::init"                                         -       4096     4096 4.096000e+03   3.208340e+02     0.097 (  3502      0)     0.051 (   904      0)
"a_i:EAMxx::rrtmgp::init"                                     -       4096     4096 4.096000e+03   6.684787e+02     0.358 (  3553      0)     0.105 (  2912      0)
"a_i:EAMxx::SurfaceCouplingExporter::init"                    -       4096     4096 4.096000e+03   3.291260e+00     0.001 (  1924      0)     0.001 (  3087      0)
"a_i:EAMxx::initialize_output_managers"                       -       4096     4096 4.096000e+03   2.498162e+03     0.616 (  2192      0)     0.609 (    41      0)
"a_i:EAMxx::IO::standard"                                     -       4096     4096 4.096000e+03   1.613269e+03     0.467 (  3984      0)     0.136 (  1749      0)
"a_i:EAMxx::IO::nooutput.yaml"                                -       4096     4096 4.096000e+03   1.613262e+03     0.467 (  3984      0)     0.136 (  1749      0)
"a_i:EAMxx::IO::standard::get_new_file"                       -       4096     4096 4.096000e+03   1.609570e+03     0.466 (   195      0)     0.136 (  1749      0)
"a_i:PIO:PIOc_createfile"                                     -       4096     4096 4.096000e+03   1.599474e+03     0.464 (   195      0)     0.133 (  1749      0)
"a_i:PIO:write_total"                                         -       4096     4096 1.351680e+05   1.604248e+03     0.465 (  3984      0)     0.134 (  1749      0)
"a_i:PIO:spio_put_att_tc"                                     -       4096     4096 1.228800e+05   3.896104e-01     0.000 (  3664      0)     0.000 (  2107      0)
"a_i:PIO:spio_put_vars_tc"                                    -       4096     4096 4.096000e+03   9.146009e-01     0.001 (  3640      0)     0.000 (  4061      0)
"a_i:PIO:flush_output_buffer"                                 -        512      512 1.024000e+03   3.615895e+00     0.007 (   432      0)     0.007 (  2904      0)
"a_i:EAMxx::IO::standard::run_output_streams"                 -       4096     4096 4.096000e+03   7.951970e-04     0.000 (  1393      0)     0.000 (   646      0)
"a_i:EAMxx::IO::standard::update_snapshot_tally"              -       4096     4096 4.096000e+03   3.674447e+00     0.007 (  2192      0)     0.000 (  4033      0)
"a_i:PIO:PIOc_sync"                                           -       4096     4096 4.096000e+03   3.468288e+00     0.007 (  1456      0)     0.000 (  3371      0)
"CPL:comp_init_cc_lnd"                                        -       4096     4096 4.096000e+03   2.469580e+05    60.294 (   935      0)    60.290 (     0      0)
"l_i:comp_init"                                               -       4096     4096 4.096000e+03   2.469378e+05    60.293 (  3680      0)    60.286 (  2913      0)
"l_i:elm_init1"                                               -       4096     4096 4.096000e+03   5.227649e+04    12.783 (     3      0)    12.731 (  1818      0)
"l_i:PIO:openfile"                                            -       4096     4096 9.420800e+04   1.413398e+04     3.763 (  2920      0)     3.190 (  3575      0)
"l_i:PIO:pio_inq_dimid_file_dimid"                            -       4096     4096 2.539520e+05   6.648090e+00     0.004 (  3924      0)     0.001 (  3582      0)
"l_i:PIO:pio_inq_dimlen_file_dimid"                           -       4096     4096 1.474560e+06   3.122595e+01     0.010 (  3970      0)     0.004 (  1199      0)
"l_i:PIO:pio_inq_dimlen_file_dimid_offlen"                    -       4096     4096 1.474560e+06   3.029006e+01     0.010 (  3970      0)     0.004 (  1199      0)
"l_i:PIO:pio_inq_varid_file_vdesc"                            -       4096     4096 1.900544e+06   1.179838e+03     0.904 (  2496      0)     0.017 (     0      0)
"l_i:PIO:pio_inq_varid_file_vid"                              -       4096     4096 1.900544e+06   1.178725e+03     0.904 (  2496      0)     0.016 (     0      0)
"l_i:PIO:get_var_1d_int"                                      -       4096     4096 2.457600e+04   1.458056e+03     0.381 (  4080      0)     0.339 (    89      0)
"l_i:PIO:spio_get_vars_tc"                                    -       4096     4096 8.151040e+05   4.749989e+03     1.211 (  4065      0)     1.105 (  1673      0)
"l_i:PIO:closefile"                                           -       4096     4096 8.192000e+04   4.626309e+01     0.114 (    64      0)     0.001 (  2644      0)
"l_i:PIO:PIOc_closefile"                                      -       4096     4096 8.192000e+04   4.616307e+01     0.114 (    64      0)     0.000 (  2644      0)
"l_i:PIO:pio_inq_varndims_file_vdesc"                         -       4096     4096 9.052160e+05   4.522691e+01     0.016 (  3079      0)     0.005 (  1551      0)
"l_i:PIO:pio_inq_varndims_file_vid"                           -       4096     4096 9.052160e+05   4.466988e+01     0.016 (  3084      0)     0.005 (  1551      0)
"l_i:PIO:pio_inq_vardimid_file_vdesc"                         -       4096     4096 9.052160e+05   8.246322e+01     0.030 (  2048      0)     0.009 (  1191      0)
"l_i:PIO:pio_inq_vardimid_file_vid"                           -       4096     4096 9.052160e+05   8.189667e+01     0.030 (  2048      0)     0.009 (  1191      0)
"l_i:PIO:pio_inq_dimname_file_dimid"                          -       4096     4096 3.256320e+06   9.294217e+01     0.032 (  3978      0)     0.011 (  1197      0)
"l_i:PIO:initdecomp"                                          -       4096     4096 1.064960e+05   9.368855e+03     2.347 (    25      0)     2.217 (  2432      0)
"l_i:PIO:PIOc_initdecomp"                                     -       4096     4096 1.064960e+05   9.352190e+03     2.343 (    25      0)     2.213 (  2432      0)
"l_i:PIO:box_rearrange_create"                                -       4096     4096 1.064960e+05   8.802527e+03     2.150 (   726      0)     2.148 (  2497      0)
"l_i:PIO:pio_swapm"                                           -       4096     4096 1.216512e+06   1.775433e+05    46.450 (  1188      0)     7.035 (  3584      0)
"l_i:PIO:read_darray_1d_double"                               -       4096     4096 3.358720e+05   3.708333e+04     9.177 (   879      0)     8.744 (  2496      0)
"l_i:PIO:PIOc_read_darray"                                    -       4096     4096 8.970240e+05   1.848133e+05    45.438 (  2424      0)    44.525 (  3168      0)
"l_i:PIO:read_darray_nc"                                      -       4096     4096 8.970240e+05   1.112675e+04    38.714 (     0      0)     0.000 (  1187      0)
"l_i:PIO:rearrange_io2comp"                                   -       4096     4096 8.970240e+05   1.734645e+05    45.383 (  1199      0)     6.134 (  3584      0)
"l_i:PIO:pio_inquire_file"                                    -       4096     4096 1.179648e+06   2.359102e+01     0.009 (  4042      0)     0.003 (  1199      0)
"l_i:PIO:pio_inq_ndims_file"                                  -       4096     4096 1.179648e+06   2.298519e+01     0.008 (  4042      0)     0.003 (  1199      0)
"l_i:PIO:read_darray_1d_int"                                  -       4096     4096 2.867200e+04   2.710856e+03     0.689 (  2424      0)     0.624 (  3168      0)
"l_i:PIO:read_darray_3d_double"                               -       4096     4096 7.372800e+04   9.164404e+03     2.242 (  2936      0)     2.233 (  3562      0)
"l_i:PIO:read_darray_3d_int"                                  -       4096     4096 4.096000e+03   8.748747e+02     0.214 (  2886      0)     0.213 (   720      0)
"l_i:PIO:read_darray_4d_double"                               -       4096     4096 5.734400e+04   8.677837e+03     2.123 (   304      0)     2.114 (  3092      0)
"l_i:PIO:get_var_1d_text"                                     -       4096     4096 8.192000e+03   7.952773e+02     0.211 (  3537      0)     0.183 (     0      0)
"l_i:PIO:get_var_1d_double"                                   -       4096     4096 5.898240e+05   2.323804e+02     0.066 (  2049      0)     0.046 (  1692      0)
"l_i:PIO:get_var_0d_double"                                   -       4096     4096 4.096000e+04   4.452452e+02     0.120 (  2090      0)     0.095 (   158      0)
"l_i:PIO:read_darray_2d_double"                               -       4096     4096 3.809280e+05   1.254549e+05    30.806 (  2424      0)    30.339 (  3168      0)
"l_i:PIO:read_darray_2d_int"                                  -       4096     4096 1.638400e+04   8.494468e+02     0.211 (  3752      0)     0.202 (   721      0)
"l_i:gather_1darray_int_total"                                -       4096     4096 2.048000e+04   6.100009e+02     0.855 (     0      0)     0.105 (   139      0)
"l_i:scatter_1darray_int_total"                               -       4096     4096 2.048000e+04   5.762137e+03     1.445 (     8      0)     0.620 (     0      0)
"l_i:init_filters"                                            -       4096     4096 4.096000e+03   7.638401e-01     0.002 (  3904      0)     0.000 (     0      0)
"l_i:elm_init2"                                               -       4096     4096 4.096000e+03   1.941204e+05    47.398 (  3680      0)    47.391 (  2873      0)
"l_i:init_orbd"                                               -       4096     4096 4.096000e+03   1.266525e-01     0.001 (   137      0)     0.000 (  2090      0)
"l_i:PIO:get_var_0d_int"                                      -       4096     4096 8.601600e+04   1.107887e+03     0.283 (  3066      0)     0.250 (  1671      0)
"l_i:PIO:get_var_2d_double"                                   -       4096     4096 4.915200e+04   4.803367e+02     0.126 (  2372      0)     0.108 (  1723      0)
"l_i:PIO:get_var_3d_double"                                   -       4096     4096 1.638400e+04   4.359563e+02     0.117 (    50      0)     0.104 (   597      0)
"l_i:init_accflds"                                            -       4096     4096 4.096000e+03   2.849173e+00     0.001 (  3582      0)     0.001 (  1793      0)
"l_i:init_dyn_subgrid"                                        -       4096     4096 4.096000e+03   2.107217e+01     0.007 (  1869      0)     0.005 (  3968      0)
"l_i:subgridRest_write-read"                                  -       4096     4096 4.096000e+03   1.192840e+04     2.918 (  1256      0)     2.907 (   536      0)
"l_i:init_map2gc"                                             -       4096     4096 4.096000e+03   5.739296e+00     0.003 (  3185      0)     0.001 (  2294      0)
"l_i:init_elm_interface_data & pflotran"                      -       4096     4096 4.096000e+03   2.232200e-04     0.000 (   142      0)     0.000 (    46      0)
"l_i:init_wlog"                                               -       4096     4096 4.096000e+03   2.607780e-04     0.000 (     0      0)     0.000 (   373      0)
"l_i:elm_init3"                                               -       4096     4096 4.096000e+03   2.697707e-02     0.001 (  2689      0)     0.000 (  2160      0)
"CPL:comp_init_cc_rof"                                        -       4096     4096 4.096000e+03   1.401761e+00     0.001 (   951      0)     0.000 (  1719      0)
"r_i:comp_init"                                               -       4096     4096 4.096000e+03   2.007513e-01     0.000 (  2636      0)     0.000 (  1870      0)
"CPL:comp_init_cc_ocn"                                        -       4096     4096 4.096000e+03   1.342194e+05    32.771 (  1026      0)    32.767 (   935      0)
"o_i:comp_init"                                               -       4096     4096 4.096000e+03   1.342165e+05    32.770 (  1026      0)    32.766 (   994      0)
"o_i:docn_readnml"                                            -       4096     4096 4.096000e+03   2.121041e+02     0.054 (     6      0)     0.050 (   597      0)
"o_i:DOCN_INIT"                                               -       4096     4096 4.096000e+03   1.340042e+05    32.717 (  2690      0)    32.715 (  1480      0)
"o_i:docn_strdata_init"                                       -       4096     4096 4.096000e+03   1.282884e+05    31.321 (  2271      0)    31.320 (  2760      0)
"o_i:PIO:initdecomp"                                          -       4096     4096 1.228800e+04   4.468028e+02     0.131 (  2304      0)     0.082 (     0      0)
"o_i:PIO:PIOc_initdecomp"                                     -       4096     4096 1.228800e+04   4.467701e+02     0.131 (  2304      0)     0.082 (     0      0)
"o_i:PIO:box_rearrange_create"                                -       4096     4096 1.228800e+04   2.344816e+02     0.058 (    35      0)     0.057 (  1993      0)
"o_i:PIO:pio_swapm"                                           -       4096     4096 4.505600e+04   2.505779e+02     0.065 (   365      0)     0.053 (  4024      0)
"o_i:docn_initgsmaps"                                         -       4096     4096 4.096000e+03   2.115273e+00     0.001 (  1436      0)     0.000 (    11      0)
"o_i:docn_initmctdom"                                         -       4096     4096 4.096000e+03   5.923882e-01     0.000 (    84      0)     0.000 (  1286      0)
"o_i:docn_initmctavs"                                         -       4096     4096 4.096000e+03   1.080403e+00     0.001 (  4032      0)     0.000 (  2852      0)
"o_i:DOCN_RUN"                                                -       4096     4096 4.096000e+03   5.711940e+03     1.395 (  2029      0)     1.393 (  3904      0)
"o_i:docn_run1"                                               -       4096     4096 4.096000e+03   5.044906e-03     0.000 (  1854      0)     0.000 (  1925      0)
"o_i:docn"                                                    -       4096     4096 4.096000e+03   5.711910e+03     1.395 (  2029      0)     1.393 (  3904      0)
"o_i:docn_strdata_advance"                                    -       4096     4096 4.096000e+03   5.711295e+03     1.395 (   644      0)     1.393 (  3904      0)
"o_i:docn_strd_adv_total"                                     -       4096     4096 4.096000e+03   5.711268e+03     1.395 (   644      0)     1.393 (  3904      0)
"o_i:docn_strd_adv_readLBUB"                                  -       4096     4096 4.096000e+03   5.699928e+03     1.393 (  2490      0)     1.390 (  1000      0)
"o_i:docn_readLBUB_setup"                                     -       4096     4096 4.096000e+03   1.095057e-03     0.000 (   704      0)     0.000 (   108      0)
"o_i:docn_readLBUB_fbound"                                    -       4096     4096 4.096000e+03   1.174070e+00     1.173 (     0      0)     0.000 (   216      0)
"o_i:docn_readLBUB_bcast"                                     -       4096     4096 4.096000e+03   4.807796e+03     1.175 (  3833      0)     0.000 (     0      0)
"o_i:docn_readLBUB_LB_setup"                                  -       4096     4096 4.096000e+03   1.422783e-03     0.000 (     0      0)     0.000 (  2267      0)
"o_i:docn_readLBUB_LB_readpio"                                -       4096     4096 4.096000e+03   8.671602e+02     0.213 (   512      0)     0.210 (   970      0)
"o_i:PIO:openfile"                                            -       4096     4096 4.096000e+03   8.425014e+02     0.206 (   689      0)     0.205 (  3752      0)
"o_i:PIO:pio_inq_varid_file_vdesc"                            -       4096     4096 1.638400e+04   7.514280e-01     0.000 (   935      0)     0.000 (  1744      0)
"o_i:PIO:pio_inq_varid_file_vid"                              -       4096     4096 1.638400e+04   7.397345e-01     0.000 (   935      0)     0.000 (  1744      0)
"o_i:PIO:pio_inq_varndims_file_vdesc"                         -       4096     4096 8.192000e+03   8.936011e-01     0.000 (  1431      0)     0.000 (  1684      0)
"o_i:PIO:pio_inq_varndims_file_vid"                           -       4096     4096 8.192000e+03   8.868775e-01     0.000 (  1426      0)     0.000 (  1684      0)
"o_i:PIO:pio_inq_vardimid_file_vdesc"                         -       4096     4096 8.192000e+03   9.742923e-01     0.000 (  3948      0)     0.000 (  1687      0)
"o_i:PIO:pio_inq_vardimid_file_vid"                           -       4096     4096 8.192000e+03   9.669464e-01     0.000 (  3947      0)     0.000 (  1687      0)
"o_i:PIO:pio_inq_dimlen_file_dimid"                           -       4096     4096 2.457600e+04   6.815857e-01     0.000 (  4070      0)     0.000 (   305      0)
"o_i:PIO:pio_inq_dimlen_file_dimid_offlen"                    -       4096     4096 2.457600e+04   6.645735e-01     0.000 (  4071      0)     0.000 (   305      0)
"o_i:PIO:pio_inq_vartype_file_vdesc"                          -       4096     4096 8.192000e+03   5.567614e-01     0.001 (    43      0)     0.000 (   942      0)
"o_i:PIO:pio_inq_vartype_file_vid"                            -       4096     4096 8.192000e+03   5.499598e-01     0.001 (    43      0)     0.000 (   942      0)
"o_i:PIO:read_darray_1d_real"                                 -       4096     4096 8.192000e+03   4.035022e+01     0.012 (   366      0)     0.007 (   566      0)
"o_i:PIO:PIOc_read_darray"                                    -       4096     4096 8.192000e+03   4.033192e+01     0.012 (   366      0)     0.007 (   566      0)
"o_i:PIO:read_darray_nc"                                      -       4096     4096 8.192000e+03   4.612327e+00     0.012 (  2928      0)     0.000 (  3318      0)
"o_i:PIO:rearrange_io2comp"                                   -       4096     4096 8.192000e+03   3.436449e+01     0.012 (   363      0)     0.000 (   600      0)
"o_i:docn_readLBUB_UB_setup"                                  -       4096     4096 4.096000e+03   1.397582e-03     0.000 (     0      0)     0.000 (   475      0)
"o_i:docn_readLBUB_UB_readpio"                                -       4096     4096 4.096000e+03   2.356851e+01     0.007 (  2548      0)     0.005 (  1540      0)
"o_i:docn_readLBUB_filemgt"                                   -       4096     4096 4.096000e+03   6.400410e-04     0.000 (  1213      0)     0.000 (  1979      0)
"o_i:docn_strd_adv_fill"                                      -       4096     4096 4.096000e+03   2.552509e-01     0.000 (  2317      0)     0.000 (  1992      0)
"o_i:docn_strd_adv_map"                                       -       4096     4096 4.096000e+03   1.082143e+01     0.004 (  1060      0)     0.001 (  2429      0)
"o_i:docn_strd_adv_tint"                                      -       4096     4096 4.096000e+03   1.297768e-01     0.001 (   137      0)     0.000 (  1678      0)
"o_i:docn_scatter"                                            -       4096     4096 4.096000e+03   4.118251e-01     0.000 (  2239      0)     0.000 (   543      0)
"o_i:docn_datamode"                                           -       4096     4096 4.096000e+03   1.256984e-01     0.001 (  2693      0)     0.000 (  3892      0)
"o_i:docn_run2"                                               -       4096     4096 4.096000e+03   2.417460e-04     0.000 (     0      0)     0.000 (   111      0)
"CPL:comp_init_cc_ice"                                        -       4096     4096 4.096000e+03   1.366338e+05    33.358 (  2927      0)    33.357 (  2780      0)
"i_i:comp_init"                                               -       4096     4096 4.096000e+03   1.366312e+05    33.358 (  2927      0)    33.357 (  2778      0)
"i_i:cice_init"                                               -       4096     4096 4.096000e+03   2.389068e+04     5.834 (   135      0)     5.831 (  2754      0)
"i_i:ice_HaloUpdate2DR8"                                      -       4096     4096 1.638400e+04   2.872474e+00     0.386 (     1      0)     0.000 (  3341      0)
"i_i:ice_HU2DR8_init"                                         -       4096     4096 1.638400e+04   3.021339e-03     0.000 (  1221      0)     0.000 (  2202      0)
"i_i:state_bound_h1"                                          -       4096     4096 4.096000e+03   1.385752e+00     0.002 (  3071      0)     0.000 (  2468      0)
"i_i:ice_HaloUpdate3DR8"                                      -       4096     4096 2.048000e+04   1.557309e+00     0.002 (  3071      0)     0.000 (  1750      0)
"i_i:ice_HU3DR8_init"                                         -       4096     4096 2.048000e+04   1.409438e-02     0.000 (   143      0)     0.000 (  3716      0)
"i_i:ice_HU3DR8_recvall"                                      -       4096     4096 2.048000e+04   1.316350e+00     0.002 (  3071      0)     0.000 (  1324      0)
"i_i:state_bound_hm"                                          -       4096     4096 4.096000e+03   1.449014e-01     0.000 (  1411      0)     0.000 (  2906      0)
"i_i:state_bound_hc"                                          -       4096     4096 4.096000e+03   3.358490e-03     0.000 (  2247      0)     0.000 (  2086      0)
"i_i:state_bound_h2"                                          -       4096     4096 4.096000e+03   3.149143e-01     0.002 (  2974      0)     0.000 (  1015      0)
"i_i:ice_HaloUpdate4DR8"                                      -       4096     4096 4.096000e+03   1.098640e-01     0.002 (  2974      0)     0.000 (   186      0)
"i_i:ice_HU4DR8_init"                                         -       4096     4096 4.096000e+03   1.896048e-03     0.000 (   995      0)     0.000 (  3227      0)
"i_i:ice_HU4DR8_recvall"                                      -       4096     4096 4.096000e+03   5.123229e-02     0.002 (  2974      0)     0.000 (  1238      0)
"i_i:state_bound_hd"                                          -       4096     4096 4.096000e+03   1.363846e-03     0.000 (   525      0)     0.000 (  1923      0)
"i_i:cice_mct_init"                                           -       4096     4096 4.096000e+03   1.127401e+05    27.526 (  3010      0)    27.523 (   136      0)
"i_i:PIO:initdecomp"                                          -       4096     4096 1.228800e+04   4.566861e+02     0.133 (   256      0)     0.084 (     0      0)
"i_i:PIO:PIOc_initdecomp"                                     -       4096     4096 1.228800e+04   4.566533e+02     0.133 (   256      0)     0.084 (     0      0)
"i_i:PIO:box_rearrange_create"                                -       4096     4096 1.228800e+04   2.402693e+02     0.059 (  2903      0)     0.058 (   367      0)
"i_i:PIO:pio_swapm"                                           -       4096     4096 3.686400e+04   2.215784e+02     0.055 (  1312      0)     0.053 (  3087      0)
"CPL:comp_init_cc_glc"                                        -       4096     4096 4.096000e+03   1.993353e+00     0.001 (  4013      0)     0.000 (  2927      0)
"g_i:comp_init"                                               -       4096     4096 4.096000e+03   2.886392e-03     0.000 (  1154      0)     0.000 (  2992      0)
"CPL:comp_init_cc_wav"                                        -       4096     4096 4.096000e+03   1.840880e+00     0.001 (  2163      0)     0.000 (  2970      0)
"w_i:comp_init"                                               -       4096     4096 4.096000e+03   1.422276e-03     0.000 (  1259      0)     0.000 (  1511      0)
"CPL:comp_init_cc_esp"                                        -       4096     4096 4.096000e+03   1.620900e+00     0.001 (  2451      0)     0.000 (   609      0)
"e_i:comp_init"                                               -       4096     4096 4.096000e+03   1.713103e-03     0.000 (   649      0)     0.000 (   971      0)
"CPL:comp_init_cc_iac"                                        -       4096     4096 4.096000e+03   1.761525e+00     0.001 (  3547      0)     0.000 (  2455      0)
"z_i:comp_init"                                               -       4096     4096 4.096000e+03   1.595195e-03     0.000 (  1269      0)     0.000 (  2799      0)
"CPL:comp_init_cx_all"                                        -       4096     4096 4.096000e+03   4.394344e+02     0.108 (  1966      0)     0.107 (  3546      0)
"CPL:comp_list_all"                                           -       4096     4096 4.096000e+03   1.252185e-01     0.001 (  3583      0)     0.000 (  2194      0)
"CPL:init_maps"                                               -       4096     4096 4.096000e+03   7.179891e+01     0.021 (  1114      0)     0.015 (     0      0)
"CPL:init_aream"                                              -       4096     4096 4.096000e+03   3.802781e+00     0.006 (  3078      0)     0.000 (   720      0)
"CPL:init_domain_check"                                       -       4096     4096 4.096000e+03   5.324543e+01     0.014 (  1056      0)     0.009 (  3582      0)
"CPL:init_areacor"                                            -       4096     4096 4.096000e+03   3.330381e+01     0.008 (  2543      0)     0.008 (  3675      0)
"CPL:init_fracs"                                              -       4096     4096 4.096000e+03   5.749073e+00     0.003 (  3068      0)     0.001 (  4095      0)
"CPL:init_aoflux"                                             -       4096     4096 4.096000e+03   3.253535e+00     0.001 (  3583      0)     0.000 (     0      0)
"CPL:init_atminit"                                            -       4096     4096 2.457600e+04   2.548046e+01     0.009 (  3754      0)     0.004 (  2800      0)
"CPL:comp_init_cc_atm2"                                       -       4096     4096 4.096000e+03   2.220378e+01     0.008 (  2930      0)     0.003 (  2609      0)
"CPL:init_readrestart"                                        -       4096     4096 4.096000e+03   3.152774e-01     0.001 (  3579      0)     0.000 (   903      0)
"CPL:cime_run_init"                                           -       4096     4096 4.096000e+03   5.088845e-01     0.005 (     0      0)     0.000 (  1701      0)
"CPL:INIT_sync1_tprf"                                         -       4096     4096 4.096000e+03   1.803583e+01     0.005 (    14      0)     0.000 (     0      0)
"CPL:INIT_t_prf"                                              -       4096     4096 4.096000e+03   1.839789e+00     0.043 (     0      0)     0.000 (  3725      0)
"CPL:INIT_sync2_tprf"                                         -       4096     4096 4.096000e+03   1.748503e+02     0.043 (  3951      0)     0.000 (     0      0)
"CPL:RUN_LOOP_BSTART"                                         -       4096     4096 4.096000e+03   1.007375e+00     0.000 (  1001      0)     0.000 (  2646      0)
"CPL:RUN_LOOP"                                                -       4096     4096 1.769472e+06   3.415569e+06   833.883 (  1913      0)   833.878 (   136      0)
"CPL:CLOCK_ADVANCE"                                           -       4096     4096 1.769472e+06   1.172566e+02     0.033 (  3188      0)     0.027 (  3830      0)
"CPL:RUN"                                                     -       4096     4096 2.122957e+07   4.804099e+04    19.662 (   680      0)     4.379 (  3965      0)
"CPL:OCNPRE1"                                                 -       4096     4096 1.769472e+06   2.774655e+03     8.696 (   681      0)     0.295 (  3963      0)
"CPL:ocnpre1_atm2ocn"                                         -       4096     4096 1.769472e+06   2.772378e+03     8.696 (   681      0)     0.295 (  3963      0)
"CPL:LNDPREP"                                                 -       4096     4096 1.769472e+06   5.797281e+02     0.326 (   561      0)     0.026 (   924      0)
"CPL:lndprep_atm2lnd"                                         -       4096     4096 1.769472e+06   3.992812e+02     0.261 (   565      0)     0.019 (   924      0)
"CPL:lndprep_mrgx2l"                                          -       4096     4096 1.769472e+06   1.766788e+02     0.089 (   383      0)     0.003 (  1848      0)
"CPL:COMM"                                                    -       4096     4096 1.238221e+07   1.625438e+05    70.207 (  1730      0)    10.130 (   640      0)
"CPL:C2L"                                                     -       4096     4096 1.769472e+06   9.711939e+02     0.371 (  2276      0)     0.074 (   561      0)
"CPL:c2l_lndx2lndl"                                           -       4096     4096 1.769472e+06   6.522024e+02     0.336 (  2276      0)     0.050 (  3971      0)
"CPL:c2l_infoexch"                                            -       4096     4096 1.769472e+06   3.161345e+02     0.146 (  3511      0)     0.009 (   194      0)
"CPL:ICEPREP"                                                 -       4096     4096 1.769472e+06   1.393275e+03     0.419 (  1824      0)     0.269 (  1473      0)
"CPL:iceprep_ocn2ice"                                         -       4096     4096 1.769472e+06   1.462235e+02     0.058 (  2048      0)     0.029 (   999      0)
"CPL:iceprep_atm2ice"                                         -       4096     4096 1.769472e+06   3.032749e+02     0.120 (  1824      0)     0.052 (  1473      0)
"CPL:iceprep_mrgx2i"                                          -       4096     4096 1.769472e+06   9.336202e+02     0.272 (  2756      0)     0.184 (  1472      0)
"CPL:C2I"                                                     -       4096     4096 1.769472e+06   5.907867e+02     0.206 (  1473      0)     0.081 (  1824      0)
"CPL:c2i_icex2icei"                                           -       4096     4096 1.769472e+06   2.797481e+02     0.106 (  1886      0)     0.050 (  1472      0)
"CPL:ice_infoexch"                                            -       4096     4096 1.769472e+06   3.078901e+02     0.149 (  1473      0)     0.010 (   228      0)
"CPL:ICE_RUN"                                                 -       4096     4096 1.769472e+06   1.747859e+04     6.719 (  3224      0)     3.907 (  3918      0)
"i:cice_run_total"                                            -       4096     4096 1.769472e+06   1.641213e+04     6.457 (  3224      0)     3.648 (  3918      0)
"i:cice_run_import"                                           -       4096     4096 1.769472e+06   1.763241e+03     0.529 (  2245      0)     0.382 (  1320      0)
"i:cice_imp_ocn"                                              -       4096     4096 1.769472e+06   3.062802e+02     0.078 (  1729      0)     0.072 (  2197      0)
"i:cice_imp_atm"                                              -       4096     4096 1.769472e+06   3.660971e+02     0.092 (    11      0)     0.087 (  2636      0)
"i:cice_run_initmd"                                           -       4096     4096 1.769472e+06   4.338844e+03     1.144 (    32      0)     0.923 (  4086      0)
"i:cice_run_presc"                                            -       4096     4096 1.769472e+06   2.684192e+03     0.687 (  2476      0)     0.611 (  1336      0)
"i:cice_pice_strd_adv_total"                                  -       4096     4096 1.769472e+06   1.467174e+03     0.361 (   184      0)     0.356 (  3925      0)
"i:cice_pice_strd_adv_readLBUB"                               -       4096     4096 1.769472e+06   1.395936e+03     0.342 (  1603      0)     0.339 (  3823      0)
"i:cice_pice_readLBUB_setup"                                  -       4096     4096 1.769472e+06   4.944282e-01     0.000 (  2930      0)     0.000 (  1182      0)
"i:cice_pice_readLBUB_fbound"                                 -       4096     4096 8.192000e+03   1.428288e-01     0.142 (     0      0)     0.000 (  2139      0)
"i:cice_pice_readLBUB_bcast"                                  -       4096     4096 8.192000e+03   5.808070e+02     0.142 (  1413      0)     0.000 (     0      0)
"i:cice_pice_readLBUB_LB_setup"                               -       4096     4096 4.096000e+03   2.020398e-03     0.000 (     0      0)     0.000 (   374      0)
"i:cice_pice_readLBUB_LB_readpio"                             -       4096     4096 4.096000e+03   5.191130e+02     0.127 (  1460      0)     0.126 (     9      0)
"i:PIO:openfile"                                              -       4096     4096 4.096000e+03   4.955153e+02     0.122 (   336      0)     0.121 (  2441      0)
"i:PIO:pio_inq_varid_file_vdesc"                              -       4096     4096 2.457600e+04   1.186912e+00     0.002 (  1608      0)     0.000 (   903      0)
"i:PIO:pio_inq_varid_file_vid"                                -       4096     4096 2.457600e+04   1.168414e+00     0.002 (  1608      0)     0.000 (   903      0)
"i:PIO:pio_inq_varndims_file_vdesc"                           -       4096     4096 1.228800e+04   7.859513e-01     0.001 (  1623      0)     0.000 (  1370      0)
"i:PIO:pio_inq_varndims_file_vid"                             -       4096     4096 1.228800e+04   7.759173e-01     0.001 (  1623      0)     0.000 (  1370      0)
"i:PIO:pio_inq_vardimid_file_vdesc"                           -       4096     4096 1.228800e+04   1.598641e+00     0.001 (   555      0)     0.000 (  1109      0)
"i:PIO:pio_inq_vardimid_file_vid"                             -       4096     4096 1.228800e+04   1.586742e+00     0.001 (   555      0)     0.000 (  1109      0)
"i:PIO:pio_inq_dimlen_file_dimid"                             -       4096     4096 3.686400e+04   9.569288e-01     0.001 (  1743      0)     0.000 (  1005      0)
"i:PIO:pio_inq_dimlen_file_dimid_offlen"                      -       4096     4096 3.686400e+04   9.308354e-01     0.001 (  1742      0)     0.000 (  1005      0)
"i:PIO:pio_inq_vartype_file_vdesc"                            -       4096     4096 1.228800e+04   7.244174e-01     0.000 (  4092      0)     0.000 (  1007      0)
"i:PIO:pio_inq_vartype_file_vid"                              -       4096     4096 1.228800e+04   7.146537e-01     0.000 (  4092      0)     0.000 (  1007      0)
"i:PIO:read_darray_1d_real"                                   -       4096     4096 1.228800e+04   3.020180e+02     0.076 (  1460      0)     0.014 (  4010      0)
"i:PIO:PIOc_read_darray"                                      -       4096     4096 1.228800e+04   3.019796e+02     0.076 (  1460      0)     0.014 (  4010      0)
"i:PIO:read_darray_nc"                                        -       4096     4096 1.228800e+04   3.750799e+01     0.076 (  2048      0)     0.000 (  2635      0)
"i:PIO:rearrange_io2comp"                                     -       4096     4096 1.228800e+04   2.626657e+02     0.076 (  1460      0)     0.000 (     0      0)
"i:PIO:pio_swapm"                                             -       4096     4096 1.228800e+04   2.625465e+02     0.076 (  1458      0)     0.000 (     0      0)
"i:cice_pice_readLBUB_UB_setup"                               -       4096     4096 8.192000e+03   4.585035e-01     0.029 (  1601      0)     0.000 (  2962      0)
"i:cice_pice_readLBUB_UB_readpio"                             -       4096     4096 8.192000e+03   2.881777e+02     0.072 (  1591      0)     0.015 (  1606      0)
"i:cice_pice_readLBUB_filemgt"                                -       4096     4096 1.769472e+06   2.365698e-01     0.000 (   318      0)     0.000 (     0      0)
"i:cice_pice_strd_adv_map"                                    -       4096     4096 8.192000e+03   1.515147e+01     0.006 (  4068      0)     0.002 (  1271      0)
"i:cice_pice_strd_adv_tint"                                   -       4096     4096 1.769472e+06   4.974935e+01     0.015 (   184      0)     0.012 (  2195      0)
"i:cice_run_initflux"                                         -       4096     4096 1.769472e+06   1.108437e+02     0.075 (  2476      0)     0.022 (  1273      0)
"i:cice_run_prepradiation"                                    -       4096     4096 1.769472e+06   3.504169e+01     0.018 (  3225      0)     0.007 (  1706      0)
"i:cice_run_therm1"                                           -       4096     4096 1.769472e+06   1.863862e+03     1.575 (  3236      0)     0.320 (  2129      0)
"i:cice_run_dyn"                                              -       4096     4096 1.769472e+06   9.206442e-02     0.000 (  3148      0)     0.000 (  3725      0)
"i:cice_run_radiation"                                        -       4096     4096 1.769472e+06   1.717858e+03     1.851 (  3223      0)     0.258 (  3933      0)
"i:cice_step_radiationib"                                     -       4096     4096 1.769472e+06   1.628646e+03     1.832 (  3223      0)     0.234 (  3933      0)
"i:cice_step_rib_swdedd1"                                     -       4096     4096 1.769472e+06   2.255836e+02     0.080 (  3262      0)     0.013 (  3931      0)
"i:cice_step_rib_swdedd2"                                     -       4096     4096 1.769472e+06   5.826903e+01     0.020 (  3234      0)     0.011 (  2205      0)
"i:cice_step_rib_swdedd7"                                     -       4096     4096 1.769472e+06   1.285154e+03     1.727 (  3285      0)     0.183 (  3440      0)
"i:cice_run_couplingprep"                                     -       4096     4096 1.769472e+06   8.325851e+02     0.811 (  3124      0)     0.140 (  3707      0)
"i:ice_HaloUpdate2DR8"                                        -       4096     4096 1.769472e+06   2.318760e+02     0.670 (  3124      0)     0.006 (   276      0)
"i:ice_HU2DR8_init"                                           -       4096     4096 1.769472e+06   4.716461e-01     0.001 (  1784      0)     0.000 (  1317      0)
"i:cice_run_diag"                                             -       4096     4096 1.769472e+06   1.544177e+03     0.392 (  1353      0)     0.268 (  3224      0)
"i:cice_run_hist"                                             -       4096     4096 1.769472e+06   8.832561e+02     0.245 (  1059      0)     0.183 (  3919      0)
"i:cice_run_accum"                                            -       4096     4096 1.769472e+06   1.487574e+01     0.005 (  3261      0)     0.003 (  2204      0)
"i:cice_run_export"                                           -       4096     4096 1.769472e+06   5.840809e+02     0.160 (  3257      0)     0.130 (  2857      0)
"CPL:LND_RUN"                                                 -       4096     4096 1.769472e+06   3.682789e+05   113.622 (  3739      0)    73.419 (  2489      0)
"l:lc_lnd_import"                                             -       4096     4096 1.769472e+06   4.566325e+02     0.129 (  2858      0)     0.102 (  4050      0)
"l:elm_run"                                                   -       4096     4096 1.773568e+06   3.671343e+05   113.342 (  3739      0)    73.138 (  2489      0)
"l:shr_orb_decl"                                              -       4096     4096 1.773568e+06   1.999315e+00     0.001 (   884      0)     0.000 (  3708      0)
"l:decomp_vert"                                               -       4096     4096 1.773568e+06   2.952407e+01     0.010 (   828      0)     0.004 (  3939      0)
"l:beggridwbal"                                               -       4096     4096 1.773568e+06   1.603554e+03     0.507 (   436      0)     0.316 (  2294      0)
"l:cnpinit"                                                   -       4096     4096 1.773568e+06   1.027185e+00     0.001 (  1685      0)     0.000 (  2107      0)
"l:cnpvegsumm"                                                -       4096     4096 1.773568e+06   9.332735e-02     0.000 (  2267      0)     0.000 (  1307      0)
"l:dyn_subgrid"                                               -       4096     4096 1.773568e+06   1.204535e+04     3.375 (   436      0)     2.600 (  2294      0)
"l:begwbal"                                                   -       4096     4096 1.773568e+06   2.264555e+02     0.087 (   512      0)     0.039 (  3280      0)
"l:begcnpbal"                                                 -       4096     4096 1.773568e+06   1.444418e-01     0.000 (   731      0)     0.000 (   587      0)
"l:drvinit"                                                   -       4096     4096 1.773568e+06   7.613775e+02     0.218 (   436      0)     0.158 (  1422      0)
"l:canhydro"                                                  -       4096     4096 1.773568e+06   1.752334e+03     0.538 (  3739      0)     0.306 (  2208      0)
"l:surfrad"                                                   -       4096     4096 1.773568e+06   3.574174e+03     1.059 (  3603      0)     0.734 (  1923      0)
"l:bgp1"                                                      -       4096     4096 1.773568e+06   2.050083e+03     0.726 (   550      0)     0.357 (  2294      0)
"l:bgflux"                                                    -       4096     4096 1.773568e+06   3.341748e+03     1.107 (   797      0)     0.545 (  3937      0)
"l:canflux"                                                   -       4096     4096 1.773568e+06   1.334560e+05    48.075 (  3779      0)    20.462 (  2067      0)
"l:can_iter"                                                  -       4096     4096 1.773568e+06   1.114741e+05    41.334 (  3779      0)    16.039 (  2067      0)
"l:uflux"                                                     -       4096     4096 1.773568e+06   1.439313e+03     0.837 (   436      0)     0.075 (  2100      0)
"l:bgplake"                                                   -       4096     4096 1.773568e+06   9.897370e+03     3.426 (   124      0)     1.643 (  1923      0)
"l:bgc"                                                       -       4096     4096 1.773568e+06   6.097140e+03     1.899 (   565      0)     1.148 (  2294      0)
"l:soiltemperature"                                           -       4096     4096 1.773568e+06   5.926232e+04    23.032 (  3847      0)    11.698 (   443      0)
"l:SoilThermProp"                                             -       4096     4096 1.773568e+06   3.791270e+03     1.267 (   512      0)     0.664 (  2294      0)
"l:SoilTempBandDiag"                                          -       4096     4096 3.547136e+06   7.771931e+03     2.925 (   512      0)     1.367 (  3280      0)
"l:PhaseChangeH2osfc"                                         -       4096     4096 1.773568e+06   3.189037e+01     0.024 (  3739      0)     0.004 (  1158      0)
"l:PhaseChangebeta"                                           -       4096     4096 1.773568e+06   1.760928e+03     1.506 (  3739      0)     0.219 (  3280      0)
"l:bgp2"                                                      -       4096     4096 1.773568e+06   3.901307e+03     1.215 (  3739      0)     0.715 (  2208      0)
"l:bgp2_loop_1"                                               -       4096     4096 1.773568e+06   5.918506e+02     0.183 (   550      0)     0.092 (  2208      0)
"l:bgp2_loop_2"                                               -       4096     4096 1.773568e+06   1.024732e+03     0.321 (   972      0)     0.194 (  2208      0)
"l:bgp2_loop_3"                                               -       4096     4096 1.773568e+06   1.898786e+03     0.635 (  3739      0)     0.332 (  2294      0)
"l:bgp2_loop_4"                                               -       4096     4096 1.773568e+06   3.752434e+02     0.118 (   565      0)     0.072 (  2294      0)
"l:patch2col"                                                 -       4096     4096 1.773568e+06   1.400615e+03     0.450 (   512      0)     0.279 (  2295      0)
"l:hydro without drainage"                                    -       4096     4096 1.773568e+06   2.379058e+04     8.279 (   545      0)     4.085 (  2261      0)
"l:hylake"                                                    -       4096     4096 1.773568e+06   1.285955e+03     0.842 (  3916      0)     0.256 (  2428      0)
"l:snow_init"                                                 -       4096     4096 1.773568e+06   1.582665e+02     0.102 (   790      0)     0.016 (   171      0)
"l:ecosysdyn"                                                 -       4096     4096 1.773568e+06   4.660814e+02     0.140 (   623      0)     0.092 (  2294      0)
"l:depvel"                                                    -       4096     4096 3.547136e+06   3.491842e+00     0.001 (  3335      0)     0.001 (  3073      0)
"l:hydro2 drainage"                                           -       4096     4096 1.773568e+06   1.578962e+03     0.603 (   512      0)     0.281 (  2294      0)
"l:balchk"                                                    -       4096     4096 1.773568e+06   1.506553e+03     0.407 (   483      0)     0.330 (  2294      0)
"l:gridbalchk"                                                -       4096     4096 1.773568e+06   1.358606e+03     0.388 (   512      0)     0.292 (  2294      0)
"l:lnd2atm"                                                   -       4096     4096 1.773568e+06   1.022874e+04     2.894 (   623      0)     2.165 (  2294      0)
"l:wrtdiag"                                                   -       4096     4096 1.773568e+06   3.428465e+01     0.017 (     0      0)     0.008 (  1155      0)
"l:hbuf"                                                      -       4096     4096 1.773568e+06   3.635422e+04    10.014 (   623      0)     7.839 (  2294      0)
"l:elm_drv_io"                                                -       4096     4096 1.773568e+06   6.281339e+00     0.002 (  3909      0)     0.001 (   250      0)
"l:elm_drv_io_htapes"                                         -       4096     4096 1.773568e+06   5.026517e+00     0.002 (  3909      0)     0.001 (  2214      0)
"l:lc_lnd_export"                                             -       4096     4096 1.773568e+06   2.338897e+02     0.061 (   403      0)     0.054 (  1434      0)
"l:lc_elm2_adv_timestep"                                      -       4096     4096 1.773568e+06   1.210064e+00     0.001 (  1216      0)     0.000 (  3229      0)
"l:accum"                                                     -       4096     4096 1.769472e+06   4.460820e+03     1.253 (   430      0)     1.033 (  3433      0)
"CPL:ATMOCNP"                                                 -       4096     4096 1.769472e+06   4.892095e+03     1.706 (   707      0)     0.270 (  3929      0)
"CPL:atmocnp_fluxo"                                           -       4096     4096 1.769472e+06   4.150724e+03     1.493 (  3390      0)     0.055 (  3933      0)
"CPL:atmocnp_ocnalb"                                          -       4096     4096 1.769472e+06   7.376667e+02     0.241 (  3937      0)     0.138 (  2485      0)
"CPL:L2C"                                                     -       4096     4096 1.769472e+06   4.716342e+04    22.705 (  2600      0)     0.094 (   650      0)
"CPL:l2c_lndl2lndx"                                           -       4096     4096 1.769472e+06   4.715927e+04    22.704 (  2600      0)     0.093 (   650      0)
"lnd2cpl_run"                                                 -       4096     4096 1.769472e+06   1.429826e+00     0.001 (  3766      0)     0.000 (  3331      0)
"CPL:LNDPOST"                                                 -       4096     4096 1.769472e+06   3.472983e-01     0.000 (  3860      0)     0.000 (  2464      0)
"CPL:I2C"                                                     -       4096     4096 1.769472e+06   3.348250e+02     0.116 (  1389      0)     0.057 (  1472      0)
"CPL:i2c_icei2icex"                                           -       4096     4096 1.769472e+06   3.302921e+02     0.114 (  1389      0)     0.056 (  1472      0)
"CPL:i2c_infoexch"                                            -       4096     4096 1.769472e+06   1.260248e+00     0.001 (  3834      0)     0.000 (  3506      0)
"CPL:ICEPOST"                                                 -       4096     4096 1.769472e+06   2.760440e-01     0.000 (  3805      0)     0.000 (  3544      0)
"CPL:FRACSET"                                                 -       4096     4096 1.769472e+06   4.860301e+03    11.419 (  3740      0)     0.107 (  1303      0)
"CPL:fracset_fracset"                                         -       4096     4096 1.769472e+06   4.859143e+03    11.418 (  3740      0)     0.106 (  1303      0)
"CPL:ATMPREP"                                                 -       4096     4096 1.769472e+06   3.352473e+04    15.798 (  2733      0)     1.858 (  1554      0)
"CPL:atmprep_xao2atm"                                         -       4096     4096 1.769472e+06   7.209229e+03    10.840 (  3736      0)     0.236 (  3964      0)
"CPL:atmprep_ocn2atm"                                         -       4096     4096 1.769472e+06   4.751210e+03    10.016 (  3734      0)     0.154 (  3963      0)
"CPL:atmprep_alb2atm"                                         -       4096     4096 1.769472e+06   1.731519e+03     8.350 (  3745      0)     0.050 (  3963      0)
"CPL:atmprep_ice2atm"                                         -       4096     4096 1.769472e+06   4.150682e+03     9.681 (  3731      0)     0.236 (  3963      0)
"CPL:atmprep_lnd2atm"                                         -       4096     4096 1.769472e+06   1.379905e+04    13.247 (  2926      0)     0.122 (  1775      0)
"CPL:atmprep_mrgx2a"                                          -       4096     4096 1.769472e+06   1.872096e+03     1.149 (  2939      0)     0.368 (  3396      0)
"CPL:C2A"                                                     -       4096     4096 1.769472e+06   6.774822e+03    12.316 (  1775      0)     0.183 (  2939      0)
"CPL:c2a_atmx2atmg"                                           -       4096     4096 1.769472e+06   5.606761e+03    12.056 (  1775      0)     0.112 (  3837      0)
"CPL:c2a_infoexch"                                            -       4096     4096 1.769472e+06   1.165173e+03     0.665 (   720      0)     0.022 (  2939      0)
"CPL:ATM_RUN"                                                 -       4096     4096 1.769472e+06   2.807506e+06   705.504 (   966      0)   665.773 (  2219      0)
"a:EAMxx::run"                                                -       4096     4096 1.769472e+06   2.806524e+06   705.270 (   966      0)   665.460 (  2219      0)
"a:PIO:PIOc_sync"                                             -       4096     4096 4.096000e+03   9.692750e-02     0.000 (  3664      0)     0.000 (  3325      0)
"a:PIO:write_total"                                           -       4096     4096 4.096000e+03   8.658427e-02     0.000 (  3664      0)     0.000 (  2604      0)
"a:PIO:flush_output_buffer"                                   -        512      512 5.120000e+02   4.830903e-02     0.000 (  3664      0)     0.000 (  1416      0)
"a:EAMxx::EAMxx::run"                                         -       4096     4096 1.769472e+06   2.806372e+06   705.232 (   966      0)   665.422 (  2219      0)
"a:EAMxx::EAMxx::run-precondition-checks"                     -       4096     4096 1.769472e+06   6.676117e-01     0.000 (  1802      0)     0.000 (  3731      0)
"a:EAMxx::SurfaceCouplingImporter::run"                       -       4096     4096 1.769472e+06   1.978372e+03     0.536 (   736      0)     0.453 (  1137      0)
"a:EAMxx::SurfaceCouplingImporter::run-precondition-checks"   -       4096     4096 1.769472e+06   3.506511e-01     0.000 (   467      0)     0.000 (  3476      0)
"a:EAMxx::SurfaceCouplingImporter::run-postcondition-checks"  -       4096     4096 1.769472e+06   1.683113e+03     0.462 (   736      0)     0.383 (  2865      0)
"a:EAMxx::homme::run"                                         -       4096     4096 1.769472e+06   2.495329e+06   609.338 (    18      0)   609.014 (  2939      0)
"a:EAMxx::homme::run-precondition-checks"                     -       4096     4096 1.769472e+06   4.428760e-01     0.000 (    16      0)     0.000 (  3141      0)
"a:tl-sc prim_run_subcycle_c"                                 -       4096     4096 3.538944e+06   2.443803e+06   597.052 (  2404      0)   596.326 (  2122      0)
"a:tl-s prim_step_flexible"                                   -       4096     4096 3.538944e+06   2.443789e+06   597.049 (  2404      0)   596.322 (  2122      0)
"a:ApplyCAMForcing_tracers"                                   -       4096     4096 1.769472e+06   3.249986e+03     0.833 (  3868      0)     0.755 (  3806      0)
"a:tl-s deep_copy+derived_dp"                                 -       4096     4096 3.538944e+06   1.123490e+03     0.297 (  1706      0)     0.258 (  3806      0)
"a:ApplyCAMForcing_dynamics"                                  -       4096     4096 1.061683e+07   5.492061e+03     1.403 (   192      0)     1.260 (  3778      0)
"a:tl-ae prim_advance_exp"                                    -       4096     4096 2.123366e+07   2.042981e+06   505.299 (  1341      0)   493.419 (  3175      0)
"a:ttype9_imex_timestep"                                      -       4096     4096 2.123366e+07   1.763371e+06   440.804 (  1210      0)   425.729 (  3147      0)
"a:caar compute"                                              -       4096     4096 2.123366e+08   6.503702e+05   161.079 (  1324      0)   154.313 (  2693      0)
"a:caar_bexchV"                                               -       4096     4096 1.061683e+08   2.571828e+05    76.741 (  3725      0)    51.053 (  3360      0)
"a:caar limiter"                                              -       4096     4096 1.274020e+08   1.643422e+04     4.211 (    18      0)     3.929 (  2648      0)
"a:compute_stage_value_dirk"                                  -       4096     4096 1.061683e+08   8.255307e+05   217.585 (  1210      0)   192.980 (  3806      0)
"a:tl-ae advance_hypervis_dp"                                 -       4096     4096 2.123366e+07   2.786082e+05    77.225 (  3621      0)    62.703 (  2958      0)
"a:hvf-bhwk"                                                  -       4096     4096 2.123366e+07   1.582806e+05    42.727 (  3724      0)    36.136 (  3713      0)
"a:hvf-bexch"                                                 -       4096     4096 6.370099e+07   1.070697e+05    35.781 (  3621      0)    20.897 (   642      0)
"a:tl-sc vertical_remap"                                      -       4096     4096 1.061683e+07   1.717002e+05    44.099 (  1880      0)    38.995 (  3787      0)
"a:Remap Thickness Functor"                                   -       4096     4096 1.061683e+07   4.576926e+03     1.173 (   192      0)     1.073 (  2502      0)
"a:Remap Scale States Functor"                                -       4096     4096 1.061683e+07   1.440515e+03     0.367 (  2838      0)     0.342 (  3785      0)
"a:Remap Compute Grids Functor"                               -       4096     4096 1.061683e+07   1.360659e+04     3.371 (  3662      0)     3.122 (   329      0)
"a:Remap Compute Remap Functor"                               -       4096     4096 1.061683e+07   1.338306e+05    34.817 (  1880      0)    29.910 (  3787      0)
"a:Remap Rescale States Functor"                              -       4096     4096 1.061683e+07   1.432085e+03     0.364 (    94      0)     0.340 (  2693      0)
"a:tl-at prim_advec_tracers_compose"                          -       4096     4096 3.538944e+06   1.937544e+05    52.109 (   449      0)    41.422 (  1213      0)
"a:compose_transport"                                         -       4096     4096 3.538944e+06   1.937225e+05    52.101 (   449      0)    41.414 (  1213      0)
"a:compose_calc_trajectory"                                   -       4096     4096 3.538944e+06   3.009383e+04     8.641 (  1359      0)     6.519 (  1812      0)
"a:compose_3d_levels"                                         -       4096     4096 3.538944e+06   1.783556e+04     4.516 (  1895      0)     4.221 (  3806      0)
"a:compose_v_bexchv"                                          -       4096     4096 3.538944e+06   1.095372e+04     4.067 (  1359      0)     1.823 (  2985      0)
"a:compose_v2x"                                               -       4096     4096 3.538944e+06   1.289617e+03     0.323 (  2143      0)     0.300 (  3793      0)
"a:compose_isl"                                               -       4096     4096 3.538944e+06   3.309716e+04     9.559 (  1163      0)     6.394 (  2732      0)
"a:compose_hypervis_scalar"                                   -       4096     4096 3.538944e+06   5.666081e+04    17.143 (   945      0)     9.976 (  1231      0)
"a:compose_cedr_global"                                       -       4096     4096 3.538944e+06   4.300744e+04    13.515 (   441      0)     8.409 (  1991      0)
"a:repro_sum_int"                                             -       4096     4096 3.538944e+06   2.657405e+04     9.497 (   441      0)     4.390 (  1991      0)
"a:compose_cedr_local"                                        -       4096     4096 3.538944e+06   1.786603e+04     4.538 (  1888      0)     4.036 (   910      0)
"a:compose_dss_q"                                             -       4096     4096 3.538944e+06   1.297135e+04     3.476 (  1379      0)     2.982 (  3246      0)
"a:compose_vertical_remap"                                    -       4096     4096 3.538944e+06   2.536075e+04     6.519 (  1883      0)     5.849 (  2825      0)
"a:shr_reprosum_INF_NaN_Chk"                                  -       4096     4096 3.538944e+06   1.079975e+02     0.028 (  3726      0)     0.023 (  2608      0)
"a:shr_reprosum_int"                                          -       4096     4096 3.538944e+06   5.276415e+03     1.585 (   979      0)     0.986 (  2379      0)
"a:repro_sum_loopa"                                           -       4096     4096 3.538944e+06   1.401089e+02     0.042 (   763      0)     0.028 (  2550      0)
"a:repro_sum_allr_minmax"                                     -       4096     4096 3.538944e+06   3.500476e+03     1.148 (   979      0)     0.554 (  2379      0)
"a:repro_sum_loopb"                                           -       4096     4096 3.538944e+06   4.691797e+02     0.117 (  1763      0)     0.113 (  3108      0)
"a:repro_sum_allr_i8"                                         -       4096     4096 3.538944e+06   1.144836e+03     0.286 (  1526      0)     0.274 (  2905      0)
"a:repro_sum_finalsum"                                        -       4096     4096 3.538944e+06   2.981955e+00     0.001 (  3809      0)     0.001 (  3657      0)
"a:EAMxx::homme::run-postcondition-checks"                    -       4096     4096 1.769472e+06   3.252498e+03     0.830 (  3474      0)     0.774 (   401      0)
"a:EAMxx::physics::run"                                       -       4096     4096 1.769472e+06   3.082294e+05    95.364 (   966      0)    55.481 (  2219      0)
"a:EAMxx::physics::run-precondition-checks"                   -       4096     4096 1.769472e+06   5.591532e-01     0.000 (   290      0)     0.000 (  3261      0)
"a:EAMxx::mac_aero_mic::run"                                  -       4096     4096 1.769472e+06   5.126015e+04    16.139 (  3190      0)     9.697 (  2481      0)
"a:EAMxx::mac_aero_mic::run-precondition-checks"              -       4096     4096 1.769472e+06   4.742804e-01     0.000 (  1688      0)     0.000 (  3248      0)
"a:EAMxx::tms::run"                                           -       4096     4096 1.769472e+06   3.675866e+02     0.116 (  2031      0)     0.074 (  3365      0)
"a:EAMxx::tms::run-precondition-checks"                       -       4096     4096 1.769472e+06   4.004156e-01     0.000 (   593      0)     0.000 (   356      0)
"a:EAMxx::tms::run-postcondition-checks"                      -       4096     4096 1.769472e+06   2.854471e+02     0.085 (  1463      0)     0.062 (  2681      0)
"a:EAMxx::shoc::run"                                          -       4096     4096 1.769472e+06   2.013880e+04     5.118 (   782      0)     4.710 (  1795      0)
"a:EAMxx::shoc::run-precondition-checks"                      -       4096     4096 1.769472e+06   4.147676e-01     0.001 (   635      0)     0.000 (  1550      0)
"a:EAMxx::shoc::preprocess"                                   -       4096     4096 1.769472e+06   3.405095e+01     0.010 (  2452      0)     0.008 (  1403      0)
"a:EAMxx::shoc::shoc_main"                                    -       4096     4096 1.769472e+06   1.595407e+04     4.096 (   783      0)     3.701 (  3103      0)
"a:EAMxx::shoc::postprocess"                                  -       4096     4096 1.769472e+06   2.546480e+02     0.067 (  3962      0)     0.055 (  2798      0)
"a:EAMxx::shoc::run-postcondition-checks"                     -       4096     4096 1.769472e+06   3.046190e+03     0.779 (   282      0)     0.724 (  2257      0)
"a:EAMxx::cld_fraction::run"                                  -       4096     4096 1.769472e+06   9.111211e+02     0.234 (  2450      0)     0.215 (  1697      0)
"a:EAMxx::cld_fraction::run-precondition-checks"              -       4096     4096 1.769472e+06   5.407791e-01     0.000 (  2371      0)     0.000 (  3508      0)
"a:EAMxx::cld_fraction::run-postcondition-checks"             -       4096     4096 1.769472e+06   7.881256e+02     0.203 (   282      0)     0.186 (  1697      0)
"a:EAMxx::spa::run"                                           -       4096     4096 1.769472e+06   9.771465e+03     2.497 (  3622      0)     2.295 (  3407      0)
"a:EAMxx::spa::run-precondition-checks"                       -       4096     4096 1.769472e+06   4.088630e-01     0.000 (    99      0)     0.000 (  3098      0)
"a:EAMxx::spa::run-postcondition-checks"                      -       4096     4096 1.769472e+06   4.214418e+03     1.051 (  1293      0)     1.012 (  1667      0)
"a:EAMxx::p3::run"                                            -       4096     4096 1.769472e+06   2.001221e+04     8.527 (  1913      0)     2.300 (  2481      0)
"a:EAMxx::p3::run-precondition-checks"                        -       4096     4096 1.769472e+06   2.096252e+02     0.056 (  2098      0)     0.049 (  3425      0)
"a:EAMxx::p3::run-postcondition-checks"                       -       4096     4096 1.769472e+06   3.761984e+03     0.964 (   198      0)     0.889 (   737      0)
"a:EAMxx::mac_aero_mic::run-postcondition-checks"             -       4096     4096 1.769472e+06   4.126475e-01     0.000 (  3585      0)     0.000 (  1889      0)
"a:EAMxx::rrtmgp::run"                                        -       4096     4096 1.769472e+06   2.568972e+05    80.006 (  3242      0)    45.114 (  2219      0)
"a:EAMxx::rrtmgp::run-precondition-checks"                    -       4096     4096 1.769472e+06   1.051147e+02     0.028 (   882      0)     0.025 (  1927      0)
"a:EAMxx::rrtmgp::run-postcondition-checks"                   -       4096     4096 1.769472e+06   4.693544e+03     1.195 (  3730      0)     1.118 (  2521      0)
"a:EAMxx::physics::run-postcondition-checks"                  -       4096     4096 1.769472e+06   3.650732e-01     0.000 (   218      0)     0.000 (   466      0)
"a:EAMxx::SurfaceCouplingExporter::run"                       -       4096     4096 1.769472e+06   7.437965e+02     0.193 (  3074      0)     0.173 (  3097      0)
"a:EAMxx::SurfaceCouplingExporter::run-precondition-checks"   -       4096     4096 1.769472e+06   5.530973e-01     0.000 (  4046      0)     0.000 (  1634      0)
"a:EAMxx::SurfaceCouplingExporter::run-postcondition-checks"  -       4096     4096 1.769472e+06   3.903690e-01     0.000 (  2379      0)     0.000 (  2820      0)
"a:EAMxx::EAMxx::run-postcondition-checks"                    -       4096     4096 1.769472e+06   2.245588e-01     0.000 (  2378      0)     0.000 (   738      0)
"a:EAMxx::IO::restart"                                        -       4096     4096 1.769472e+06   8.891341e+00     0.003 (  3319      0)     0.002 (  1616      0)
"a:EAMxx::IO::model_restart"                                  -       4096     4096 1.769472e+06   7.211512e+00     0.002 (  3319      0)     0.002 (  2250      0)
"a:EAMxx::IO::restart::get_new_file"                          -       4096     4096 1.769472e+06   2.358779e-01     0.000 (   469      0)     0.000 (  1444      0)
"a:EAMxx::IO::restart::run_output_streams"                    -       4096     4096 1.769472e+06   2.187585e+00     0.001 (  1600      0)     0.000 (  1039      0)
"a:EAMxx::IO::standard"                                       -       4096     4096 1.769472e+06   5.422603e+00     0.002 (  2183      0)     0.001 (   310      0)
"a:EAMxx::IO::nooutput.yaml"                                  -       4096     4096 1.769472e+06   3.941133e+00     0.001 (  2183      0)     0.001 (  2358      0)
"a:EAMxx::IO::standard::get_new_file"                         -       4096     4096 1.769472e+06   1.573161e-01     0.000 (  3531      0)     0.000 (   875      0)
"a:EAMxx::IO::standard::run_output_streams"                   -       4096     4096 1.769472e+06   1.772696e-01     0.000 (  1536      0)     0.000 (  1957      0)
"CPL:A2C"                                                     -       4096     4096 1.769472e+06   8.133458e+04    40.330 (  2219      0)     0.816 (   966      0)
"CPL:a2c_atma2atmx"                                           -       4096     4096 1.769472e+06   5.905531e+04    35.712 (  2896      0)     0.239 (   966      0)
"CPL:a2c_infoexch"                                            -       4096     4096 1.769472e+06   2.227463e+04    21.321 (  2602      0)     0.008 (     0      0)
"CPL:ATMPOST"                                                 -       4096     4096 1.769472e+06   4.993620e-01     0.000 (  2308      0)     0.000 (   631      0)
"CPL:HISTORY"                                                 -       4096     4096 1.769472e+06   1.124506e+00     0.001 (   580      0)     0.000 (   390      0)
"CPL:cime_run_write_history"                                  -       4096     4096 1.769472e+06   2.001545e-01     0.000 (   510      0)     0.000 (   688      0)
"CPL:TSTAMP_WRITE"                                            -       4096     4096 1.769472e+06   7.267637e-01     0.000 (  2041      0)     0.000 (  2288      0)
"CPL:TPROF_WRITE"                                             -       4096     4096 1.769472e+06   8.678433e-02     0.000 (   621      0)     0.000 (  2197      0)
"CPL:C2O_INITWAIT"                                            -       4096     4096 1.765376e+06   1.085537e+04     9.455 (     0      0)     0.581 (  3192      0)
"l:interpMonthlyVeg"                                          -       4096     4096 1.765376e+06   9.628407e+03     2.353 (   448      0)     2.342 (  2911      0)
"l:readMonthlyVeg"                                            -       4096     4096 4.096000e+03   9.626482e+03     2.352 (   432      0)     2.342 (  2911      0)
"l:PIO:openfile"                                              -       4096     4096 4.096000e+03   6.865262e+02     0.201 (  1350      0)     0.142 (  2841      0)
"l:PIO:pio_inq_varid_file_vdesc"                              -       4096     4096 3.276800e+04   1.172430e+01     0.007 (  4032      0)     0.000 (   504      0)
"l:PIO:pio_inq_varid_file_vid"                                -       4096     4096 3.276800e+04   1.170126e+01     0.007 (  4032      0)     0.000 (   504      0)
"l:PIO:pio_inq_varndims_file_vdesc"                           -       4096     4096 3.276800e+04   1.796070e+00     0.001 (  3674      0)     0.000 (   509      0)
"l:PIO:pio_inq_varndims_file_vid"                             -       4096     4096 3.276800e+04   1.775313e+00     0.001 (  3674      0)     0.000 (   509      0)
"l:PIO:pio_inq_vardimid_file_vdesc"                           -       4096     4096 3.276800e+04   3.923725e+00     0.001 (  1558      0)     0.000 (   200      0)
"l:PIO:pio_inq_vardimid_file_vid"                             -       4096     4096 3.276800e+04   3.902513e+00     0.001 (  1558      0)     0.000 (   200      0)
"l:PIO:pio_inq_dimname_file_dimid"                            -       4096     4096 2.785280e+05   1.018375e+01     0.003 (  3180      0)     0.001 (   502      0)
"l:PIO:pio_inq_dimlen_file_dimid"                             -       4096     4096 6.553600e+04   1.717396e+00     0.001 (  3495      0)     0.000 (   466      0)
"l:PIO:pio_inq_dimlen_file_dimid_offlen"                      -       4096     4096 6.553600e+04   1.675231e+00     0.001 (  3495      0)     0.000 (   466      0)
"l:PIO:pio_inquire_file"                                      -       4096     4096 1.228800e+05   3.125003e+00     0.001 (  2289      0)     0.000 (   506      0)
"l:PIO:pio_inq_ndims_file"                                    -       4096     4096 1.228800e+05   3.062889e+00     0.001 (  2289      0)     0.000 (   504      0)
"l:PIO:initdecomp"                                            -       4096     4096 4.096000e+03   2.745309e+02     0.067 (   696      0)     0.066 (   363      0)
"l:PIO:PIOc_initdecomp"                                       -       4096     4096 4.096000e+03   2.740997e+02     0.067 (   698      0)     0.066 (   360      0)
"l:PIO:box_rearrange_create"                                  -       4096     4096 4.096000e+03   2.697760e+02     0.066 (  3372      0)     0.066 (  3483      0)
"l:PIO:pio_swapm"                                             -       4096     4096 4.505600e+04   8.099722e+03     2.124 (   503      0)     0.217 (  4056      0)
"l:PIO:read_darray_3d_double"                                 -       4096     4096 3.276800e+04   8.485025e+03     2.078 (   504      0)     2.068 (  4032      0)
"l:PIO:PIOc_read_darray"                                      -       4096     4096 3.276800e+04   8.484928e+03     2.078 (   504      0)     2.068 (  4032      0)
"l:PIO:read_darray_nc"                                        -       4096     4096 3.276800e+04   5.720447e+02     1.899 (     0      0)     0.000 (  2969      0)
"l:PIO:rearrange_io2comp"                                     -       4096     4096 3.276800e+04   7.906605e+03     2.076 (   511      0)     0.173 (     0      0)
"l:PIO:closefile"                                             -       4096     4096 4.096000e+03   6.751283e-01     0.002 (  2112      0)     0.000 (  1105      0)
"l:PIO:PIOc_closefile"                                        -       4096     4096 4.096000e+03   6.690170e-01     0.002 (  2112      0)     0.000 (  1105      0)
"l:surfalb"                                                   -       4096     4096 1.765376e+06   3.450071e+04     9.684 (  3144      0)     6.293 (   694      0)
"l:urbsurfalb"                                                -       4096     4096 1.765376e+06   6.371530e+03     3.144 (     5      0)     1.325 (  1524      0)
"CPL:OCNT_RUN"                                                -       4096     4096 1.765376e+06   6.958113e+02     0.332 (     0      0)     0.113 (  3739      0)
"o:DOCN_RUN"                                                  -       4096     4096 1.765376e+06   5.798570e+02     0.201 (  2380      0)     0.085 (  3739      0)
"o:docn_run1"                                                 -       4096     4096 1.765376e+06   1.348781e+00     0.001 (  2717      0)     0.000 (  3127      0)
"o:docn"                                                      -       4096     4096 1.765376e+06   5.742155e+02     0.200 (  2380      0)     0.084 (  3739      0)
"o:docn_strdata_advance"                                      -       4096     4096 1.765376e+06   2.941629e+02     0.132 (  2380      0)     0.018 (   236      0)
"o:docn_strd_adv_total"                                       -       4096     4096 1.765376e+06   2.907227e+02     0.131 (  2380      0)     0.017 (   236      0)
"o:docn_strd_adv_readLBUB"                                    -       4096     4096 1.765376e+06   2.039318e+02     0.109 (  2380      0)     0.002 (  3691      0)
"o:docn_readLBUB_setup"                                       -       4096     4096 1.765376e+06   4.716124e-01     0.000 (  1886      0)     0.000 (  1527      0)
"o:docn_readLBUB_filemgt"                                     -       4096     4096 1.765376e+06   2.173608e-01     0.000 (  2707      0)     0.000 (     0      0)
"o:docn_strd_adv_tint"                                        -       4096     4096 1.765376e+06   4.924342e+01     0.014 (  2420      0)     0.012 (  3376      0)
"o:docn_scatter"                                              -       4096     4096 1.765376e+06   1.736471e+02     0.048 (  3649      0)     0.040 (  1275      0)
"o:docn_datamode"                                             -       4096     4096 1.765376e+06   3.264408e+01     0.015 (  3676      0)     0.007 (  2072      0)
"o:docn_run2"                                                 -       4096     4096 1.765376e+06   1.021826e-01     0.009 (     0      0)     0.000 (    98      0)
"CPL:O2CT"                                                    -       4096     4096 1.765376e+06   2.536612e+04    26.209 (   763      0)     0.032 (  3543      0)
"CPL:o2c_ocno2ocnx"                                           -       4096     4096 1.765376e+06   9.711140e+01     0.045 (  2225      0)     0.021 (  2506      0)
"CPL:o2c_infoexch"                                            -       4096     4096 1.765376e+06   2.526609e+04    26.185 (   763      0)     0.010 (  3543      0)
"CPL:OCNPOSTT"                                                -       4096     4096 1.765376e+06   6.024040e-01     0.000 (  1022      0)     0.000 (    38      0)
"i:cice_pice_readLBUB_LB_copy"                                -       4096     4096 4.096000e+03   7.165085e-03     0.000 (  2419      0)     0.000 (  1927      0)
"o:docn_readLBUB_fbound"                                      -       4096     4096 4.096000e+03   6.446680e-04     0.000 (     0      0)     0.000 (   415      0)
"o:docn_readLBUB_bcast"                                       -       4096     4096 4.096000e+03   9.496905e+01     0.079 (  2380      0)     0.000 (   181      0)
"o:docn_readLBUB_LB_copy"                                     -       4096     4096 4.096000e+03   6.472757e-03     0.000 (  1947      0)     0.000 (  2976      0)
"o:docn_readLBUB_UB_setup"                                    -       4096     4096 4.096000e+03   2.464867e-03     0.000 (     0      0)     0.000 (  1850      0)
"o:docn_readLBUB_UB_readpio"                                  -       4096     4096 4.096000e+03   1.027803e+02     0.029 (  2540      0)     0.000 (  3691      0)
"o:PIO:pio_inq_varid_file_vdesc"                              -       4096     4096 8.192000e+03   3.981058e-01     0.000 (  1678      0)     0.000 (  4047      0)
"o:PIO:pio_inq_varid_file_vid"                                -       4096     4096 8.192000e+03   3.905830e-01     0.000 (  1678      0)     0.000 (  4047      0)
"o:PIO:pio_inq_varndims_file_vdesc"                           -       4096     4096 4.096000e+03   1.996270e-01     0.000 (   658      0)     0.000 (  2611      0)
"o:PIO:pio_inq_varndims_file_vid"                             -       4096     4096 4.096000e+03   1.956044e-01     0.000 (   658      0)     0.000 (   119      0)
"o:PIO:pio_inq_vardimid_file_vdesc"                           -       4096     4096 4.096000e+03   4.538559e-01     0.000 (  3987      0)     0.000 (   455      0)
"o:PIO:pio_inq_vardimid_file_vid"                             -       4096     4096 4.096000e+03   4.497006e-01     0.000 (  3987      0)     0.000 (  3691      0)
"o:PIO:pio_inq_dimlen_file_dimid"                             -       4096     4096 1.228800e+04   4.155876e-01     0.007 (   104      0)     0.000 (    65      0)
"o:PIO:pio_inq_dimlen_file_dimid_offlen"                      -       4096     4096 1.228800e+04   4.046411e-01     0.007 (   104      0)     0.000 (    65      0)
"o:PIO:pio_inq_vartype_file_vdesc"                            -       4096     4096 4.096000e+03   9.161343e-01     0.022 (  3689      0)     0.000 (  3655      0)
"o:PIO:pio_inq_vartype_file_vid"                              -       4096     4096 4.096000e+03   9.125494e-01     0.022 (  3689      0)     0.000 (  3655      0)
"o:PIO:read_darray_1d_real"                                   -       4096     4096 4.096000e+03   9.985693e+01     0.028 (  2543      0)     0.000 (  3691      0)
"o:PIO:PIOc_read_darray"                                      -       4096     4096 4.096000e+03   9.984443e+01     0.028 (  2541      0)     0.000 (  3691      0)
"o:PIO:read_darray_nc"                                        -       4096     4096 4.096000e+03   1.263149e+01     0.028 (  3096      0)     0.000 (  2804      0)
"o:PIO:rearrange_io2comp"                                     -       4096     4096 4.096000e+03   8.699574e+01     0.028 (  2543      0)     0.000 (     0      0)
"o:PIO:pio_swapm"                                             -       4096     4096 4.096000e+03   8.695968e+01     0.028 (  2543      0)     0.000 (   128      0)
"o:docn_strd_adv_fill"                                        -       4096     4096 4.096000e+03   2.064153e-01     0.000 (  2831      0)     0.000 (  2712      0)
"o:docn_strd_adv_map"                                         -       4096     4096 4.096000e+03   2.721775e+01     0.009 (   937      0)     0.001 (   237      0)
"CPL:RUN_LOOP_BSTOP"                                          -       4096     4096 4.096000e+03   1.744092e+01     0.006 (  1472      0)     0.000 (  1913      0)
"CPL:FINAL"                                                   -       4096     4096 4.096000e+03   3.759080e+03     0.919 (     0      0)     0.917 (  1629      0)
"CPL:cime_final"                                              -       4096     4096 4.096000e+03   3.759074e+03     0.919 (     0      0)     0.917 (  1629      0)
"o_f:DOCN_FINAL"                                              -       4096     4096 4.096000e+03   8.485520e-04     0.000 (     0      0)     0.000 (   603      0)
"a_f:EAMxx::finalize"                                         y       4096     4096 4.096000e+03   1.056166e+03     0.337 (  4010      0)     0.214 (  1809      0)
"a_f:PIO:PIOc_sync"                                           -       4096     4096 4.096000e+03   8.899796e-02     0.001 (  4008      0)     0.000 (  2628      0)
"a_f:PIO:write_total"                                         -       4096     4096 8.192000e+03   1.578849e+01     0.033 (  2048      0)     0.000 (  1638      0)
"a_f:PIO:flush_output_buffer"                                 -        512      512 1.024000e+03   7.012218e-02     0.000 (  4008      0)     0.000 (  1320      0)
"a_f:PIO:PIOc_closefile"                                      -       4096     4096 8.192000e+03   3.008755e+01     0.075 (  1592      0)     0.000 (   869      0)
"a_f:PIO:PIOc_closefile_write_mode"                           -       4096     4096 4.096000e+03   1.570717e+01     0.033 (  2048      0)     0.000 (  1875      0)
"a_f:PIO:PIOc_freedecomp"                                     -       4096     4096 5.324800e+04   5.809056e+00     0.006 (  3208      0)     0.001 (  2809      0)
"PIO:finalize"                                                -       4096     4096 4.096000e+04   2.304306e+02     0.533 (     0      0)     0.000 (  1771      0)
"PIO:PIOc_finalize"                                           -       4096     4096 4.096000e+04   2.303487e+02     0.533 (     0      0)     0.000 (  1771      0)
"CPL:FINAL_sync1_tprf"                                        -       4096     4096 4.096000e+03   3.462576e+00     0.001 (  3231      0)     0.000 (     0      0)
"CPL:FINAL_t_prf"                                             y          0        0 0.000000e+00   0.000000e+00     0.000 (     0      0)     0.000 (     0      0)

