
***** GLOBAL STATISTICS (  6144 MPI TASKS) *****

$Id: gptl.c,v 1.157 2011-03-28 20:55:18 rosinski Exp $
'count' is cumulative. All other stats are max/min
'on' indicates whether the timer was active during output, and so stats are lower or upper bounds.

name                                                         on  processes  threads        count      walltotal   wallmax (proc   thrd  )   wallmin (proc   thrd  )
"CPL:INIT"                                                    -       6144     6144 6.144000e+03   2.459205e+06   440.017 (  3227      0)   386.044 (    74      0)
"CPL:cime_pre_init1"                                          -       6144     6144 6.144000e+03   1.001136e+05    56.050 (  3220      0)     2.078 (    75      0)
"CPL:mpi_init"                                                -       6144     6144 6.144000e+03   9.474053e+04    55.181 (  3216      0)     1.209 (    72      0)
"CPL:ESMF_Initialize"                                         -       6144     6144 6.144000e+03   7.201482e+01     0.028 (  5963      0)     0.000 (  6077      0)
"CPL:cime_pre_init2"                                          -       6144     6144 6.144000e+03   4.654897e+03     0.863 (  4376      0)     0.614 (     2      0)
"CPL:seq_infodata_init"                                       -       6144     6144 6.144000e+03   6.781522e+02     0.369 (  4911      0)     0.001 (  5491      0)
"CPL:seq_timemgr_clockInit"                                   -       6144     6144 6.144000e+03   5.450774e+01     0.092 (  5903      0)     0.001 (    16      0)
"CPL:cime_init"                                               -       6144     6144 6.144000e+03   2.354359e+06   383.342 (     9      0)   383.082 (  4378      0)
"CPL:init_comps"                                              -       6144     6144 6.144000e+03   2.352788e+06   383.086 (     8      0)   382.823 (  4378      0)
"CPL:comp_init_pre_all"                                       -       6144     6144 6.144000e+03   5.679784e-01     0.009 (  5895      0)     0.000 (  4591      0)
"CPL:comp_init_cc_atm"                                        -       6144     6144 6.144000e+03   1.008890e+06   164.353 (     9      0)   164.092 (  4371      0)
"a_i:comp_init"                                               -       6144     6144 1.228800e+04   1.008652e+06   164.347 (     0      0)   164.059 (  5898      0)
"a_i:EAMxx::init"                                             -       6144     6144 4.300800e+04   9.914527e+05   163.421 (  5100      0)   158.193 (  6062      0)
"a_i:EAMxx::create_output_managers"                           -       6144     6144 6.144000e+03   1.295499e+02     0.091 (  4507      0)     0.000 (   813      0)
"a_i:EAMxx::create_atm_processes"                             -       6144     6144 6.144000e+03   6.050379e+03     1.159 (    86      0)     0.497 (  5896      0)
"a_i:EAMxx::create_grids"                                     -       6144     6144 6.144000e+03   2.266779e+05    38.564 (  3720      0)    36.624 (  5898      0)
"a_i:EAMxx::build_grids"                                      -       6144     6144 6.144000e+03   1.921717e+05    31.724 (  6080      0)    31.265 (   264      0)
"a_i:PartitioningTime"                                        -       6144     6144 6.144000e+03   7.184511e-02     0.003 (  5894      0)     0.000 (  4238      0)
"a_i:repro_sum_int"                                           -       6144     6144 6.144000e+03   1.107738e+03     0.304 (  2050      0)     0.041 (  6078      0)
"a_i:PIO:spio_get_att_tc"                                     -       6144     6144 6.696960e+05   4.389829e+02     0.219 (  4166      0)     0.044 (  3415      0)
"a_i:PIO:spio_get_vars_tc"                                    -       6144     6144 1.228800e+05   2.488198e+03     0.434 (  1654      0)     0.351 (  6077      0)
"a_i:PIO:PIOc_closefile"                                      -       6144     6144 7.987200e+04   2.338049e+03     8.269 (  4752      0)     0.000 (  4851      0)
"a_i:EAMxx::SurfaceCouplingImporter::set_grids"               -       6144     6144 6.144000e+03   7.249031e+00     0.286 (  5902      0)     0.000 (  5532      0)
"a_i:EAMxx::homme::set_grids"                                 -       6144     6144 6.144000e+03   1.022433e+04     2.337 (  6083      0)     0.784 (   170      0)
"a_i:EAMxx::physics::set_grids"                               -       6144     6144 6.144000e+03   2.011245e+04     3.504 (  3588      0)     1.766 (  4345      0)
"a_i:EAMxx::mac_aero_mic::set_grids"                          -       6144     6144 6.144000e+03   1.083650e+04     2.004 (  4580      0)     0.337 (  1651      0)
"a_i:EAMxx::tms::set_grids"                                   -       6144     6144 6.144000e+03   1.592858e+01     0.107 (  5903      0)     0.002 (   613      0)
"a_i:EAMxx::shoc::set_grids"                                  -       6144     6144 6.144000e+03   3.692167e+02     0.757 (  1942      0)     0.000 (    36      0)
"a_i:EAMxx::cld_fraction::set_grids"                          -       6144     6144 6.144000e+03   3.966712e+00     0.158 (  4378      0)     0.000 (  3270      0)
"a_i:EAMxx::spa::set_grids"                                   -       6144     6144 6.144000e+03   1.015227e+04     1.939 (  5024      0)     0.213 (  2302      0)
"a_i:EAMxx::p3::set_grids"                                    -       6144     6144 6.144000e+03   8.050056e+00     0.146 (  4369      0)     0.000 (  3338      0)
"a_i:EAMxx::rrtmgp::set_grids"                                -       6144     6144 6.144000e+03   9.252998e+03     1.564 (  2076      0)     1.395 (  6076      0)
"a_i:EAMxx::SurfaceCouplingExporter::set_grids"               -       6144     6144 6.144000e+03   6.396484e+02     1.316 (  3727      0)     0.002 (  2124      0)
"a_i:EAMxx::create_fields"                                    -       6144     6144 6.144000e+03   2.229369e+03     1.275 (  1976      0)     0.281 (  3674      0)
"a_i:EAMxx::initialize_fields"                                -       6144     6144 6.144000e+03   3.014482e+05    49.191 (   792      0)    48.925 (  6074      0)
"a_i:PIO:PIOc_initdecomp"                                     -       6144     6144 7.987200e+04   6.355270e+04    10.349 (  3013      0)    10.305 (  6078      0)
"a_i:PIO:box_rearrange_create"                                -       6144     6144 7.987200e+04   6.318582e+04    10.285 (  5364      0)    10.249 (  5958      0)
"a_i:PIO:pio_swapm"                                           -       6144     6144 3.747840e+05   1.710974e+05    35.540 (   806      0)     3.315 (  2976      0)
"a_i:PIO:PIOc_read_darray"                                    -       6144     6144 1.351680e+05   1.566036e+05    28.455 (   806      0)    22.376 (  4563      0)
"a_i:PIO:read_darray_nc"                                      -       6144     6144 1.351680e+05   1.099667e+04    26.441 (   768      0)     0.000 (  5978      0)
"a_i:PIO:rearrange_io2comp"                                   -       6144     6144 1.351680e+05   1.362060e+05    27.555 (   149      0)     0.688 (  4116      0)
"a_i:EAMxx::initialize_atm_procs"                             -       6144     6144 6.144000e+03   4.511285e+05    74.203 (  6074      0)    70.458 (  6060      0)
"a_i:EAMxx::SurfaceCouplingImporter::init"                    -       6144     6144 6.144000e+03   9.139262e+00     0.122 (  6075      0)     0.000 (  3516      0)
"a_i:EAMxx::homme::init"                                      -       6144     6144 6.144000e+03   3.088345e+05    50.631 (  6025      0)    50.015 (  4371      0)
"a_i:compose_init"                                            -       6144     6144 6.144000e+03   6.787521e+02     0.588 (  6098      0)     0.025 (  4932      0)
"a_i:sl_init1"                                                -       6144     6144 6.144000e+03   4.325643e+03     1.184 (  4151      0)     0.634 (  4147      0)
"a_i:EAMxx::tms::init"                                        -       6144     6144 6.144000e+03   2.588298e-02     0.000 (     0      0)     0.000 (   673      0)
"a_i:EAMxx::shoc::init"                                       -       6144     6144 6.144000e+03   6.938619e+01     0.144 (  6077      0)     0.001 (  3142      0)
"a_i:EAMxx::cld_fraction::init"                               -       6144     6144 6.144000e+03   1.427069e-01     0.000 (     0      0)     0.000 (  4842      0)
"a_i:EAMxx::spa::init"                                        -       6144     6144 6.144000e+03   1.229927e+05    23.797 (  2460      0)    19.401 (  6072      0)
"a_i:EAMxx::p3::init"                                         -       6144     6144 6.144000e+03   1.678603e+03     0.445 (  5431      0)     0.043 (  5916      0)
"a_i:EAMxx::rrtmgp::init"                                     -       6144     6144 6.144000e+03   1.747078e+04     3.582 (   136      0)     0.048 (  2872      0)
"a_i:EAMxx::SurfaceCouplingExporter::init"                    -       6144     6144 6.144000e+03   3.573182e+01     0.092 (  3709      0)     0.002 (  5052      0)
"a_i:EAMxx::initialize_output_managers"                       -       6144     6144 6.144000e+03   3.788641e+03     0.649 (   864      0)     0.611 (   698      0)
"a_i:EAMxx::IO::standard"                                     -       6144     6144 6.144000e+03   2.878120e+03     0.531 (  5580      0)     0.442 (  3089      0)
"a_i:EAMxx::IO::nooutput.yaml"                                -       6144     6144 6.144000e+03   2.878112e+03     0.531 (  5580      0)     0.442 (  3089      0)
"a_i:EAMxx::IO::standard::get_new_file"                       -       6144     6144 6.144000e+03   2.870106e+03     0.518 (  5580      0)     0.442 (  3089      0)
"a_i:PIO:PIOc_createfile"                                     -       6144     6144 6.144000e+03   1.162169e+03     0.225 (  5590      0)     0.160 (  6073      0)
"a_i:PIO:write_total"                                         -       6144     6144 2.027520e+05   1.242869e+03     0.492 (  3972      0)     0.169 (  3089      0)
"a_i:PIO:spio_put_att_tc"                                     -       6144     6144 1.843200e+05   5.339061e+01     0.254 (  3120      0)     0.000 (  3551      0)
"a_i:PIO:spio_put_vars_tc"                                    -       6144     6144 6.144000e+03   2.549716e+01     0.026 (  4368      0)     0.000 (   651      0)
"a_i:PIO:flush_output_buffer"                                 -        512      512 1.024000e+03   1.365058e+01     0.029 (  5232      0)     0.004 (  4368      0)
"a_i:EAMxx::IO::standard::run_output_streams"                 -       6144     6144 6.144000e+03   1.003387e-03     0.000 (  1348      0)     0.000 (  2861      0)
"a_i:EAMxx::IO::standard::update_snapshot_tally"              -       6144     6144 6.144000e+03   7.982052e+00     0.012 (   864      0)     0.000 (  5276      0)
"a_i:PIO:PIOc_sync"                                           -       6144     6144 6.144000e+03   1.816426e+00     0.004 (  2760      0)     0.000 (  5770      0)
"CPL:comp_init_cc_lnd"                                        -       6144     6144 6.144000e+03   7.853034e+05   127.850 (  4379      0)   127.814 (  1241      0)
"l_i:comp_init"                                               -       6144     6144 6.144000e+03   7.852271e+05   127.847 (  4368      0)   127.800 (  1391      0)
"l_i:elm_init1"                                               -       6144     6144 6.144000e+03   1.883905e+05    30.751 (  3408      0)    30.504 (    65      0)
"l_i:PIO:openfile"                                            -       6144     6144 1.413120e+05   1.361440e+04     2.931 (   627      0)     1.373 (  6080      0)
"l_i:PIO:pio_inq_dimid_file_dimid"                            -       6144     6144 3.809280e+05   1.893456e+02     0.058 (  5277      0)     0.009 (  5388      0)
"l_i:PIO:pio_inq_dimlen_file_dimid"                           -       6144     6144 2.211840e+06   3.699541e+02     0.081 (     1      0)     0.018 (  2070      0)
"l_i:PIO:pio_inq_dimlen_file_dimid_offlen"                    -       6144     6144 2.211840e+06   3.694725e+02     0.081 (     1      0)     0.018 (  2066      0)
"l_i:PIO:pio_inq_varid_file_vdesc"                            -       6144     6144 2.850816e+06   3.431072e+03     1.657 (  5149      0)     0.068 (  2051      0)
"l_i:PIO:pio_inq_varid_file_vid"                              -       6144     6144 2.850816e+06   3.233142e+03     1.622 (  5149      0)     0.068 (  2051      0)
"l_i:PIO:get_var_1d_int"                                      -       6144     6144 3.686400e+04   1.355793e+03     0.243 (  5400      0)     0.164 (  4376      0)
"l_i:PIO:spio_get_vars_tc"                                    -       6144     6144 1.222656e+06   5.227122e+03     0.904 (     8      0)     0.733 (  6078      0)
"l_i:PIO:closefile"                                           -       6144     6144 1.228800e+05   1.131322e+02     0.279 (   228      0)     0.001 (  1367      0)
"l_i:PIO:PIOc_closefile"                                      -       6144     6144 1.228800e+05   1.129917e+02     0.279 (   228      0)     0.001 (  1367      0)
"l_i:PIO:pio_inq_varndims_file_vdesc"                         -       6144     6144 1.357824e+06   5.127790e+02     1.627 (  2045      0)     0.018 (  2107      0)
"l_i:PIO:pio_inq_varndims_file_vid"                           -       6144     6144 1.357824e+06   5.123591e+02     1.627 (  2045      0)     0.018 (  2106      0)
"l_i:PIO:pio_inq_vardimid_file_vdesc"                         -       6144     6144 1.357824e+06   1.019497e+03     0.244 (     2      0)     0.042 (  2075      0)
"l_i:PIO:pio_inq_vardimid_file_vid"                           -       6144     6144 1.357824e+06   1.019163e+03     0.244 (     2      0)     0.042 (  2075      0)
"l_i:PIO:pio_inq_dimname_file_dimid"                          -       6144     6144 4.884480e+06   1.211699e+03     0.263 (     2      0)     0.063 (  2064      0)
"l_i:PIO:initdecomp"                                          -       6144     6144 1.597440e+05   4.392787e+04     7.405 (  1643      0)     6.837 (  6083      0)
"l_i:PIO:PIOc_initdecomp"                                     -       6144     6144 1.597440e+05   4.390745e+04     7.402 (  1682      0)     6.833 (  6083      0)
"l_i:PIO:box_rearrange_create"                                -       6144     6144 1.597440e+05   4.143781e+04     6.746 (    93      0)     6.740 (  4377      0)
"l_i:PIO:pio_swapm"                                           -       6144     6144 1.824768e+06   6.499186e+05   111.852 (  2078      0)    43.372 (   252      0)
"l_i:PIO:read_darray_1d_double"                               -       6144     6144 5.038080e+05   2.350713e+05    38.582 (  2051      0)    37.534 (  5149      0)
"l_i:PIO:PIOc_read_darray"                                    -       6144     6144 1.345536e+06   6.489572e+05   106.495 (  2051      0)   103.571 (  2046      0)
"l_i:PIO:read_darray_nc"                                      -       6144     6144 1.345536e+06   3.014338e+04    65.979 (   252      0)     0.000 (  2057      0)
"l_i:PIO:rearrange_io2comp"                                   -       6144     6144 1.345536e+06   6.159567e+05   106.156 (  2079      0)    38.417 (   252      0)
"l_i:PIO:pio_inquire_file"                                    -       6144     6144 1.769472e+06   3.119590e+02     0.067 (   794      0)     0.016 (  2076      0)
"l_i:PIO:pio_inq_ndims_file"                                  -       6144     6144 1.769472e+06   3.115256e+02     0.066 (   794      0)     0.016 (  2076      0)
"l_i:PIO:read_darray_1d_int"                                  -       6144     6144 4.300800e+04   1.564099e+04     2.566 (  3432      0)     2.520 (  1069      0)
"l_i:PIO:read_darray_3d_double"                               -       6144     6144 1.105920e+05   3.658369e+04     6.035 (  2083      0)     5.825 (  2041      0)
"l_i:PIO:read_darray_3d_int"                                  -       6144     6144 6.144000e+03   1.068482e+03     0.179 (  3372      0)     0.165 (   628      0)
"l_i:PIO:read_darray_4d_double"                               -       6144     6144 8.601600e+04   6.826001e+04    11.166 (  2048      0)    10.992 (  2040      0)
"l_i:PIO:get_var_1d_text"                                     -       6144     6144 1.228800e+04   6.573389e+01     0.022 (  6078      0)     0.004 (  3532      0)
"l_i:PIO:get_var_1d_double"                                   -       6144     6144 8.847360e+05   3.003563e+03     0.548 (    11      0)     0.364 (  6081      0)
"l_i:PIO:get_var_0d_double"                                   -       6144     6144 6.144000e+04   1.396522e+02     0.027 (  1596      0)     0.003 (  4377      0)
"l_i:PIO:read_darray_2d_double"                               -       6144     6144 5.713920e+05   2.890228e+05    47.425 (  2196      0)    45.708 (  2046      0)
"l_i:PIO:read_darray_2d_int"                                  -       6144     6144 2.457600e+04   3.313122e+03     0.571 (  5532      0)     0.518 (  5121      0)
"l_i:gather_1darray_int_total"                                -       6144     6144 3.072000e+04   2.491237e+03     1.400 (     0      0)     0.193 (    38      0)
"l_i:scatter_1darray_int_total"                               -       6144     6144 3.072000e+04   1.055976e+04     1.947 (     1      0)     0.746 (     0      0)
"l_i:init_filters"                                            -       6144     6144 6.144000e+03   7.892754e+01     0.035 (  2820      0)     0.000 (    10      0)
"l_i:elm_init2"                                               -       6144     6144 6.144000e+03   5.946935e+05    96.836 (  6073      0)    96.729 (  5898      0)
"l_i:init_orbd"                                               -       6144     6144 6.144000e+03   1.127607e+00     0.032 (  6080      0)     0.000 (     0      0)
"l_i:PIO:get_var_0d_int"                                      -       6144     6144 1.290240e+05   2.404064e+03     0.720 (  2041      0)     0.364 (  3432      0)
"l_i:PIO:get_var_2d_double"                                   -       6144     6144 7.372800e+04   7.770673e+02     0.128 (   323      0)     0.124 (  5352      0)
"l_i:PIO:get_var_3d_double"                                   -       6144     6144 2.457600e+04   1.204889e+02     0.054 (  6079      0)     0.018 (  5772      0)
"l_i:init_accflds"                                            -       6144     6144 6.144000e+03   9.130806e+00     0.019 (  5900      0)     0.001 (  1924      0)
"l_i:init_dyn_subgrid"                                        -       6144     6144 6.144000e+03   1.018570e+02     0.075 (  5896      0)     0.002 (  1668      0)
"l_i:subgridRest_write-read"                                  -       6144     6144 6.144000e+03   6.677836e+04    10.876 (  4056      0)    10.860 (  1024      0)
"l_i:init_map2gc"                                             -       6144     6144 6.144000e+03   5.413292e+00     0.001 (   936      0)     0.001 (  3151      0)
"l_i:init_elm_interface_data & pflotran"                      -       6144     6144 6.144000e+03   1.670219e-03     0.000 (   629      0)     0.000 (  3479      0)
"l_i:init_wlog"                                               -       6144     6144 6.144000e+03   1.991211e-03     0.000 (     0      0)     0.000 (  4856      0)
"l_i:elm_init3"                                               -       6144     6144 6.144000e+03   1.063037e-02     0.000 (  2266      0)     0.000 (  2732      0)
"CPL:comp_init_cc_rof"                                        -       6144     6144 6.144000e+03   2.573877e+01     0.017 (  6073      0)     0.001 (  4370      0)
"r_i:comp_init"                                               -       6144     6144 6.144000e+03   7.377088e-01     0.016 (  6074      0)     0.000 (     0      0)
"CPL:comp_init_cc_ocn"                                        -       6144     6144 6.144000e+03   2.627089e+05    42.762 (  5372      0)    42.666 (  6072      0)
"o_i:comp_init"                                               -       6144     6144 6.144000e+03   2.626452e+05    42.756 (  4678      0)    42.665 (  6077      0)
"o_i:docn_readnml"                                            -       6144     6144 6.144000e+03   3.776641e+03     0.664 (  1489      0)     0.322 (     0      0)
"o_i:DOCN_INIT"                                               -       6144     6144 6.144000e+03   2.587581e+05    42.426 (     0      0)    42.077 (  5685      0)
"o_i:docn_strdata_init"                                       -       6144     6144 6.144000e+03   2.482687e+05    40.574 (  2669      0)    40.241 (  4495      0)
"o_i:PIO:initdecomp"                                          -       6144     6144 1.843200e+04   3.057899e+03     0.513 (    12      0)     0.480 (     0      0)
"o_i:PIO:PIOc_initdecomp"                                     -       6144     6144 1.843200e+04   3.057839e+03     0.513 (    12      0)     0.480 (     0      0)
"o_i:PIO:box_rearrange_create"                                -       6144     6144 1.843200e+04   2.931507e+03     0.478 (   208      0)     0.477 (   904      0)
"o_i:PIO:pio_swapm"                                           -       6144     6144 6.758400e+04   3.722310e+03     0.682 (  2333      0)     0.393 (  1452      0)
"o_i:docn_initgsmaps"                                         -       6144     6144 6.144000e+03   2.184420e+00     0.007 (  6077      0)     0.000 (  5221      0)
"o_i:docn_initmctdom"                                         -       6144     6144 6.144000e+03   1.619428e+00     0.039 (  4368      0)     0.000 (  5221      0)
"o_i:docn_initmctavs"                                         -       6144     6144 6.144000e+03   1.901177e+00     0.002 (  6075      0)     0.000 (  1912      0)
"o_i:DOCN_RUN"                                                -       6144     6144 6.144000e+03   1.048282e+04     1.867 (  5223      0)     1.545 (  5834      0)
"o_i:docn_run1"                                               -       6144     6144 6.144000e+03   5.129863e-03     0.000 (  6079      0)     0.000 (  5085      0)
"o_i:docn"                                                    -       6144     6144 6.144000e+03   1.048279e+04     1.867 (  5223      0)     1.545 (  5834      0)
"o_i:docn_strdata_advance"                                    -       6144     6144 6.144000e+03   1.048068e+04     1.867 (  5223      0)     1.545 (  5842      0)
"o_i:docn_strd_adv_total"                                     -       6144     6144 6.144000e+03   1.048066e+04     1.867 (  5223      0)     1.545 (  5842      0)
"o_i:docn_strd_adv_readLBUB"                                  -       6144     6144 6.144000e+03   1.022606e+04     1.855 (  1560      0)     1.523 (   134      0)
"o_i:docn_readLBUB_setup"                                     -       6144     6144 6.144000e+03   2.047174e-01     0.015 (  5903      0)     0.000 (  2443      0)
"o_i:docn_readLBUB_fbound"                                    -       6144     6144 6.144000e+03   1.488834e+00     1.488 (     0      0)     0.000 (   119      0)
"o_i:docn_readLBUB_bcast"                                     -       6144     6144 6.144000e+03   8.199762e+03     1.489 (  3876      0)     0.000 (     0      0)
"o_i:docn_readLBUB_LB_setup"                                  -       6144     6144 6.144000e+03   8.184568e-04     0.000 (     0      0)     0.000 (  2814      0)
"o_i:docn_readLBUB_LB_readpio"                                -       6144     6144 6.144000e+03   1.216181e+03     0.315 (   639      0)     0.132 (  6074      0)
"o_i:PIO:openfile"                                            -       6144     6144 6.144000e+03   8.166283e+02     0.134 (  2280      0)     0.081 (  6080      0)
"o_i:PIO:pio_inq_varid_file_vdesc"                            -       6144     6144 2.457600e+04   5.001976e+00     0.001 (  6133      0)     0.000 (    22      0)
"o_i:PIO:pio_inq_varid_file_vid"                              -       6144     6144 2.457600e+04   4.990139e+00     0.001 (  6133      0)     0.000 (    22      0)
"o_i:PIO:pio_inq_varndims_file_vdesc"                         -       6144     6144 1.228800e+04   1.575066e+01     0.090 (   637      0)     0.001 (   418      0)
"o_i:PIO:pio_inq_varndims_file_vid"                           -       6144     6144 1.228800e+04   1.574310e+01     0.090 (   637      0)     0.001 (  5825      0)
"o_i:PIO:pio_inq_vardimid_file_vdesc"                         -       6144     6144 1.228800e+04   1.047118e+01     0.002 (   199      0)     0.001 (    53      0)
"o_i:PIO:pio_inq_vardimid_file_vid"                           -       6144     6144 1.228800e+04   1.046489e+01     0.002 (   199      0)     0.001 (    53      0)
"o_i:PIO:pio_inq_dimlen_file_dimid"                           -       6144     6144 3.686400e+04   6.251130e+00     0.001 (   186      0)     0.001 (    40      0)
"o_i:PIO:pio_inq_dimlen_file_dimid_offlen"                    -       6144     6144 3.686400e+04   6.239999e+00     0.001 (   186      0)     0.001 (    40      0)
"o_i:PIO:pio_inq_vartype_file_vdesc"                          -       6144     6144 1.228800e+04   5.128130e+00     0.001 (   191      0)     0.001 (  3161      0)
"o_i:PIO:pio_inq_vartype_file_vid"                            -       6144     6144 1.228800e+04   5.121826e+00     0.001 (   191      0)     0.001 (  3164      0)
"o_i:PIO:read_darray_1d_real"                                 -       6144     6144 1.228800e+04   1.057657e+03     0.228 (  1048      0)     0.049 (   637      0)
"o_i:PIO:PIOc_read_darray"                                    -       6144     6144 1.228800e+04   1.057621e+03     0.228 (  1048      0)     0.049 (   637      0)
"o_i:PIO:read_darray_nc"                                      -       6144     6144 1.228800e+04   8.567184e+01     0.223 (  1488      0)     0.000 (  4832      0)
"o_i:PIO:rearrange_io2comp"                                   -       6144     6144 1.228800e+04   9.547135e+02     0.225 (  1051      0)     0.001 (  6132      0)
"o_i:docn_readLBUB_UB_setup"                                  -       6144     6144 6.144000e+03   4.416493e-03     0.000 (     0      0)     0.000 (  4905      0)
"o_i:docn_readLBUB_UB_readpio"                                -       6144     6144 6.144000e+03   8.069260e+02     0.168 (  1017      0)     0.003 (   639      0)
"o_i:docn_readLBUB_filemgt"                                   -       6144     6144 6.144000e+03   1.295272e-03     0.000 (  2233      0)     0.000 (  3374      0)
"o_i:docn_strd_adv_fill"                                      -       6144     6144 6.144000e+03   8.853808e-01     0.002 (  6080      0)     0.000 (   622      0)
"o_i:docn_strd_adv_map"                                       -       6144     6144 6.144000e+03   2.532226e+02     0.059 (  4749      0)     0.003 (  1512      0)
"o_i:docn_strd_adv_tint"                                      -       6144     6144 6.144000e+03   2.888154e-01     0.004 (  5893      0)     0.000 (   410      0)
"o_i:docn_scatter"                                            -       6144     6144 6.144000e+03   1.052909e+00     0.000 (  4000      0)     0.000 (  2482      0)
"o_i:docn_datamode"                                           -       6144     6144 6.144000e+03   2.903237e-01     0.002 (  4373      0)     0.000 (  5350      0)
"o_i:docn_run2"                                               -       6144     6144 6.144000e+03   1.006809e-03     0.000 (     0      0)     0.000 (   540      0)
"CPL:comp_init_cc_ice"                                        -       6144     6144 6.144000e+03   2.943756e+05    47.939 (    76      0)    47.905 (  4613      0)
"i_i:comp_init"                                               -       6144     6144 6.144000e+03   2.942040e+05    47.934 (  4395      0)    47.824 (  5293      0)
"i_i:cice_init"                                               -       6144     6144 6.144000e+03   2.872781e+04     4.718 (  2651      0)     4.603 (  1077      0)
"i_i:ice_HaloUpdate2DR8"                                      -       6144     6144 2.457600e+04   2.025675e+01     0.245 (     3      0)     0.000 (   235      0)
"i_i:ice_HU2DR8_init"                                         -       6144     6144 2.457600e+04   1.785176e-02     0.000 (  3972      0)     0.000 (  4537      0)
"i_i:state_bound_h1"                                          -       6144     6144 6.144000e+03   3.602228e+00     0.015 (    47      0)     0.000 (     2      0)
"i_i:ice_HaloUpdate3DR8"                                      -       6144     6144 3.072000e+04   4.289572e+00     0.015 (    47      0)     0.000 (     2      0)
"i_i:ice_HU3DR8_init"                                         -       6144     6144 3.072000e+04   6.083711e-02     0.001 (  5901      0)     0.000 (  3122      0)
"i_i:ice_HU3DR8_recvall"                                      -       6144     6144 3.072000e+04   3.119535e+00     0.015 (    47      0)     0.000 (   637      0)
"i_i:state_bound_hm"                                          -       6144     6144 6.144000e+03   4.149485e+00     0.001 (  5154      0)     0.000 (     2      0)
"i_i:state_bound_hc"                                          -       6144     6144 6.144000e+03   6.285686e-02     0.000 (  2834      0)     0.000 (   638      0)
"i_i:state_bound_h2"                                          -       6144     6144 6.144000e+03   1.313306e+00     0.003 (  6074      0)     0.000 (     5      0)
"i_i:ice_HaloUpdate4DR8"                                      -       6144     6144 6.144000e+03   3.880688e-01     0.000 (  2110      0)     0.000 (     5      0)
"i_i:ice_HU4DR8_init"                                         -       6144     6144 6.144000e+03   3.546608e-02     0.000 (  6082      0)     0.000 (  4549      0)
"i_i:ice_HU4DR8_recvall"                                      -       6144     6144 6.144000e+03   2.140677e-03     0.000 (  2672      0)     0.000 (  1836      0)
"i_i:state_bound_hd"                                          -       6144     6144 6.144000e+03   3.573857e-03     0.000 (  4941      0)     0.000 (  1800      0)
"i_i:cice_mct_init"                                           -       6144     6144 6.144000e+03   2.652396e+05    43.229 (  4389      0)    43.099 (   169      0)
"i_i:PIO:initdecomp"                                          -       6144     6144 1.843200e+04   3.152002e+03     9.023 (     8      0)     0.460 (     0      0)
"i_i:PIO:PIOc_initdecomp"                                     -       6144     6144 1.843200e+04   3.151937e+03     9.023 (     9      0)     0.460 (     0      0)
"i_i:PIO:box_rearrange_create"                                -       6144     6144 1.843200e+04   2.817951e+03     0.459 (  6038      0)     0.458 (   887      0)
"i_i:PIO:pio_swapm"                                           -       6144     6144 5.529600e+04   2.677220e+03     0.455 (  4560      0)     0.378 (   699      0)
"CPL:comp_init_cc_glc"                                        -       6144     6144 6.144000e+03   2.525020e+01     0.005 (  2345      0)     0.001 (    67      0)
"g_i:comp_init"                                               -       6144     6144 6.144000e+03   9.158066e-03     0.000 (  4536      0)     0.000 (  5606      0)
"CPL:comp_init_cc_wav"                                        -       6144     6144 6.144000e+03   2.389289e+01     0.005 (   890      0)     0.001 (   420      0)
"w_i:comp_init"                                               -       6144     6144 6.144000e+03   4.004269e-03     0.000 (  2449      0)     0.000 (  2096      0)
"CPL:comp_init_cc_esp"                                        -       6144     6144 6.144000e+03   2.172821e+01     0.006 (  6077      0)     0.000 (    52      0)
"e_i:comp_init"                                               -       6144     6144 6.144000e+03   7.401009e-02     0.006 (  6077      0)     0.000 (   674      0)
"CPL:comp_init_cc_iac"                                        -       6144     6144 6.144000e+03   2.483683e+01     0.005 (  4868      0)     0.001 (   191      0)
"z_i:comp_init"                                               -       6144     6144 6.144000e+03   3.864345e-03     0.000 (  3865      0)     0.000 (  5213      0)
"CPL:comp_init_cx_all"                                        -       6144     6144 6.144000e+03   1.381554e+03     0.228 (   572      0)     0.208 (   258      0)
"CPL:comp_list_all"                                           -       6144     6144 6.144000e+03   5.953313e+00     0.013 (  3275      0)     0.000 (     0      0)
"CPL:init_maps"                                               -       6144     6144 6.144000e+03   5.007916e+02     0.157 (  4176      0)     0.017 (   760      0)
"CPL:init_aream"                                              -       6144     6144 6.144000e+03   2.271485e+02     0.139 (  4801      0)     0.000 (  4968      0)
"CPL:init_domain_check"                                       -       6144     6144 6.144000e+03   2.709701e+02     0.144 (  1667      0)     0.005 (  4184      0)
"CPL:init_areacor"                                            -       6144     6144 6.144000e+03   2.152739e+02     0.035 (   974      0)     0.035 (  6129      0)
"CPL:init_fracs"                                              -       6144     6144 6.144000e+03   1.868817e+01     0.010 (     0      0)     0.002 (  3644      0)
"CPL:init_aoflux"                                             -       6144     6144 6.144000e+03   6.997090e+00     0.004 (  4374      0)     0.001 (     0      0)
"CPL:init_atminit"                                            -       6144     6144 3.686400e+04   4.486894e+01     0.015 (  4380      0)     0.004 (  2831      0)
"CPL:comp_init_cc_atm2"                                       -       6144     6144 6.144000e+03   1.001455e+02     0.022 (  2972      0)     0.007 (  4378      0)
"CPL:init_readrestart"                                        -       6144     6144 6.144000e+03   9.974449e-01     0.003 (  6082      0)     0.000 (  5652      0)
"CPL:cime_run_init"                                           -       6144     6144 6.144000e+03   1.562561e+00     0.016 (     0      0)     0.000 (  1153      0)
"CPL:INIT_sync1_tprf"                                         -       6144     6144 6.144000e+03   9.495656e+01     0.016 (  4025      0)     0.000 (     0      0)
"CPL:INIT_t_prf"                                              -       6144     6144 6.144000e+03   2.147613e+00     0.168 (     0      0)     0.000 (  5501      0)
"CPL:INIT_sync2_tprf"                                         -       6144     6144 6.144000e+03   1.029361e+03     0.168 (  5501      0)     0.000 (     0      0)
"CPL:RUN_LOOP_BSTART"                                         -       6144     6144 6.144000e+03   2.334282e-01     0.000 (  4067      0)     0.000 (     6      0)
"CPL:RUN_LOOP"                                                -       6144     6144 2.654208e+06   3.628269e+06   590.546 (  2014      0)   590.535 (  2516      0)
"CPL:CLOCK_ADVANCE"                                           -       6144     6144 2.654208e+06   2.478592e+02     0.054 (  5074      0)     0.035 (  1024      0)
"CPL:RUN"                                                     -       6144     6144 3.184435e+07   3.028217e+04     9.471 (  3889      0)     2.685 (  1904      0)
"CPL:OCNPRE1"                                                 -       6144     6144 2.654208e+06   2.103723e+03     0.423 (  4195      0)     0.278 (  3429      0)
"CPL:ocnpre1_atm2ocn"                                         -       6144     6144 2.654208e+06   2.100891e+03     0.423 (  4195      0)     0.277 (  3429      0)
"CPL:LNDPREP"                                                 -       6144     6144 2.654208e+06   5.573531e+02     0.150 (   708      0)     0.037 (  2758      0)
"CPL:lndprep_atm2lnd"                                         -       6144     6144 2.654208e+06   3.553085e+02     0.113 (   709      0)     0.026 (  1449      0)
"CPL:lndprep_mrgx2l"                                          -       6144     6144 2.654208e+06   1.964335e+02     0.049 (  4790      0)     0.003 (  2761      0)
"CPL:COMM"                                                    -       6144     6144 1.857331e+07   1.772843e+05    48.218 (  3335      0)    10.616 (   424      0)
"CPL:C2L"                                                     -       6144     6144 2.654208e+06   2.360364e+03     0.462 (  2638      0)     0.314 (   708      0)
"CPL:c2l_lndx2lndl"                                           -       6144     6144 2.654208e+06   1.037766e+03     0.237 (  2141      0)     0.100 (  4689      0)
"CPL:c2l_infoexch"                                            -       6144     6144 2.654208e+06   1.318048e+03     0.329 (  2637      0)     0.088 (  4792      0)
"CPL:ICEPREP"                                                 -       6144     6144 2.654208e+06   1.681632e+03     0.299 (  1388      0)     0.262 (  1783      0)
"CPL:iceprep_ocn2ice"                                         -       6144     6144 2.654208e+06   2.758694e+02     0.050 (  1435      0)     0.041 (  5203      0)
"CPL:iceprep_atm2ice"                                         -       6144     6144 2.654208e+06   4.987765e+02     0.088 (  5088      0)     0.077 (   848      0)
"CPL:iceprep_mrgx2i"                                          -       6144     6144 2.654208e+06   8.939349e+02     0.168 (   504      0)     0.140 (  1783      0)
"CPL:C2I"                                                     -       6144     6144 2.654208e+06   1.885639e+03     0.331 (  1783      0)     0.266 (  1388      0)
"CPL:c2i_icex2icei"                                           -       6144     6144 2.654208e+06   4.896426e+02     0.086 (  1380      0)     0.074 (   848      0)
"CPL:ice_infoexch"                                            -       6144     6144 2.654208e+06   1.392306e+03     0.255 (  1682      0)     0.181 (  1388      0)
"CPL:ICE_RUN"                                                 -       6144     6144 2.654208e+06   2.925401e+04     6.057 (  4903      0)     4.513 (  1942      0)
"i:cice_run_total"                                            -       6144     6144 2.654208e+06   2.825795e+04     5.892 (  4903      0)     4.354 (  1942      0)
"i:cice_run_import"                                           -       6144     6144 2.654208e+06   1.896127e+03     0.378 (  4157      0)     0.278 (  4928      0)
"i:cice_imp_ocn"                                              -       6144     6144 2.654208e+06   2.071055e+02     0.045 (  1382      0)     0.031 (  5772      0)
"i:cice_imp_atm"                                              -       6144     6144 2.654208e+06   2.104248e+02     0.045 (  4890      0)     0.031 (   505      0)
"i:cice_run_initmd"                                           -       6144     6144 2.654208e+06   7.893962e+03     1.346 (  6137      0)     0.976 (     0      0)
"i:cice_run_presc"                                            -       6144     6144 2.654208e+06   6.978828e+03     1.168 (  4890      0)     1.065 (  5851      0)
"i:cice_pice_strd_adv_total"                                  -       6144     6144 2.654208e+06   4.621047e+03     0.766 (  4727      0)     0.706 (  5843      0)
"i:cice_pice_strd_adv_readLBUB"                               -       6144     6144 2.654208e+06   4.072559e+03     0.737 (   120      0)     0.610 (     4      0)
"i:cice_pice_readLBUB_setup"                                  -       6144     6144 2.654208e+06   8.855896e-01     0.000 (  1276      0)     0.000 (  4971      0)
"i:cice_pice_readLBUB_fbound"                                 -       6144     6144 1.228800e+04   2.526843e-01     0.251 (     0      0)     0.000 (  5696      0)
"i:cice_pice_readLBUB_bcast"                                  -       6144     6144 1.228800e+04   1.547102e+03     0.252 (   960      0)     0.001 (     0      0)
"i:cice_pice_readLBUB_LB_setup"                               -       6144     6144 6.144000e+03   2.604688e-03     0.000 (     0      0)     0.000 (  1399      0)
"i:cice_pice_readLBUB_LB_readpio"                             -       6144     6144 6.144000e+03   3.685064e+02     0.195 (  1980      0)     0.023 (     0      0)
"i:PIO:openfile"                                              -       6144     6144 6.144000e+03   9.038747e+01     0.015 (  6133      0)     0.015 (     0      0)
"i:PIO:pio_inq_varid_file_vdesc"                              -       6144     6144 3.686400e+04   9.731687e+00     0.135 (  6060      0)     0.001 (   127      0)
"i:PIO:pio_inq_varid_file_vid"                                -       6144     6144 3.686400e+04   9.714566e+00     0.135 (  6060      0)     0.001 (   127      0)
"i:PIO:pio_inq_varndims_file_vdesc"                           -       6144     6144 1.843200e+04   1.125497e+01     0.098 (   122      0)     0.001 (  6064      0)
"i:PIO:pio_inq_varndims_file_vid"                             -       6144     6144 1.843200e+04   1.124410e+01     0.098 (   122      0)     0.001 (  6064      0)
"i:PIO:pio_inq_vardimid_file_vdesc"                           -       6144     6144 1.843200e+04   1.638176e+01     0.003 (  5380      0)     0.002 (  6061      0)
"i:PIO:pio_inq_vardimid_file_vid"                             -       6144     6144 1.843200e+04   1.637295e+01     0.003 (  5694      0)     0.002 (  6061      0)
"i:PIO:pio_inq_dimlen_file_dimid"                             -       6144     6144 5.529600e+04   9.922828e+00     0.002 (  2321      0)     0.001 (  6067      0)
"i:PIO:pio_inq_dimlen_file_dimid_offlen"                      -       6144     6144 5.529600e+04   9.905970e+00     0.002 (  5737      0)     0.001 (  6067      0)
"i:PIO:pio_inq_vartype_file_vdesc"                            -       6144     6144 1.843200e+04   7.893319e+00     0.002 (  4722      0)     0.001 (  6061      0)
"i:PIO:pio_inq_vartype_file_vid"                              -       6144     6144 1.843200e+04   7.885015e+00     0.002 (  4722      0)     0.001 (  6060      0)
"i:PIO:read_darray_1d_real"                                   -       6144     6144 1.843200e+04   2.204818e+03     0.453 (   180      0)     0.214 (  1984      0)
"i:PIO:PIOc_read_darray"                                      -       6144     6144 1.843200e+04   2.204768e+03     0.453 (   180      0)     0.214 (  1984      0)
"i:PIO:read_darray_nc"                                        -       6144     6144 1.843200e+04   1.818261e+02     0.449 (   180      0)     0.000 (   531      0)
"i:PIO:rearrange_io2comp"                                     -       6144     6144 1.843200e+04   2.003121e+03     0.450 (   153      0)     0.000 (     0      0)
"i:PIO:pio_swapm"                                             -       6144     6144 1.843200e+04   2.002519e+03     0.450 (   153      0)     0.000 (     0      0)
"i:cice_pice_readLBUB_UB_setup"                               -       6144     6144 1.228800e+04   5.809660e-03     0.000 (     0      0)     0.000 (  2120      0)
"i:cice_pice_readLBUB_UB_readpio"                             -       6144     6144 1.228800e+04   2.146165e+03     0.446 (   120      0)     0.210 (  1360      0)
"i:cice_pice_readLBUB_filemgt"                                -       6144     6144 2.654208e+06   5.913906e-01     0.000 (  3219      0)     0.000 (   494      0)
"i:cice_pice_strd_adv_map"                                    -       6144     6144 1.228800e+04   4.750447e+02     0.133 (     6      0)     0.004 (   300      0)
"i:cice_pice_strd_adv_tint"                                   -       6144     6144 2.654208e+06   6.180243e+01     0.012 (  4894      0)     0.009 (  5232      0)
"i:cice_run_initflux"                                         -       6144     6144 2.654208e+06   2.351652e+02     0.043 (  4049      0)     0.034 (  1112      0)
"i:cice_run_prepradiation"                                    -       6144     6144 2.654208e+06   8.808837e+01     0.023 (  4851      0)     0.013 (  2050      0)
"i:cice_run_therm1"                                           -       6144     6144 2.654208e+06   3.530236e+03     1.141 (  4850      0)     0.499 (  1439      0)
"i:cice_run_dyn"                                              -       6144     6144 2.654208e+06   1.392115e-01     0.000 (  4039      0)     0.000 (  2450      0)
"i:cice_run_radiation"                                        -       6144     6144 2.654208e+06   2.162601e+03     1.155 (  4927      0)     0.255 (  2027      0)
"i:cice_step_radiationib"                                     -       6144     6144 2.654208e+06   1.940570e+03     1.120 (  4927      0)     0.220 (  2027      0)
"i:cice_step_rib_swdedd1"                                     -       6144     6144 2.654208e+06   1.667469e+02     0.048 (  3718      0)     0.011 (  5900      0)
"i:cice_step_rib_swdedd2"                                     -       6144     6144 2.654208e+06   1.353732e+02     0.025 (  4866      0)     0.021 (  1439      0)
"i:cice_step_rib_swdedd7"                                     -       6144     6144 2.654208e+06   1.524135e+03     1.043 (  4927      0)     0.165 (  1174      0)
"i:cice_run_couplingprep"                                     -       6144     6144 2.654208e+06   1.477466e+03     0.366 (  5614      0)     0.220 (  5631      0)
"i:ice_HaloUpdate2DR8"                                        -       6144     6144 2.654208e+06   1.291596e+02     0.156 (  5614      0)     0.007 (  1615      0)
"i:ice_HU2DR8_init"                                           -       6144     6144 2.654208e+06   1.968705e+00     0.001 (  1090      0)     0.000 (  5079      0)
"i:cice_run_diag"                                             -       6144     6144 2.654208e+06   1.882587e+03     0.324 (  5835      0)     0.244 (  4835      0)
"i:cice_run_hist"                                             -       6144     6144 2.654208e+06   1.395669e+03     0.250 (  4290      0)     0.186 (  5876      0)
"i:cice_run_accum"                                            -       6144     6144 2.654208e+06   2.804280e+01     0.005 (  4353      0)     0.004 (  2050      0)
"i:cice_run_export"                                           -       6144     6144 2.654208e+06   6.323032e+02     0.117 (  4480      0)     0.095 (  1943      0)
"CPL:LND_RUN"                                                 -       6144     6144 2.654208e+06   3.367734e+05    65.510 (   379      0)    45.772 (  1193      0)
"l:lc_lnd_import"                                             -       6144     6144 2.654208e+06   1.225999e+03     0.280 (  5355      0)     0.088 (   587      0)
"l:elm_run"                                                   -       6144     6144 2.660352e+06   3.347874e+05    65.188 (   379      0)    45.467 (  1193      0)
"l:shr_orb_decl"                                              -       6144     6144 2.660352e+06   2.776096e+00     0.001 (  3130      0)     0.000 (  1977      0)
"l:decomp_vert"                                               -       6144     6144 2.660352e+06   4.094130e+01     0.017 (  5900      0)     0.003 (  5908      0)
"l:beggridwbal"                                               -       6144     6144 2.660352e+06   1.599944e+03     0.308 (   654      0)     0.222 (  4380      0)
"l:cnpinit"                                                   -       6144     6144 2.660352e+06   2.612214e+00     0.002 (  4369      0)     0.000 (  5133      0)
"l:cnpvegsumm"                                                -       6144     6144 2.660352e+06   5.886426e-01     0.001 (  4369      0)     0.000 (  4603      0)
"l:dyn_subgrid"                                               -       6144     6144 2.660352e+06   9.581623e+03     1.807 (   654      0)     1.368 (  3441      0)
"l:begwbal"                                                   -       6144     6144 2.660352e+06   1.860919e+02     0.046 (   653      0)     0.019 (  5491      0)
"l:begcnpbal"                                                 -       6144     6144 2.660352e+06   3.085885e-01     0.000 (   352      0)     0.000 (  1902      0)
"l:drvinit"                                                   -       6144     6144 2.660352e+06   9.206209e+02     0.174 (  6075      0)     0.136 (  1190      0)
"l:canhydro"                                                  -       6144     6144 2.660352e+06   1.724132e+03     0.403 (   233      0)     0.211 (  4119      0)
"l:surfrad"                                                   -       6144     6144 2.660352e+06   3.422580e+03     0.682 (  1117      0)     0.471 (  2885      0)
"l:bgp1"                                                      -       6144     6144 2.660352e+06   1.955985e+03     0.448 (   430      0)     0.244 (  3441      0)
"l:bgflux"                                                    -       6144     6144 2.660352e+06   2.663159e+03     0.599 (  4561      0)     0.270 (  1382      0)
"l:canflux"                                                   -       6144     6144 2.660352e+06   1.094673e+05    26.019 (  5034      0)    11.404 (  4067      0)
"l:can_iter"                                                  -       6144     6144 2.660352e+06   8.984423e+04    22.409 (  5034      0)     8.744 (  4067      0)
"l:uflux"                                                     -       6144     6144 2.660352e+06   1.606142e+03     0.539 (  1210      0)     0.098 (  5491      0)
"l:bgplake"                                                   -       6144     6144 2.660352e+06   8.388455e+03     2.094 (   186      0)     0.858 (  2884      0)
"l:bgc"                                                       -       6144     6144 2.660352e+06   6.126032e+03     1.395 (  4322      0)     0.746 (  3312      0)
"l:soiltemperature"                                           -       6144     6144 2.660352e+06   6.998395e+04    13.553 (  6075      0)     9.880 (  3280      0)
"l:SoilThermProp"                                             -       6144     6144 2.660352e+06   3.239100e+03     0.742 (   654      0)     0.379 (  3441      0)
"l:SoilTempBandDiag"                                          -       6144     6144 5.320704e+06   6.371939e+03     1.701 (   100      0)     0.690 (  5491      0)
"l:PhaseChangeH2osfc"                                         -       6144     6144 2.660352e+06   3.229468e+01     0.010 (   654      0)     0.003 (  4921      0)
"l:PhaseChangebeta"                                           -       6144     6144 2.660352e+06   1.286497e+03     0.333 (   654      0)     0.112 (  4921      0)
"l:bgp2"                                                      -       6144     6144 2.660352e+06   2.742867e+03     0.559 (  6075      0)     0.348 (  3442      0)
"l:bgp2_loop_1"                                               -       6144     6144 2.660352e+06   4.926496e+02     0.099 (  6075      0)     0.064 (  1190      0)
"l:bgp2_loop_2"                                               -       6144     6144 2.660352e+06   8.840331e+02     0.172 (  6075      0)     0.119 (  1190      0)
"l:bgp2_loop_3"                                               -       6144     6144 2.660352e+06   1.061746e+03     0.233 (  5346      0)     0.122 (  3442      0)
"l:bgp2_loop_4"                                               -       6144     6144 2.660352e+06   2.889837e+02     0.057 (  1039      0)     0.039 (  3788      0)
"l:patch2col"                                                 -       6144     6144 2.660352e+06   1.341664e+03     0.273 (  6075      0)     0.180 (  3441      0)
"l:hydro without drainage"                                    -       6144     6144 2.660352e+06   2.283982e+04     4.861 (   654      0)     2.947 (  3442      0)
"l:hylake"                                                    -       6144     6144 2.660352e+06   1.973023e+03     0.771 (   192      0)     0.254 (    82      0)
"l:snow_init"                                                 -       6144     6144 2.660352e+06   1.396968e+02     0.053 (  1185      0)     0.009 (  4648      0)
"l:ecosysdyn"                                                 -       6144     6144 2.660352e+06   5.022812e+02     0.096 (   379      0)     0.068 (  1190      0)
"l:depvel"                                                    -       6144     6144 5.320704e+06   3.107461e+00     0.018 (  5894      0)     0.000 (  3377      0)
"l:hydro2 drainage"                                           -       6144     6144 2.660352e+06   1.445160e+03     0.341 (   768      0)     0.171 (  3735      0)
"l:balchk"                                                    -       6144     6144 2.660352e+06   1.686320e+03     0.307 (   779      0)     0.244 (  3442      0)
"l:gridbalchk"                                                -       6144     6144 2.660352e+06   1.091535e+03     0.197 (   654      0)     0.161 (  2715      0)
"l:lnd2atm"                                                   -       6144     6144 2.660352e+06   7.874904e+03     1.435 (   935      0)     1.146 (  1190      0)
"l:wrtdiag"                                                   -       6144     6144 2.660352e+06   2.813126e+01     0.034 (     0      0)     0.004 (   390      0)
"l:hbuf"                                                      -       6144     6144 2.660352e+06   2.935700e+04     5.320 (   654      0)     4.284 (  3151      0)
"l:elm_drv_io"                                                -       6144     6144 2.660352e+06   8.230951e+00     0.003 (  1176      0)     0.001 (  1922      0)
"l:elm_drv_io_htapes"                                         -       6144     6144 2.660352e+06   6.762297e+00     0.002 (  1243      0)     0.001 (  3104      0)
"l:lc_lnd_export"                                             -       6144     6144 2.660352e+06   2.591373e+02     0.044 (  4236      0)     0.041 (   766      0)
"l:lc_elm2_adv_timestep"                                      -       6144     6144 2.660352e+06   1.760741e+00     0.001 (  1426      0)     0.000 (  4656      0)
"l:accum"                                                     -       6144     6144 2.654208e+06   5.610492e+03     0.980 (  6080      0)     0.858 (  1774      0)
"CPL:ATMOCNP"                                                 -       6144     6144 2.654208e+06   4.435733e+03     1.024 (  2928      0)     0.171 (  5900      0)
"CPL:atmocnp_fluxo"                                           -       6144     6144 2.654208e+06   3.736311e+03     0.917 (  2928      0)     0.051 (  5900      0)
"CPL:atmocnp_ocnalb"                                          -       6144     6144 2.654208e+06   6.915404e+02     0.177 (  1976      0)     0.086 (  3722      0)
"CPL:L2C"                                                     -       6144     6144 2.654208e+06   2.991925e+04    10.297 (  5541      0)     0.228 (  1071      0)
"CPL:l2c_lndl2lndx"                                           -       6144     6144 2.654208e+06   2.990836e+04    10.295 (  5541      0)     0.227 (  1071      0)
"lnd2cpl_run"                                                 -       6144     6144 2.654208e+06   6.745745e+00     0.001 (  5053      0)     0.001 (   340      0)
"CPL:LNDPOST"                                                 -       6144     6144 2.654208e+06   2.158981e+00     0.000 (   605      0)     0.000 (  1764      0)
"CPL:I2C"                                                     -       6144     6144 2.654208e+06   5.168325e+02     0.090 (  3255      0)     0.078 (   751      0)
"CPL:i2c_icei2icex"                                           -       6144     6144 2.654208e+06   5.066373e+02     0.088 (  3255      0)     0.077 (  1037      0)
"CPL:i2c_infoexch"                                            -       6144     6144 2.654208e+06   5.204889e+00     0.001 (   906      0)     0.001 (  3730      0)
"CPL:ICEPOST"                                                 -       6144     6144 2.654208e+06   6.136293e-01     0.000 (  2047      0)     0.000 (  3099      0)
"CPL:FRACSET"                                                 -       6144     6144 2.654208e+06   6.691704e+02     0.113 (  3579      0)     0.105 (  2182      0)
"CPL:fracset_fracset"                                         -       6144     6144 2.654208e+06   6.678616e+02     0.113 (  3579      0)     0.105 (  2182      0)
"CPL:ATMPREP"                                                 -       6144     6144 2.654208e+06   2.079991e+04     7.850 (  3889      0)     1.264 (  1449      0)
"CPL:atmprep_xao2atm"                                         -       6144     6144 2.654208e+06   1.416103e+03     0.267 (  4546      0)     0.207 (  2713      0)
"CPL:atmprep_ocn2atm"                                         -       6144     6144 2.654208e+06   1.051806e+03     0.200 (  5861      0)     0.156 (  1128      0)
"CPL:atmprep_alb2atm"                                         -       6144     6144 2.654208e+06   4.027803e+02     0.079 (  5447      0)     0.057 (  1410      0)
"CPL:atmprep_ice2atm"                                         -       6144     6144 2.654208e+06   1.759742e+03     0.321 (  4938      0)     0.264 (   760      0)
"CPL:atmprep_lnd2atm"                                         -       6144     6144 2.654208e+06   1.394529e+04     6.738 (  3889      0)     0.172 (  1449      0)
"CPL:atmprep_mrgx2a"                                          -       6144     6144 2.654208e+06   2.207651e+03     0.412 (  5664      0)     0.335 (  6119      0)
"CPL:C2A"                                                     -       6144     6144 2.654208e+06   2.980268e+04     8.720 (  2709      0)     1.340 (  5231      0)
"CPL:c2a_atmx2atmg"                                           -       6144     6144 2.654208e+06   2.405609e+04     8.109 (  2752      0)     0.654 (  4508      0)
"CPL:c2a_infoexch"                                            -       6144     6144 2.654208e+06   5.742799e+03     3.474 (  4466      0)     0.129 (  2161      0)
"CPL:ATM_RUN"                                                 -       6144     6144 2.654208e+06   2.988557e+06   501.309 (  1945      0)   474.666 (  3324      0)
"a:EAMxx::run"                                                -       6144     6144 2.654208e+06   2.987293e+06   501.103 (  1945      0)   474.458 (  3324      0)
"a:PIO:PIOc_sync"                                             -       6144     6144 6.144000e+03   1.396201e-01     0.000 (  1068      0)     0.000 (  5957      0)
"a:PIO:write_total"                                           -       6144     6144 6.144000e+03   1.259098e-01     0.000 (  2604      0)     0.000 (  2802      0)
"a:PIO:flush_output_buffer"                                   -        512      512 5.120000e+02   5.310808e-02     0.000 (  2604      0)     0.000 (  3168      0)
"a:EAMxx::EAMxx::run"                                         -       6144     6144 2.654208e+06   2.986801e+06   501.026 (  1945      0)   474.378 (  3324      0)
"a:EAMxx::EAMxx::run-precondition-checks"                     -       6144     6144 2.654208e+06   1.294520e+00     0.000 (  4962      0)     0.000 (  5506      0)
"a:EAMxx::SurfaceCouplingImporter::run"                       -       6144     6144 2.654208e+06   2.000899e+03     0.595 (  6083      0)     0.283 (  2804      0)
"a:EAMxx::SurfaceCouplingImporter::run-precondition-checks"   -       6144     6144 2.654208e+06   4.862433e-01     0.000 (  3590      0)     0.000 (  5471      0)
"a:EAMxx::SurfaceCouplingImporter::run-postcondition-checks"  -       6144     6144 2.654208e+06   1.552373e+03     0.518 (  3333      0)     0.211 (  2876      0)
"a:EAMxx::homme::run"                                         -       6144     6144 2.654208e+06   2.772198e+06   452.495 (  1073      0)   448.676 (  2726      0)
"a:EAMxx::homme::run-precondition-checks"                     -       6144     6144 2.654208e+06   4.722417e-01     0.000 (  3618      0)     0.000 (  5085      0)
"a:tl-sc prim_run_subcycle_c"                                 -       6144     6144 5.308416e+06   2.712150e+06   443.047 (   364      0)   438.703 (  2702      0)
"a:tl-s prim_step_flexible"                                   -       6144     6144 5.308416e+06   2.712124e+06   443.043 (   364      0)   438.699 (  2702      0)
"a:ApplyCAMForcing_tracers"                                   -       6144     6144 2.654208e+06   4.543844e+03     0.955 (  6073      0)     0.679 (   990      0)
"a:tl-s deep_copy+derived_dp"                                 -       6144     6144 5.308416e+06   8.676465e+02     0.178 (  1290      0)     0.129 (   498      0)
"a:ApplyCAMForcing_dynamics"                                  -       6144     6144 1.592525e+07   4.816487e+03     0.874 (  3409      0)     0.719 (  5870      0)
"a:tl-ae prim_advance_exp"                                    -       6144     6144 3.185050e+07   2.288316e+06   383.689 (  6056      0)   365.138 (  2893      0)
"a:ttype9_imex_timestep"                                      -       6144     6144 3.185050e+07   2.008813e+06   342.360 (  6062      0)   319.643 (  2577      0)
"a:caar compute"                                              -       6144     6144 3.185050e+08   7.088087e+05   123.969 (  3126      0)   101.709 (  1516      0)
"a:caar_bexchV"                                               -       6144     6144 1.592525e+08   3.709895e+05    80.357 (  1517      0)    44.203 (    67      0)
"a:caar limiter"                                              -       6144     6144 1.911030e+08   1.180307e+05    23.174 (  4792      0)    17.213 (  5484      0)
"a:compute_stage_value_dirk"                                  -       6144     6144 1.592525e+08   7.967095e+05   137.473 (  2840      0)   126.038 (  4664      0)
"a:tl-ae advance_hypervis_dp"                                 -       6144     6144 3.185050e+07   2.785257e+05    57.847 (  4168      0)    38.040 (   863      0)
"a:hvf-bhwk"                                                  -       6144     6144 3.185050e+07   1.505576e+05    30.618 (   848      0)    21.650 (  1055      0)
"a:hvf-bexch"                                                 -       6144     6144 9.555149e+07   1.496005e+05    37.572 (  4167      0)    16.453 (   863      0)
"a:tl-sc vertical_remap"                                      -       6144     6144 1.592525e+07   1.311033e+05    23.451 (   862      0)    18.819 (  1516      0)
"a:Remap Thickness Functor"                                   -       6144     6144 1.592525e+07   3.092960e+03     0.556 (  4373      0)     0.438 (  1516      0)
"a:Remap Scale States Functor"                                -       6144     6144 1.592525e+07   1.257933e+03     0.228 (  5849      0)     0.179 (   812      0)
"a:Remap Compute Grids Functor"                               -       6144     6144 1.592525e+07   1.057987e+04     1.900 (   862      0)     1.516 (  1516      0)
"a:Remap Compute Remap Functor"                               -       6144     6144 1.592525e+07   9.294043e+04    16.908 (   862      0)    13.274 (  1516      0)
"a:Remap Rescale States Functor"                              -       6144     6144 1.592525e+07   2.179430e+03     0.431 (  5453      0)     0.295 (  1516      0)
"a:tl-at prim_advec_tracers_compose"                          -       6144     6144 5.308416e+06   2.570719e+05    47.288 (  2256      0)    30.087 (  6063      0)
"a:compose_transport"                                         -       6144     6144 5.308416e+06   2.570046e+05    47.277 (  2256      0)    30.076 (  6063      0)
"a:compose_calc_trajectory"                                   -       6144     6144 5.308416e+06   2.936319e+04     7.451 (  5098      0)     4.098 (  4183      0)
"a:compose_3d_levels"                                         -       6144     6144 5.308416e+06   1.688318e+04     3.016 (  3334      0)     2.456 (  1516      0)
"a:compose_v_bexchv"                                          -       6144     6144 5.308416e+06   1.144431e+04     4.583 (  5098      0)     1.090 (  2167      0)
"a:compose_v2x"                                               -       6144     6144 5.308416e+06   1.013808e+03     0.204 (  3892      0)     0.142 (  1516      0)
"a:compose_isl"                                               -       6144     6144 5.308416e+06   6.393850e+04    15.053 (  1450      0)     8.284 (  5948      0)
"a:compose_hypervis_scalar"                                   -       6144     6144 5.308416e+06   6.963405e+04    17.385 (  3866      0)     6.420 (  4161      0)
"a:compose_cedr_global"                                       -       6144     6144 5.308416e+06   7.012067e+04    17.475 (  2502      0)     5.452 (  6061      0)
"a:repro_sum_int"                                             -       6144     6144 5.308416e+06   5.701189e+04    15.317 (  2502      0)     3.344 (  6061      0)
"a:compose_cedr_local"                                        -       6144     6144 5.308416e+06   8.243348e+03     1.549 (  5367      0)     1.117 (  1516      0)
"a:compose_dss_q"                                             -       6144     6144 5.308416e+06   1.566119e+04     2.851 (  4314      0)     2.260 (  1507      0)
"a:compose_vertical_remap"                                    -       6144     6144 5.308416e+06   2.518086e+04     4.457 (  6000      0)     3.642 (  1516      0)
"a:shr_reprosum_INF_NaN_Chk"                                  -       6144     6144 5.308416e+06   3.988895e+02     0.073 (  4372      0)     0.064 (  1329      0)
"a:shr_reprosum_int"                                          -       6144     6144 5.308416e+06   7.769051e+03     1.748 (  1517      0)     0.791 (  6000      0)
"a:repro_sum_loopa"                                           -       6144     6144 5.308416e+06   2.026910e+02     0.035 (  4372      0)     0.033 (   604      0)
"a:repro_sum_allr_minmax"                                     -       6144     6144 5.308416e+06   5.588451e+03     1.394 (  1517      0)     0.436 (  6000      0)
"a:repro_sum_loopb"                                           -       6144     6144 5.308416e+06   5.173027e+02     0.119 (  3505      0)     0.082 (  3269      0)
"a:repro_sum_allr_i8"                                         -       6144     6144 5.308416e+06   1.429619e+03     0.245 (  3514      0)     0.210 (  3505      0)
"a:repro_sum_finalsum"                                        -       6144     6144 5.308416e+06   5.058518e+00     0.003 (  4368      0)     0.001 (  4489      0)
"a:EAMxx::homme::run-postcondition-checks"                    -       6144     6144 2.654208e+06   3.865068e+03     1.101 (  6073      0)     0.585 (  5524      0)
"a:EAMxx::physics::run"                                       -       6144     6144 2.654208e+06   2.098165e+05    47.820 (  1945      0)    23.251 (  3324      0)
"a:EAMxx::physics::run-precondition-checks"                   -       6144     6144 2.654208e+06   7.184826e-01     0.000 (  5026      0)     0.000 (  5321      0)
"a:EAMxx::mac_aero_mic::run"                                  -       6144     6144 2.654208e+06   6.354667e+04    16.356 (  1950      0)     7.567 (  5237      0)
"a:EAMxx::mac_aero_mic::run-precondition-checks"              -       6144     6144 2.654208e+06   4.213562e-01     0.000 (  6094      0)     0.000 (  5085      0)
"a:EAMxx::tms::run"                                           -       6144     6144 2.654208e+06   5.227726e+02     0.198 (  4576      0)     0.055 (  3952      0)
"a:EAMxx::tms::run-precondition-checks"                       -       6144     6144 2.654208e+06   3.975278e-01     0.000 (   832      0)     0.000 (  2538      0)
"a:EAMxx::tms::run-postcondition-checks"                      -       6144     6144 2.654208e+06   2.687243e+02     0.078 (  3457      0)     0.040 (  1568      0)
"a:EAMxx::shoc::run"                                          -       6144     6144 2.654208e+06   2.208097e+04     3.996 (  5404      0)     3.306 (  3526      0)
"a:EAMxx::shoc::run-precondition-checks"                      -       6144     6144 2.654208e+06   4.107247e-01     0.000 (  5822      0)     0.000 (  2399      0)
"a:EAMxx::shoc::preprocess"                                   -       6144     6144 2.654208e+06   2.066536e+02     0.258 (  5406      0)     0.005 (  3389      0)
"a:EAMxx::shoc::shoc_main"                                    -       6144     6144 2.654208e+06   1.560209e+04     2.864 (  3058      0)     2.313 (  3388      0)
"a:EAMxx::shoc::postprocess"                                  -       6144     6144 2.654208e+06   8.237427e+01     0.129 (   301      0)     0.008 (  3382      0)
"a:EAMxx::shoc::run-postcondition-checks"                     -       6144     6144 2.654208e+06   3.978360e+03     0.706 (  2137      0)     0.631 (  3698      0)
"a:EAMxx::cld_fraction::run"                                  -       6144     6144 2.654208e+06   1.350890e+03     0.278 (  6083      0)     0.210 (  3290      0)
"a:EAMxx::cld_fraction::run-precondition-checks"              -       6144     6144 2.654208e+06   7.918266e-01     0.000 (  5763      0)     0.000 (  5955      0)
"a:EAMxx::cld_fraction::run-postcondition-checks"             -       6144     6144 2.654208e+06   1.229970e+03     0.208 (  2153      0)     0.191 (  3290      0)
"a:EAMxx::spa::run"                                           -       6144     6144 2.654208e+06   1.054337e+04     1.879 (  3127      0)     1.613 (  1120      0)
"a:EAMxx::spa::run-precondition-checks"                       -       6144     6144 2.654208e+06   4.945163e-01     0.000 (  5016      0)     0.000 (  4907      0)
"a:EAMxx::spa::run-postcondition-checks"                      -       6144     6144 2.654208e+06   6.987564e+03     1.222 (  5861      0)     1.049 (   881      0)
"a:EAMxx::p3::run"                                            -       6144     6144 2.654208e+06   2.894917e+04    10.984 (  1950      0)     2.080 (  5237      0)
"a:EAMxx::p3::run-precondition-checks"                        -       6144     6144 2.654208e+06   4.248923e+02     0.295 (   862      0)     0.064 (   876      0)
"a:EAMxx::p3::run-postcondition-checks"                       -       6144     6144 2.654208e+06   7.255356e+03     1.410 (  3607      0)     1.067 (  1954      0)
"a:EAMxx::mac_aero_mic::run-postcondition-checks"             -       6144     6144 2.654208e+06   7.135942e-01     0.000 (  5352      0)     0.000 (  2047      0)
"a:EAMxx::rrtmgp::run"                                        -       6144     6144 2.654208e+06   1.461711e+05    33.298 (  1114      0)    14.890 (  2880      0)
"a:EAMxx::rrtmgp::run-precondition-checks"                    -       6144     6144 2.654208e+06   2.076821e+02     0.038 (  3579      0)     0.031 (  1756      0)
"a:EAMxx::rrtmgp::run-postcondition-checks"                   -       6144     6144 2.654208e+06   5.364610e+03     0.950 (  2839      0)     0.801 (  1026      0)
"a:EAMxx::physics::run-postcondition-checks"                  -       6144     6144 2.654208e+06   6.176989e-01     0.000 (  2145      0)     0.000 (   492      0)
"a:EAMxx::SurfaceCouplingExporter::run"                       -       6144     6144 2.654208e+06   2.553845e+03     0.480 (  4792      0)     0.374 (  6118      0)
"a:EAMxx::SurfaceCouplingExporter::run-precondition-checks"   -       6144     6144 2.654208e+06   8.776707e-01     0.000 (   723      0)     0.000 (  5597      0)
"a:EAMxx::SurfaceCouplingExporter::run-postcondition-checks"  -       6144     6144 2.654208e+06   1.070888e+00     0.000 (   631      0)     0.000 (  4892      0)
"a:EAMxx::EAMxx::run-postcondition-checks"                    -       6144     6144 2.654208e+06   4.621865e-01     0.000 (  4656      0)     0.000 (  2524      0)
"a:EAMxx::IO::restart"                                        -       6144     6144 2.654208e+06   1.649997e+01     0.019 (  6082      0)     0.002 (  3646      0)
"a:EAMxx::IO::model_restart"                                  -       6144     6144 2.654208e+06   1.360821e+01     0.018 (  6083      0)     0.002 (  3646      0)
"a:EAMxx::IO::restart::get_new_file"                          -       6144     6144 2.654208e+06   4.002965e-01     0.000 (  1158      0)     0.000 (  5070      0)
"a:EAMxx::IO::restart::run_output_streams"                    -       6144     6144 2.654208e+06   5.698321e+00     0.017 (  6078      0)     0.001 (  4962      0)
"a:EAMxx::IO::standard"                                       -       6144     6144 2.654208e+06   7.540938e+00     0.002 (   359      0)     0.001 (  3072      0)
"a:EAMxx::IO::nooutput.yaml"                                  -       6144     6144 2.654208e+06   5.410237e+00     0.001 (   359      0)     0.001 (  3899      0)
"a:EAMxx::IO::standard::get_new_file"                         -       6144     6144 2.654208e+06   1.865894e-01     0.000 (   944      0)     0.000 (  5720      0)
"a:EAMxx::IO::standard::run_output_streams"                   -       6144     6144 2.654208e+06   4.352449e-01     0.000 (  1107      0)     0.000 (  3617      0)
"CPL:A2C"                                                     -       6144     6144 2.654208e+06   8.965142e+04    25.867 (  3585      0)     1.695 (  1945      0)
"CPL:a2c_atma2atmx"                                           -       6144     6144 2.654208e+06   6.174073e+04    22.694 (  4284      0)     0.476 (   780      0)
"CPL:a2c_infoexch"                                            -       6144     6144 2.654208e+06   2.790269e+04    14.346 (  4019      0)     0.054 (     0      0)
"CPL:ATMPOST"                                                 -       6144     6144 2.654208e+06   1.416724e+00     0.000 (  4304      0)     0.000 (  3697      0)
"CPL:HISTORY"                                                 -       6144     6144 2.654208e+06   6.880885e+00     0.001 (  3828      0)     0.001 (  1754      0)
"CPL:cime_run_write_history"                                  -       6144     6144 2.654208e+06   5.391658e+00     0.001 (  2448      0)     0.001 (  1754      0)
"CPL:TSTAMP_WRITE"                                            -       6144     6144 2.654208e+06   1.727224e+00     0.001 (  2772      0)     0.000 (   441      0)
"CPL:TPROF_WRITE"                                             -       6144     6144 2.654208e+06   8.278220e-01     0.000 (   339      0)     0.000 (   555      0)
"CPL:C2O_INITWAIT"                                            -       6144     6144 2.648064e+06   6.437161e+04    15.010 (     0      0)     7.158 (  5991      0)
"l:interpMonthlyVeg"                                          -       6144     6144 2.648064e+06   2.016917e+04     3.290 (  1860      0)     3.264 (  4438      0)
"l:readMonthlyVeg"                                            -       6144     6144 6.144000e+03   2.016677e+04     3.290 (  1860      0)     3.264 (  4438      0)
"l:PIO:openfile"                                              -       6144     6144 6.144000e+03   3.339419e+02     0.077 (  4076      0)     0.031 (  2306      0)
"l:PIO:pio_inq_varid_file_vdesc"                              -       6144     6144 4.915200e+04   2.484921e+01     0.008 (  3711      0)     0.000 (  2049      0)
"l:PIO:pio_inq_varid_file_vid"                                -       6144     6144 4.915200e+04   2.482664e+01     0.008 (  3711      0)     0.000 (  2049      0)
"l:PIO:pio_inq_varndims_file_vdesc"                           -       6144     6144 4.915200e+04   1.956475e+01     0.093 (  2042      0)     0.001 (  2051      0)
"l:PIO:pio_inq_varndims_file_vid"                             -       6144     6144 4.915200e+04   1.954833e+01     0.093 (  2042      0)     0.001 (  2051      0)
"l:PIO:pio_inq_vardimid_file_vdesc"                           -       6144     6144 4.915200e+04   4.491916e+01     0.009 (   706      0)     0.002 (  2064      0)
"l:PIO:pio_inq_vardimid_file_vid"                             -       6144     6144 4.915200e+04   4.490581e+01     0.009 (   706      0)     0.002 (  2064      0)
"l:PIO:pio_inq_dimname_file_dimid"                            -       6144     6144 4.177920e+05   1.118468e+02     0.022 (  1877      0)     0.003 (  2100      0)
"l:PIO:pio_inq_dimlen_file_dimid"                             -       6144     6144 9.830400e+04   1.797701e+01     0.004 (  1806      0)     0.001 (  2064      0)
"l:PIO:pio_inq_dimlen_file_dimid_offlen"                      -       6144     6144 9.830400e+04   1.795363e+01     0.004 (  1806      0)     0.001 (  2064      0)
"l:PIO:pio_inquire_file"                                      -       6144     6144 1.843200e+05   3.277147e+01     0.007 (    20      0)     0.001 (  2102      0)
"l:PIO:pio_inq_ndims_file"                                    -       6144     6144 1.843200e+05   3.273083e+01     0.007 (    20      0)     0.001 (  2100      0)
"l:PIO:initdecomp"                                            -       6144     6144 6.144000e+03   1.613801e+03     0.263 (  6076      0)     0.263 (     5      0)
"l:PIO:PIOc_initdecomp"                                       -       6144     6144 6.144000e+03   1.613604e+03     0.263 (  6076      0)     0.263 (   864      0)
"l:PIO:box_rearrange_create"                                  -       6144     6144 6.144000e+03   1.609269e+03     0.262 (  5119      0)     0.262 (   887      0)
"l:PIO:pio_swapm"                                             -       6144     6144 6.758400e+04   1.875797e+04     3.182 (  2097      0)     1.110 (  1776      0)
"l:PIO:read_darray_3d_double"                                 -       6144     6144 4.915200e+04   1.782260e+04     2.938 (  2064      0)     2.827 (  2044      0)
"l:PIO:PIOc_read_darray"                                      -       6144     6144 4.915200e+04   1.782247e+04     2.938 (  2051      0)     2.827 (  2044      0)
"l:PIO:read_darray_nc"                                        -       6144     6144 4.915200e+04   4.652762e+02     1.972 (  4620      0)     0.000 (  4115      0)
"l:PIO:rearrange_io2comp"                                     -       6144     6144 4.915200e+04   1.729201e+04     2.935 (  2051      0)     0.905 (  1776      0)
"l:PIO:closefile"                                             -       6144     6144 6.144000e+03   2.953697e+00     0.014 (  1320      0)     0.000 (  3646      0)
"l:PIO:PIOc_closefile"                                        -       6144     6144 6.144000e+03   2.944446e+00     0.014 (  1320      0)     0.000 (  3646      0)
"l:surfalb"                                                   -       6144     6144 2.648064e+06   2.121193e+04     4.107 (  3396      0)     2.893 (  5536      0)
"l:urbsurfalb"                                                -       6144     6144 2.648064e+06   4.061486e+03     0.778 (   254      0)     0.547 (    49      0)
"CPL:OCNT_RUN"                                                -       6144     6144 2.648064e+06   1.414396e+03     0.438 (     0      0)     0.162 (  5772      0)
"o:DOCN_RUN"                                                  -       6144     6144 2.648064e+06   1.295650e+03     0.326 (     0      0)     0.142 (  5772      0)
"o:docn_run1"                                                 -       6144     6144 2.648064e+06   2.485237e+00     0.000 (  5593      0)     0.000 (  3000      0)
"o:docn"                                                      -       6144     6144 2.648064e+06   1.287914e+03     0.321 (     0      0)     0.141 (  5772      0)
"o:docn_strdata_advance"                                      -       6144     6144 2.648064e+06   8.129157e+02     0.162 (  6052      0)     0.064 (  5772      0)
"o:docn_strd_adv_total"                                       -       6144     6144 2.648064e+06   8.094875e+02     0.162 (  6052      0)     0.064 (  5772      0)
"o:docn_strd_adv_readLBUB"                                    -       6144     6144 2.648064e+06   4.367378e+02     0.124 (   403      0)     0.016 (   288      0)
"o:docn_readLBUB_setup"                                       -       6144     6144 2.648064e+06   8.107045e-01     0.000 (  3290      0)     0.000 (  5232      0)
"o:docn_readLBUB_filemgt"                                     -       6144     6144 2.648064e+06   4.675716e-01     0.000 (  4438      0)     0.000 (  2375      0)
"o:docn_strd_adv_tint"                                        -       6144     6144 2.648064e+06   5.590260e+01     0.011 (  2771      0)     0.008 (  3015      0)
"o:docn_scatter"                                              -       6144     6144 2.648064e+06   2.503140e+02     0.047 (  1842      0)     0.038 (   443      0)
"o:docn_datamode"                                             -       6144     6144 2.648064e+06   5.323680e+01     0.010 (  4055      0)     0.008 (  2937      0)
"o:docn_run2"                                                 -       6144     6144 2.648064e+06   2.685578e-01     0.003 (     0      0)     0.000 (  2822      0)
"CPL:O2CT"                                                    -       6144     6144 2.648064e+06   2.313692e+04    14.042 (  1193      0)     0.163 (     0      0)
"CPL:o2c_ocno2ocnx"                                           -       6144     6144 2.648064e+06   2.162438e+02     0.040 (  4572      0)     0.032 (   846      0)
"CPL:o2c_infoexch"                                            -       6144     6144 2.648064e+06   2.291635e+04    14.006 (  1193      0)     0.125 (     0      0)
"CPL:OCNPOSTT"                                                -       6144     6144 2.648064e+06   1.888188e+00     0.000 (  1159      0)     0.000 (  3697      0)
"i:cice_pice_readLBUB_LB_copy"                                -       6144     6144 6.144000e+03   7.350357e-03     0.000 (  1506      0)     0.000 (  5375      0)
"o:docn_readLBUB_fbound"                                      -       6144     6144 6.144000e+03   7.177222e-04     0.000 (     0      0)     0.000 (  3852      0)
"o:docn_readLBUB_bcast"                                       -       6144     6144 6.144000e+03   1.215775e+02     0.056 (  1193      0)     0.000 (  2917      0)
"o:docn_readLBUB_LB_copy"                                     -       6144     6144 6.144000e+03   8.191351e-03     0.000 (  5151      0)     0.000 (  4401      0)
"o:docn_readLBUB_UB_setup"                                    -       6144     6144 6.144000e+03   2.758602e-03     0.000 (     0      0)     0.000 (  1332      0)
"o:docn_readLBUB_UB_readpio"                                  -       6144     6144 6.144000e+03   3.076995e+02     0.106 (   533      0)     0.014 (   296      0)
"o:PIO:pio_inq_varid_file_vdesc"                              -       6144     6144 1.228800e+04   6.575303e+00     0.018 (  5533      0)     0.000 (   472      0)
"o:PIO:pio_inq_varid_file_vid"                                -       6144     6144 1.228800e+04   6.568042e+00     0.018 (  5533      0)     0.000 (   536      0)
"o:PIO:pio_inq_varndims_file_vdesc"                           -       6144     6144 6.144000e+03   1.521447e+00     0.000 (  2402      0)     0.000 (  5587      0)
"o:PIO:pio_inq_varndims_file_vid"                             -       6144     6144 6.144000e+03   1.516468e+00     0.000 (  2402      0)     0.000 (  5587      0)
"o:PIO:pio_inq_vardimid_file_vdesc"                           -       6144     6144 6.144000e+03   3.871854e+00     0.001 (  4979      0)     0.000 (  2535      0)
"o:PIO:pio_inq_vardimid_file_vid"                             -       6144     6144 6.144000e+03   3.867232e+00     0.001 (  4978      0)     0.000 (  2535      0)
"o:PIO:pio_inq_dimlen_file_dimid"                             -       6144     6144 1.843200e+04   2.452944e+00     0.001 (  2058      0)     0.000 (  4986      0)
"o:PIO:pio_inq_dimlen_file_dimid_offlen"                      -       6144     6144 1.843200e+04   2.443047e+00     0.001 (  2062      0)     0.000 (  4986      0)
"o:PIO:pio_inq_vartype_file_vdesc"                            -       6144     6144 6.144000e+03   1.990386e+00     0.001 (  2307      0)     0.000 (  3760      0)
"o:PIO:pio_inq_vartype_file_vid"                              -       6144     6144 6.144000e+03   1.986328e+00     0.001 (  2307      0)     0.000 (  3757      0)
"o:PIO:read_darray_1d_real"                                   -       6144     6144 6.144000e+03   2.891648e+02     0.101 (   600      0)     0.013 (   296      0)
"o:PIO:PIOc_read_darray"                                      -       6144     6144 6.144000e+03   2.891445e+02     0.101 (   600      0)     0.013 (   296      0)
"o:PIO:read_darray_nc"                                        -       6144     6144 6.144000e+03   2.429455e+01     0.100 (   600      0)     0.000 (  1520      0)
"o:PIO:rearrange_io2comp"                                     -       6144     6144 6.144000e+03   2.630882e+02     0.100 (   391      0)     0.000 (     0      0)
"o:PIO:pio_swapm"                                             -       6144     6144 6.144000e+03   2.630005e+02     0.100 (   391      0)     0.000 (     0      0)
"o:docn_strd_adv_fill"                                        -       6144     6144 6.144000e+03   5.485799e-01     0.000 (   504      0)     0.000 (  2982      0)
"o:docn_strd_adv_map"                                         -       6144     6144 6.144000e+03   3.015720e+02     0.076 (     0      0)     0.001 (   480      0)
"CPL:RUN_LOOP_BSTOP"                                          -       6144     6144 6.144000e+03   1.454174e+01     0.003 (  6137      0)     0.000 (  2869      0)
"CPL:FINAL"                                                   -       6144     6144 6.144000e+03   2.910111e+03     0.489 (     0      0)     0.473 (  5591      0)
"CPL:cime_final"                                              -       6144     6144 6.144000e+03   2.910102e+03     0.489 (     0      0)     0.473 (  5591      0)
"o_f:DOCN_FINAL"                                              -       6144     6144 6.144000e+03   5.275061e-02     0.000 (  3671      0)     0.000 (  1873      0)
"a_f:EAMxx::finalize"                                         y       6144     6144 6.144000e+03   1.841640e+03     0.452 (  1617      0)     0.220 (  1681      0)
"a_f:PIO:PIOc_sync"                                           -       6144     6144 6.144000e+03   1.272920e-01     0.000 (  4572      0)     0.000 (  2674      0)
"a_f:PIO:write_total"                                         -       6144     6144 1.228800e+04   2.476793e+01     0.067 (  5388      0)     0.000 (  2674      0)
"a_f:PIO:flush_output_buffer"                                 -        512      512 1.024000e+03   6.335366e-02     0.000 (  2580      0)     0.000 (  4032      0)
"a_f:PIO:PIOc_closefile"                                      -       6144     6144 1.228800e+04   7.126816e+01     0.171 (  6024      0)     0.000 (   957      0)
"a_f:PIO:PIOc_closefile_write_mode"                           -       6144     6144 6.144000e+03   2.464998e+01     0.067 (  5388      0)     0.000 (  5530      0)
"a_f:PIO:PIOc_freedecomp"                                     -       6144     6144 7.987200e+04   9.751817e-01     0.002 (   840      0)     0.000 (  5582      0)
"PIO:finalize"                                                -       6144     6144 6.144000e+04   6.306783e+02     0.225 (  1543      0)     0.002 (  3287      0)
"PIO:PIOc_finalize"                                           -       6144     6144 6.144000e+04   6.291960e+02     0.225 (  1543      0)     0.002 (  5580      0)
"CPL:FINAL_sync1_tprf"                                        -       6144     6144 6.144000e+03   9.165260e+01     0.015 (   784      0)     0.000 (     0      0)
"CPL:FINAL_t_prf"                                             y          0        0 0.000000e+00   0.000000e+00     0.000 (     0      0)     0.000 (     0      0)

