
***** GLOBAL STATISTICS ( 24576 MPI TASKS) *****

$Id: gptl.c,v 1.157 2011-03-28 20:55:18 rosinski Exp $
'count' is cumulative. All other stats are max/min
'on' indicates whether the timer was active during output, and so stats are lower or upper bounds.

name                                                         on  processes  threads        count      walltotal   wallmax (proc   thrd  )   wallmin (proc   thrd  )
"CPL:INIT"                                                    -      24576    24576 2.457600e+04   1.900875e+07   952.143 (  3644      0)   713.781 ( 17482      0)
"CPL:cime_pre_init1"                                          -      24576    24576 2.457600e+04   1.557706e+06   242.057 (  3642      0)     3.700 ( 17476      0)
"CPL:mpi_init"                                                -      24576    24576 2.457600e+04   1.496757e+06   239.590 (  3642      0)     1.231 ( 17472      0)
"CPL:ESMF_Initialize"                                         -      24576    24576 2.457600e+04   7.031023e+02     0.084 (  3069      0)     0.000 (  4795      0)
"CPL:cime_pre_init2"                                          -      24576    24576 2.457600e+04   6.743073e+04     2.887 ( 22269      0)     2.143 (    10      0)
"CPL:seq_infodata_init"                                       -      24576    24576 2.457600e+04   1.004930e+04     1.420 ( 15602      0)     0.002 (  2775      0)
"CPL:seq_timemgr_clockInit"                                   -      24576    24576 2.457600e+04   4.035814e+02     0.074 ( 22325      0)     0.001 ( 15425      0)
"CPL:cime_init"                                               -      24576    24576 2.457600e+04   1.738281e+07   707.890 (    10      0)   707.162 ( 22535      0)
"CPL:init_comps"                                              -      24576    24576 2.457600e+04   1.735243e+07   706.655 (    10      0)   705.927 ( 22535      0)
"CPL:comp_init_pre_all"                                       -      24576    24576 2.457600e+04   2.499066e+00     0.006 (  9103      0)     0.000 (  6107      0)
"CPL:comp_init_cc_atm"                                        -      24576    24576 2.457600e+04   5.474821e+06   223.351 (    10      0)   222.627 ( 22535      0)
"a_i:comp_init"                                               -      24576    24576 4.915200e+04   5.473638e+06   223.347 (     0      0)   222.561 ( 22535      0)
"a_i:EAMxx::init"                                             -      24576    24576 1.720320e+05   5.385631e+06   221.595 (    24      0)   215.497 ( 11600      0)
"a_i:EAMxx::create_output_managers"                           -      24576    24576 2.457600e+04   4.494191e+02     0.226 (  4064      0)     0.000 ( 23483      0)
"a_i:EAMxx::create_atm_processes"                             -      24576    24576 2.457600e+04   2.642720e+04     1.718 (    29      0)     0.518 (  3063      0)
"a_i:EAMxx::create_grids"                                     -      24576    24576 2.457600e+04   1.407102e+06    57.583 ( 13915      0)    57.036 ( 21327      0)
"a_i:EAMxx::build_grids"                                      -      24576    24576 2.457600e+04   1.348866e+06    54.948 (     0      0)    54.812 (  9101      0)
"a_i:PartitioningTime"                                        -      24576    24576 2.457600e+04   9.458723e-01     0.020 (  5433      0)     0.000 ( 21954      0)
"a_i:repro_sum_int"                                           -      24576    24576 2.457600e+04   6.273644e+03     0.841 ( 21612      0)     0.066 ( 18151      0)
"a_i:PIO:spio_get_att_tc"                                     -      24576    24576 2.678784e+06   8.486312e+02     0.106 ( 19658      0)     0.026 ( 11424      0)
"a_i:PIO:spio_get_vars_tc"                                    -      24576    24576 4.915200e+05   9.591571e+03     0.657 (  5833      0)     0.238 (   161      0)
"a_i:PIO:PIOc_closefile"                                      -      24576    24576 3.194880e+05   2.113965e+03     3.415 ( 19704      0)     0.000 ( 17654      0)
"a_i:EAMxx::SurfaceCouplingImporter::set_grids"               -      24576    24576 2.457600e+04   1.250214e+01     0.129 (  3807      0)     0.000 ( 17334      0)
"a_i:EAMxx::homme::set_grids"                                 -      24576    24576 2.457600e+04   1.331903e+04     0.875 ( 24134      0)     0.390 ( 17320      0)
"a_i:EAMxx::physics::set_grids"                               -      24576    24576 2.457600e+04   3.408523e+04     1.635 (  6660      0)     1.054 (  3063      0)
"a_i:EAMxx::mac_aero_mic::set_grids"                          -      24576    24576 2.457600e+04   1.800621e+04     0.960 (  6660      0)     0.451 (  3068      0)
"a_i:EAMxx::tms::set_grids"                                   -      24576    24576 2.457600e+04   2.181594e+01     0.088 ( 16785      0)     0.001 (  8938      0)
"a_i:EAMxx::shoc::set_grids"                                  -      24576    24576 2.457600e+04   8.968791e+01     0.046 (  4653      0)     0.000 ( 23508      0)
"a_i:EAMxx::cld_fraction::set_grids"                          -      24576    24576 2.457600e+04   2.435740e+00     0.007 (  3809      0)     0.000 ( 17532      0)
"a_i:EAMxx::spa::set_grids"                                   -      24576    24576 2.457600e+04   1.747763e+04     0.958 (  6660      0)     0.362 (  3068      0)
"a_i:EAMxx::p3::set_grids"                                    -      24576    24576 2.457600e+04   1.831213e+01     0.030 (  3813      0)     0.000 ( 23556      0)
"a_i:EAMxx::rrtmgp::set_grids"                                -      24576    24576 2.457600e+04   1.558965e+04     0.681 (  2652      0)     0.571 ( 24142      0)
"a_i:EAMxx::SurfaceCouplingExporter::set_grids"               -      24576    24576 2.457600e+04   3.527918e+02     0.061 (  5433      0)     0.002 (  1310      0)
"a_i:EAMxx::create_fields"                                    -      24576    24576 2.457600e+04   2.865889e+03     0.173 ( 11650      0)     0.104 (  1130      0)
"a_i:EAMxx::initialize_fields"                                -      24576    24576 2.457600e+04   1.768700e+06    72.143 ( 11436      0)    71.803 (  9704      0)
"a_i:PIO:PIOc_initdecomp"                                     -      24576    24576 3.194880e+05   3.562713e+05    14.498 ( 12167      0)    14.470 (  9101      0)
"a_i:PIO:box_rearrange_create"                                -      24576    24576 3.194880e+05   3.550864e+05    14.452 (  2653      0)    14.432 (  3814      0)
"a_i:PIO:pio_swapm"                                           -      24576    24576 1.499136e+06   7.348537e+05    34.675 ( 24133      0)    10.196 ( 11148      0)
"a_i:PIO:PIOc_read_darray"                                    -      24576    24576 5.406720e+05   5.394148e+05    23.049 ( 14154      0)    19.750 ( 19447      0)
"a_i:PIO:read_darray_nc"                                      -      24576    24576 5.406720e+05   3.001708e+04    20.974 (   612      0)     0.000 ( 13021      0)
"a_i:PIO:rearrange_io2comp"                                   -      24576    24576 5.406720e+05   4.612522e+05    22.604 (  1314      0)     0.438 ( 19248      0)
"a_i:EAMxx::initialize_atm_procs"                             -      24576    24576 2.457600e+04   2.157796e+06    89.944 ( 22372      0)    84.344 ( 18132      0)
"a_i:EAMxx::SurfaceCouplingImporter::init"                    -      24576    24576 2.457600e+04   9.332165e+01     0.111 ( 15237      0)     0.000 (  1764      0)
"a_i:EAMxx::homme::init"                                      -      24576    24576 2.457600e+04   2.931874e+05    12.105 ( 10393      0)    11.545 (  8772      0)
"a_i:compose_init"                                            -      24576    24576 2.457600e+04   2.254233e+03     0.527 (  2757      0)     0.007 (  6348      0)
"a_i:sl_init1"                                                -      24576    24576 2.457600e+04   3.964207e+03     0.562 (  2807      0)     0.118 (  3620      0)
"a_i:EAMxx::tms::init"                                        -      24576    24576 2.457600e+04   9.973459e-02     0.000 (     0      0)     0.000 ( 15188      0)
"a_i:EAMxx::shoc::init"                                       -      24576    24576 2.457600e+04   1.417775e+02     0.082 ( 23235      0)     0.001 (   794      0)
"a_i:EAMxx::cld_fraction::init"                               -      24576    24576 2.457600e+04   5.569434e-01     0.000 (     0      0)     0.000 ( 23165      0)
"a_i:EAMxx::spa::init"                                        -      24576    24576 2.457600e+04   1.666869e+06    77.871 ( 19118      0)    67.641 (  9250      0)
"a_i:EAMxx::p3::init"                                         -      24576    24576 2.457600e+04   2.290119e+04     1.656 (  2704      0)     0.045 (  4860      0)
"a_i:EAMxx::rrtmgp::init"                                     -      24576    24576 2.457600e+04   1.743704e+05     9.733 ( 18623      0)     0.049 ( 16622      0)
"a_i:EAMxx::SurfaceCouplingExporter::init"                    -      24576    24576 2.457600e+04   1.253061e+02     0.092 (  4407      0)     0.002 (  5438      0)
"a_i:EAMxx::initialize_output_managers"                       -      24576    24576 2.457600e+04   2.228965e+04     0.947 (  5004      0)     0.895 (  7809      0)
"a_i:EAMxx::IO::standard"                                     -      24576    24576 2.457600e+04   1.446988e+04     0.764 ( 10980      0)     0.526 ( 19449      0)
"a_i:EAMxx::IO::nooutput.yaml"                                -      24576    24576 2.457600e+04   1.446985e+04     0.764 ( 10980      0)     0.526 ( 19449      0)
"a_i:EAMxx::IO::standard::get_new_file"                       -      24576    24576 2.457600e+04   1.432292e+04     0.748 (   700      0)     0.526 ( 19449      0)
"a_i:PIO:PIOc_createfile"                                     -      24576    24576 2.457600e+04   7.831390e+03     0.490 (   700      0)     0.268 ( 19449      0)
"a_i:PIO:write_total"                                         -      24576    24576 8.110080e+05   8.236309e+03     0.706 ( 21312      0)     0.269 ( 19449      0)
"a_i:PIO:spio_put_att_tc"                                     -      24576    24576 7.372800e+05   2.558698e+02     0.240 (  9780      0)     0.000 ( 21712      0)
"a_i:PIO:spio_put_vars_tc"                                    -      24576    24576 2.457600e+04   1.185895e+02     0.023 ( 10800      0)     0.000 (  6709      0)
"a_i:PIO:flush_output_buffer"                                 -       2048     2048 4.096000e+03   6.605734e+01     0.038 (  4920      0)     0.010 ( 15072      0)
"a_i:EAMxx::IO::standard::run_output_streams"                 -      24576    24576 2.457600e+04   3.723725e-03     0.000 ( 14669      0)     0.000 ( 10632      0)
"a_i:EAMxx::IO::standard::update_snapshot_tally"              -      24576    24576 2.457600e+04   1.468343e+02     0.031 ( 22085      0)     0.000 (  4982      0)
"a_i:PIO:PIOc_sync"                                           -      24576    24576 2.457600e+04   3.048557e+01     0.015 (  5004      0)     0.000 ( 23017      0)
"CPL:comp_init_cc_lnd"                                        -      24576    24576 2.457600e+04   8.739804e+06   355.695 (  3065      0)   355.620 ( 13860      0)
"l_i:comp_init"                                               -      24576    24576 2.457600e+04   8.739379e+06   355.694 (  3065      0)   355.597 (    23      0)
"l_i:elm_init1"                                               -      24576    24576 2.457600e+04   2.066533e+06    84.179 (   783      0)    83.872 (  9096      0)
"l_i:PIO:openfile"                                            -      24576    24576 5.652480e+05   1.144981e+05     6.748 (  2512      0)     2.786 (  9099      0)
"l_i:PIO:pio_inq_dimid_file_dimid"                            -      24576    24576 1.523712e+06   2.055779e+03     0.159 ( 22337      0)     0.006 (     6      0)
"l_i:PIO:pio_inq_dimlen_file_dimid"                           -      24576    24576 8.847360e+06   5.508579e+02     0.049 ( 12312      0)     0.010 (  9096      0)
"l_i:PIO:pio_inq_dimlen_file_dimid_offlen"                    -      24576    24576 8.847360e+06   5.489456e+02     0.049 ( 12312      0)     0.010 (  9096      0)
"l_i:PIO:pio_inq_varid_file_vdesc"                            -      24576    24576 1.140326e+07   9.449547e+03    26.164 (  6847      0)     0.053 ( 12228      0)
"l_i:PIO:pio_inq_varid_file_vid"                              -      24576    24576 1.140326e+07   8.517859e+03    26.121 (  6847      0)     0.018 ( 12096      0)
"l_i:PIO:get_var_1d_int"                                      -      24576    24576 1.474560e+05   5.020774e+03     0.245 ( 11663      0)     0.119 ( 16781      0)
"l_i:PIO:spio_get_vars_tc"                                    -      24576    24576 4.890624e+06   2.057886e+04     1.091 ( 13466      0)     0.608 (  3805      0)
"l_i:PIO:closefile"                                           -      24576    24576 4.915200e+05   5.876951e+02     0.580 (    84      0)     0.001 ( 19015      0)
"l_i:PIO:PIOc_closefile"                                      -      24576    24576 4.915200e+05   5.871105e+02     0.580 (    84      0)     0.001 ( 19015      0)
"l_i:PIO:pio_inq_varndims_file_vdesc"                         -      24576    24576 5.431296e+06   1.128114e+03     2.262 (  8185      0)     0.011 ( 15203      0)
"l_i:PIO:pio_inq_varndims_file_vid"                           -      24576    24576 5.431296e+06   1.126455e+03     2.262 (  8185      0)     0.011 ( 15203      0)
"l_i:PIO:pio_inq_vardimid_file_vdesc"                         -      24576    24576 5.431296e+06   1.455131e+03     0.146 (   924      0)     0.024 (  9103      0)
"l_i:PIO:pio_inq_vardimid_file_vid"                           -      24576    24576 5.431296e+06   1.453739e+03     0.146 (   932      0)     0.024 (  9103      0)
"l_i:PIO:pio_inq_dimname_file_dimid"                          -      24576    24576 1.953792e+07   1.660901e+03     0.158 (  1537      0)     0.024 ( 15276      0)
"l_i:PIO:initdecomp"                                          -      24576    24576 6.389760e+05   5.573652e+05    22.995 (     7      0)    22.320 ( 16248      0)
"l_i:PIO:PIOc_initdecomp"                                     -      24576    24576 6.389760e+05   5.573448e+05    22.994 (     7      0)    22.319 ( 16248      0)
"l_i:PIO:box_rearrange_create"                                -      24576    24576 6.389760e+05   5.399522e+05    21.976 (  4107      0)    21.966 ( 16429      0)
"l_i:PIO:pio_swapm"                                           -      24576    24576 7.299072e+06   7.635885e+06   327.105 ( 17550      0)    93.677 (  3516      0)
"l_i:PIO:read_darray_1d_double"                               -      24576    24576 2.015232e+06   2.213327e+06    90.234 ( 15204      0)    89.173 (  8188      0)
"l_i:PIO:PIOc_read_darray"                                    -      24576    24576 5.382144e+06   7.503908e+06   306.146 ( 17795      0)   279.126 (  6841      0)
"l_i:PIO:read_darray_nc"                                      -      24576    24576 5.382144e+06   3.666729e+05   230.426 (  3516      0)     0.000 ( 23545      0)
"l_i:PIO:rearrange_io2comp"                                   -      24576    24576 5.382144e+06   7.132637e+06   306.048 ( 17795      0)    74.002 (  3516      0)
"l_i:PIO:pio_inquire_file"                                    -      24576    24576 7.077888e+06   6.804194e+02     0.103 (  5139      0)     0.006 ( 16187      0)
"l_i:PIO:pio_inq_ndims_file"                                  -      24576    24576 7.077888e+06   6.787043e+02     0.103 (  5139      0)     0.006 ( 16836      0)
"l_i:PIO:read_darray_1d_int"                                  -      24576    24576 1.720320e+05   2.772568e+05    11.311 ( 16128      0)    11.216 (  5425      0)
"l_i:PIO:read_darray_3d_double"                               -      24576    24576 4.423680e+05   1.867269e+05     7.702 ( 23567      0)     6.948 (  8185      0)
"l_i:PIO:read_darray_3d_int"                                  -      24576    24576 2.457600e+04   8.716813e+03     0.372 ( 23374      0)     0.299 (  3807      0)
"l_i:PIO:read_darray_4d_double"                               -      24576    24576 3.440640e+05   7.990016e+05    32.560 ( 10115      0)    31.948 (  8188      0)
"l_i:PIO:get_var_1d_text"                                     -      24576    24576 4.915200e+04   5.434482e+02     0.091 ( 13362      0)     0.006 ( 21254      0)
"l_i:PIO:get_var_1d_double"                                   -      24576    24576 3.538944e+06   8.549593e+03     0.423 (  6535      0)     0.098 ( 13435      0)
"l_i:PIO:get_var_0d_double"                                   -      24576    24576 2.457600e+05   6.498797e+02     0.032 (  1104      0)     0.009 (  5435      0)
"l_i:PIO:read_darray_2d_double"                               -      24576    24576 2.285568e+06   4.003959e+06   163.454 ( 17550      0)   137.062 (  6841      0)
"l_i:PIO:read_darray_2d_int"                                  -      24576    24576 9.830400e+04   1.493202e+04     0.646 (  3667      0)     0.545 ( 18685      0)
"l_i:gather_1darray_int_total"                                -      24576    24576 1.228800e+05   3.226554e+04     2.441 (     0      0)     0.715 (    24      0)
"l_i:scatter_1darray_int_total"                               -      24576    24576 1.228800e+05   5.899389e+04     2.844 (     3      0)     1.223 (     0      0)
"l_i:init_filters"                                            -      24576    24576 2.457600e+04   4.540712e+01     0.024 ( 21924      0)     0.000 ( 18393      0)
"l_i:elm_init2"                                               -      24576    24576 2.457600e+04   6.644336e+06   270.449 (  5428      0)   270.341 (   766      0)
"l_i:init_orbd"                                               -      24576    24576 2.457600e+04   9.501089e+00     0.113 ( 10964      0)     0.000 ( 12388      0)
"l_i:PIO:get_var_0d_int"                                      -      24576    24576 5.160960e+05   1.418087e+04    25.132 ( 22527      0)     0.360 ( 20867      0)
"l_i:PIO:get_var_2d_double"                                   -      24576    24576 2.949120e+05   1.531567e+03     0.065 (  2293      0)     0.057 ( 16764      0)
"l_i:PIO:get_var_3d_double"                                   -      24576    24576 9.830400e+04   3.462756e+02     0.019 ( 18145      0)     0.012 (     0      0)
"l_i:init_accflds"                                            -      24576    24576 2.457600e+04   1.211231e+01     0.025 (  3065      0)     0.000 ( 18052      0)
"l_i:init_dyn_subgrid"                                        -      24576    24576 2.457600e+04   8.676943e+02     0.072 (  3798      0)     0.001 (  5904      0)
"l_i:subgridRest_write-read"                                  -      24576    24576 2.457600e+04   1.017293e+06    41.408 ( 16248      0)    41.372 (  4853      0)
"l_i:init_map2gc"                                             -      24576    24576 2.457600e+04   9.039855e+00     0.075 (  3815      0)     0.000 ( 11349      0)
"l_i:init_elm_interface_data & pflotran"                      -      24576    24576 2.457600e+04   5.960335e-03     0.000 (  1155      0)     0.000 (   227      0)
"l_i:init_wlog"                                               -      24576    24576 2.457600e+04   8.272086e-03     0.000 (     0      0)     0.000 ( 12663      0)
"l_i:elm_init3"                                               -      24576    24576 2.457600e+04   4.558478e-02     0.000 (  6484      0)     0.000 ( 10956      0)
"CPL:comp_init_cc_rof"                                        -      24576    24576 2.457600e+04   8.026654e+01     0.004 (  3996      0)     0.001 ( 15539      0)
"r_i:comp_init"                                               -      24576    24576 2.457600e+04   2.161567e+00     0.001 ( 21821      0)     0.000 (  8772      0)
"CPL:comp_init_cc_ocn"                                        -      24576    24576 2.457600e+04   1.230493e+06    50.072 ( 13838      0)    49.995 (  3807      0)
"o_i:comp_init"                                               -      24576    24576 2.457600e+04   1.230025e+06    50.068 (    11      0)    49.890 (  2790      0)
"o_i:docn_readnml"                                            -      24576    24576 2.457600e+04   3.425633e+04     1.694 (  4854      0)     0.483 (     0      0)
"o_i:DOCN_INIT"                                               -      24576    24576 2.457600e+04   1.195245e+06    49.569 (    11      0)    48.228 ( 16081      0)
"o_i:docn_strdata_init"                                       -      24576    24576 2.457600e+04   1.146314e+06    47.525 (    15      0)    46.212 ( 14571      0)
"o_i:PIO:initdecomp"                                          -      24576    24576 7.372800e+04   4.944456e+04     2.074 (     1      0)     1.947 (     0      0)
"o_i:PIO:PIOc_initdecomp"                                     -      24576    24576 7.372800e+04   4.944423e+04     2.074 (     1      0)     1.947 (     0      0)
"o_i:PIO:box_rearrange_create"                                -      24576    24576 7.372800e+04   4.775605e+04     1.944 (  3884      0)     1.943 ( 15952      0)
"o_i:PIO:pio_swapm"                                           -      24576    24576 2.703360e+05   4.697196e+04     2.173 ( 15557      0)     1.594 (  2892      0)
"o_i:docn_initgsmaps"                                         -      24576    24576 2.457600e+04   2.691851e+01     0.002 ( 10635      0)     0.001 (  3397      0)
"o_i:docn_initmctdom"                                         -      24576    24576 2.457600e+04   5.803669e+00     0.000 (  5154      0)     0.000 (  1898      0)
"o_i:docn_initmctavs"                                         -      24576    24576 2.457600e+04   5.018777e+00     0.121 ( 24132      0)     0.000 (  1685      0)
"o_i:DOCN_RUN"                                                -      24576    24576 2.457600e+04   4.889185e+04     2.172 ( 22314      0)     1.686 (  2183      0)
"o_i:docn_run1"                                               -      24576    24576 2.457600e+04   2.567963e-02     0.000 ( 19290      0)     0.000 ( 16065      0)
"o_i:docn"                                                    -      24576    24576 2.457600e+04   4.889176e+04     2.172 ( 22314      0)     1.686 (  2183      0)
"o_i:docn_strdata_advance"                                    -      24576    24576 2.457600e+04   4.888644e+04     2.172 ( 22314      0)     1.686 (  2183      0)
"o_i:docn_strd_adv_total"                                     -      24576    24576 2.457600e+04   4.888637e+04     2.172 ( 22314      0)     1.686 (  2183      0)
"o_i:docn_strd_adv_readLBUB"                                  -      24576    24576 2.457600e+04   4.567733e+04     2.167 ( 16227      0)     1.685 (  2135      0)
"o_i:docn_readLBUB_setup"                                     -      24576    24576 2.457600e+04   7.989892e-02     0.000 ( 16020      0)     0.000 ( 14622      0)
"o_i:docn_readLBUB_fbound"                                    -      24576    24576 2.457600e+04   1.680772e+00     1.678 (     0      0)     0.000 (  1654      0)
"o_i:docn_readLBUB_bcast"                                     -      24576    24576 2.457600e+04   3.818259e+04     1.721 (  8834      0)     0.000 (     0      0)
"o_i:docn_readLBUB_LB_setup"                                  -      24576    24576 2.457600e+04   2.990512e-03     0.000 (     0      0)     0.000 (  1613      0)
"o_i:docn_readLBUB_LB_readpio"                                -      24576    24576 2.457600e+04   5.494506e+03     0.271 ( 16704      0)     0.202 (     1      0)
"o_i:PIO:openfile"                                            -      24576    24576 2.457600e+04   4.533607e+03     0.187 (   698      0)     0.159 ( 12345      0)
"o_i:PIO:pio_inq_varid_file_vdesc"                            -      24576    24576 9.830400e+04   9.955451e+01     0.059 (  3646      0)     0.000 ( 16493      0)
"o_i:PIO:pio_inq_varid_file_vid"                              -      24576    24576 9.830400e+04   9.950511e+01     0.059 (  3646      0)     0.000 ( 16493      0)
"o_i:PIO:pio_inq_varndims_file_vdesc"                         -      24576    24576 4.915200e+04   1.493166e+01     0.049 ( 11593      0)     0.000 ( 13492      0)
"o_i:PIO:pio_inq_varndims_file_vid"                           -      24576    24576 4.915200e+04   1.489484e+01     0.049 ( 11594      0)     0.000 ( 13492      0)
"o_i:PIO:pio_inq_vardimid_file_vdesc"                         -      24576    24576 4.915200e+04   2.060418e+01     0.001 (   927      0)     0.001 ( 13498      0)
"o_i:PIO:pio_inq_vardimid_file_vid"                           -      24576    24576 4.915200e+04   2.057630e+01     0.001 (   927      0)     0.001 ( 13488      0)
"o_i:PIO:pio_inq_dimlen_file_dimid"                           -      24576    24576 1.474560e+05   1.248404e+01     0.001 (   932      0)     0.000 (  3732      0)
"o_i:PIO:pio_inq_dimlen_file_dimid_offlen"                    -      24576    24576 1.474560e+05   1.243300e+01     0.001 (   935      0)     0.000 (  3732      0)
"o_i:PIO:pio_inq_vartype_file_vdesc"                          -      24576    24576 4.915200e+04   1.019791e+01     0.001 (     5      0)     0.000 (  7847      0)
"o_i:PIO:pio_inq_vartype_file_vid"                            -      24576    24576 4.915200e+04   1.016829e+01     0.001 (     4      0)     0.000 (  7847      0)
"o_i:PIO:read_darray_1d_real"                                 -      24576    24576 4.915200e+04   2.425785e+03     0.259 ( 11052      0)     0.034 ( 16652      0)
"o_i:PIO:PIOc_read_darray"                                    -      24576    24576 4.915200e+04   2.425586e+03     0.259 ( 11052      0)     0.034 ( 16652      0)
"o_i:PIO:read_darray_nc"                                      -      24576    24576 4.915200e+04   1.602228e+02     0.250 (  2316      0)     0.000 ( 18569      0)
"o_i:PIO:rearrange_io2comp"                                   -      24576    24576 4.915200e+04   2.222611e+03     0.251 (  3198      0)     0.002 (  5928      0)
"o_i:docn_readLBUB_UB_setup"                                  -      24576    24576 2.457600e+04   2.287070e-02     0.000 (     0      0)     0.000 (  9161      0)
"o_i:docn_readLBUB_UB_readpio"                                -      24576    24576 2.457600e+04   1.995860e+03     0.240 ( 16240      0)     0.008 (  4921      0)
"o_i:docn_readLBUB_filemgt"                                   -      24576    24576 2.457600e+04   5.286250e-03     0.000 (  1189      0)     0.000 ( 18576      0)
"o_i:docn_strd_adv_fill"                                      -      24576    24576 2.457600e+04   1.071203e+01     0.015 ( 24133      0)     0.000 (  5424      0)
"o_i:docn_strd_adv_map"                                       -      24576    24576 2.457600e+04   3.196325e+03     0.176 (    15      0)     0.000 ( 15977      0)
"o_i:docn_strd_adv_tint"                                      -      24576    24576 2.457600e+04   1.554522e+00     0.035 ( 24141      0)     0.000 (  6870      0)
"o_i:docn_scatter"                                            -      24576    24576 2.457600e+04   3.796350e+00     0.000 (  5748      0)     0.000 (   542      0)
"o_i:docn_datamode"                                           -      24576    24576 2.457600e+04   6.168633e-01     0.001 ( 10958      0)     0.000 (  6019      0)
"o_i:docn_run2"                                               -      24576    24576 2.457600e+04   4.309604e-03     0.000 (     0      0)     0.000 (  2148      0)
"CPL:comp_init_cc_ice"                                        -      24576    24576 2.457600e+04   1.892890e+06    77.166 ( 23873      0)    76.936 (  3070      0)
"i_i:comp_init"                                               -      24576    24576 2.457600e+04   1.888949e+06    77.162 ( 23865      0)    76.695 (  3159      0)
"i_i:cice_init"                                               -      24576    24576 2.457600e+04   3.020824e+05    12.374 (  3059      0)    12.193 ( 22769      0)
"i_i:ice_HaloUpdate2DR8"                                      -      24576    24576 9.830400e+04   3.005936e+02     0.600 (     2      0)     0.000 ( 17444      0)
"i_i:ice_HU2DR8_init"                                         -      24576    24576 9.830400e+04   5.642020e-02     0.000 ( 22152      0)     0.000 ( 21392      0)
"i_i:state_bound_h1"                                          -      24576    24576 2.457600e+04   4.696729e+01     0.074 (  3059      0)     0.000 (  7971      0)
"i_i:ice_HaloUpdate3DR8"                                      -      24576    24576 1.228800e+05   4.781563e+01     0.074 (  3059      0)     0.000 ( 12534      0)
"i_i:ice_HU3DR8_init"                                         -      24576    24576 1.228800e+05   6.806904e-01     0.007 (  9098      0)     0.000 ( 11160      0)
"i_i:ice_HU3DR8_recvall"                                      -      24576    24576 1.228800e+05   4.488979e+01     0.074 (  3059      0)     0.000 (  8356      0)
"i_i:state_bound_hm"                                          -      24576    24576 2.457600e+04   3.665395e-01     0.001 ( 24361      0)     0.000 (     0      0)
"i_i:state_bound_hc"                                          -      24576    24576 2.457600e+04   4.003404e-01     0.000 (  5008      0)     0.000 (  9816      0)
"i_i:state_bound_h2"                                          -      24576    24576 2.457600e+04   7.535080e+00     0.059 ( 18157      0)     0.000 ( 10656      0)
"i_i:ice_HaloUpdate4DR8"                                      -      24576    24576 2.457600e+04   4.336022e+00     0.059 ( 18157      0)     0.000 ( 10656      0)
"i_i:ice_HU4DR8_init"                                         -      24576    24576 2.457600e+04   3.264576e-01     0.000 ( 13348      0)     0.000 ( 10212      0)
"i_i:ice_HU4DR8_recvall"                                      -      24576    24576 2.457600e+04   2.634543e+00     0.059 ( 18157      0)     0.000 ( 22435      0)
"i_i:state_bound_hd"                                          -      24576    24576 2.457600e+04   1.403669e-02     0.000 (  7084      0)     0.000 (   804      0)
"i_i:cice_mct_init"                                           -      24576    24576 2.457600e+04   1.585588e+06    64.861 ( 23857      0)    64.302 (  4021      0)
"i_i:PIO:initdecomp"                                          -      24576    24576 7.372800e+04   4.976051e+04    26.145 (    10      0)     1.976 (  8328      0)
"i_i:PIO:PIOc_initdecomp"                                     -      24576    24576 7.372800e+04   4.976015e+04    26.145 (    10      0)     1.976 (  8328      0)
"i_i:PIO:box_rearrange_create"                                -      24576    24576 7.372800e+04   4.847649e+04     1.973 (  1617      0)     1.972 (  1571      0)
"i_i:PIO:pio_swapm"                                           -      24576    24576 2.211840e+05   4.531963e+04     1.965 ( 10608      0)     1.601 (  1448      0)
"CPL:comp_init_cc_glc"                                        -      24576    24576 2.457600e+04   7.115364e+01     0.004 (  2724      0)     0.001 ( 24200      0)
"g_i:comp_init"                                               -      24576    24576 2.457600e+04   3.940385e-02     0.000 (  6307      0)     0.000 (  3805      0)
"CPL:comp_init_cc_wav"                                        -      24576    24576 2.457600e+04   6.554144e+01     0.004 (  3904      0)     0.001 ( 15264      0)
"w_i:comp_init"                                               -      24576    24576 2.457600e+04   1.841650e-02     0.000 ( 18473      0)     0.000 (   382      0)
"CPL:comp_init_cc_esp"                                        -      24576    24576 2.457600e+04   5.605573e+01     0.003 ( 15624      0)     0.000 ( 15508      0)
"e_i:comp_init"                                               -      24576    24576 2.457600e+04   2.482533e-02     0.000 ( 13131      0)     0.000 (  5077      0)
"CPL:comp_init_cc_iac"                                        -      24576    24576 2.457600e+04   6.641090e+01     0.004 ( 24332      0)     0.001 ( 22752      0)
"z_i:comp_init"                                               -      24576    24576 2.457600e+04   1.636558e-02     0.000 (  3851      0)     0.000 ( 16349      0)
"CPL:comp_init_cx_all"                                        -      24576    24576 2.457600e+04   1.408208e+04     0.642 (     7      0)     0.436 ( 23874      0)
"CPL:comp_list_all"                                           -      24576    24576 2.457600e+04   2.059392e+00     0.004 ( 12734      0)     0.000 (     0      0)
"CPL:init_maps"                                               -      24576    24576 2.457600e+04   1.163058e+04     0.761 (  2383      0)     0.035 (   704      0)
"CPL:init_aream"                                              -      24576    24576 2.457600e+04   3.668783e+03     0.726 (  2241      0)     0.000 (  2533      0)
"CPL:init_domain_check"                                       -      24576    24576 2.457600e+04   9.355507e+03     0.968 (   844      0)     0.242 (  2383      0)
"CPL:init_areacor"                                            -      24576    24576 2.457600e+04   3.288130e+03     0.134 ( 22288      0)     0.134 ( 10296      0)
"CPL:init_fracs"                                              -      24576    24576 2.457600e+04   1.021705e+02     0.054 (     8      0)     0.002 ( 15977      0)
"CPL:init_aoflux"                                             -      24576    24576 2.457600e+04   6.015907e+00     0.046 ( 10958      0)     0.000 ( 14664      0)
"CPL:init_atminit"                                            -      24576    24576 1.474560e+05   1.652142e+02     0.076 ( 13795      0)     0.002 (  6101      0)
"CPL:comp_init_cc_atm2"                                       -      24576    24576 2.457600e+04   1.695372e+03     0.080 (  5205      0)     0.002 ( 12290      0)
"CPL:init_readrestart"                                        -      24576    24576 2.457600e+04   5.035061e+00     0.006 (  3069      0)     0.000 (  8808      0)
"CPL:cime_run_init"                                           -      24576    24576 2.457600e+04   6.023115e+00     0.020 (     0      0)     0.000 ( 14233      0)
"CPL:INIT_sync1_tprf"                                         -      24576    24576 2.457600e+04   4.647205e+02     0.020 (  4573      0)     0.000 (     0      0)
"CPL:INIT_t_prf"                                              -      24576    24576 2.457600e+04   8.428796e+00     0.098 (     0      0)     0.000 (  9985      0)
"CPL:INIT_sync2_tprf"                                         -      24576    24576 2.457600e+04   2.398807e+03     0.098 (  9985      0)     0.000 (     0      0)
"CPL:RUN_LOOP_BSTART"                                         -      24576    24576 2.457600e+04   1.213359e+00     0.000 (  1455      0)     0.000 ( 14215      0)
"CPL:RUN_LOOP"                                                -      24576    24576 1.061683e+07   5.918687e+06   240.834 ( 22266      0)   240.830 (  5637      0)
"CPL:CLOCK_ADVANCE"                                           -      24576    24576 1.061683e+07   1.123360e+03     0.055 (  6632      0)     0.043 ( 15614      0)
"CPL:RUN"                                                     -      24576    24576 1.273774e+08   4.965474e+04     3.343 (  3405      0)     1.271 ( 13419      0)
"CPL:OCNPRE1"                                                 -      24576    24576 1.061683e+07   4.779881e+03     0.219 (  4466      0)     0.176 ( 11178      0)
"CPL:ocnpre1_atm2ocn"                                         -      24576    24576 1.061683e+07   4.769903e+03     0.219 (  4466      0)     0.175 ( 11178      0)
"CPL:LNDPREP"                                                 -      24576    24576 1.061683e+07   1.984593e+03     0.104 (  2891      0)     0.060 ( 20788      0)
"CPL:lndprep_atm2lnd"                                         -      24576    24576 1.061683e+07   1.717352e+03     0.097 ( 10940      0)     0.055 ( 13164      0)
"CPL:lndprep_mrgx2l"                                          -      24576    24576 1.061683e+07   2.474651e+02     0.014 ( 18054      0)     0.003 ( 10726      0)
"CPL:COMM"                                                    -      24576    24576 7.429325e+07   2.417663e+05    14.674 ( 13250      0)     5.072 (  1699      0)
"CPL:C2L"                                                     -      24576    24576 1.061683e+07   1.012651e+04     0.469 ( 18876      0)     0.293 (     0      0)
"CPL:c2l_lndx2lndl"                                           -      24576    24576 1.061683e+07   4.914347e+03     0.242 (  5261      0)     0.122 ( 17030      0)
"CPL:c2l_infoexch"                                            -      24576    24576 1.061683e+07   5.194038e+03     0.315 ( 20468      0)     0.075 (    10      0)
"CPL:ICEPREP"                                                 -      24576    24576 1.061683e+07   1.764389e+03     0.084 (  5320      0)     0.068 ( 12388      0)
"CPL:iceprep_ocn2ice"                                         -      24576    24576 1.061683e+07   3.711788e+02     0.018 (  5320      0)     0.013 (  2040      0)
"CPL:iceprep_atm2ice"                                         -      24576    24576 1.061683e+07   5.254854e+02     0.027 (  5320      0)     0.020 ( 10929      0)
"CPL:iceprep_mrgx2i"                                          -      24576    24576 1.061683e+07   8.185551e+02     0.039 ( 20481      0)     0.032 ( 13211      0)
"CPL:C2I"                                                     -      24576    24576 1.061683e+07   4.223323e+03     0.177 (  7772      0)     0.159 (  5320      0)
"CPL:c2i_icex2icei"                                           -      24576    24576 1.061683e+07   5.596884e+02     0.029 (  5318      0)     0.021 ( 23188      0)
"CPL:ice_infoexch"                                            -      24576    24576 1.061683e+07   3.650897e+03     0.154 (  7772      0)     0.130 (  5320      0)
"CPL:ICE_RUN"                                                 -      24576    24576 1.061683e+07   8.795093e+04     4.618 ( 19794      0)     3.422 ( 23583      0)
"i:cice_run_total"                                            -      24576    24576 1.061683e+07   8.656156e+04     4.560 ( 19794      0)     3.367 ( 23583      0)
"i:cice_run_import"                                           -      24576    24576 1.061683e+07   2.011617e+03     0.106 (  4492      0)     0.069 ( 12389      0)
"i:cice_imp_ocn"                                              -      24576    24576 1.061683e+07   2.652295e+02     0.018 ( 11961      0)     0.009 ( 12385      0)
"i:cice_imp_atm"                                              -      24576    24576 1.061683e+07   2.620537e+02     0.022 ( 11961      0)     0.009 ( 13185      0)
"i:cice_run_initmd"                                           -      24576    24576 1.061683e+07   4.337012e+04     1.918 (    10      0)     1.692 ( 18887      0)
"i:cice_run_presc"                                            -      24576    24576 1.061683e+07   1.682926e+04     0.722 ( 20700      0)     0.500 ( 21443      0)
"i:cice_pice_strd_adv_total"                                  -      24576    24576 1.061683e+07   1.435399e+04     0.614 ( 17987      0)     0.407 ( 21367      0)
"i:cice_pice_strd_adv_readLBUB"                               -      24576    24576 1.061683e+07   1.064510e+04     0.584 (  2376      0)     0.351 (  5432      0)
"i:cice_pice_readLBUB_setup"                                  -      24576    24576 1.061683e+07   3.592048e+00     0.000 (  7968      0)     0.000 ( 17060      0)
"i:cice_pice_readLBUB_fbound"                                 -      24576    24576 4.915200e+04   2.205068e-01     0.215 (     0      0)     0.000 (  4606      0)
"i:cice_pice_readLBUB_bcast"                                  -      24576    24576 4.915200e+04   5.300151e+03     0.216 ( 14280      0)     0.000 (     0      0)
"i:cice_pice_readLBUB_LB_setup"                               -      24576    24576 2.457600e+04   8.284540e-03     0.000 (     0      0)     0.000 ( 13750      0)
"i:cice_pice_readLBUB_LB_readpio"                             -      24576    24576 2.457600e+04   2.103131e+03     0.146 (  3372      0)     0.049 (     1      0)
"i:PIO:openfile"                                              -      24576    24576 2.457600e+04   1.040153e+03     0.043 (     0      0)     0.042 ( 23499      0)
"i:PIO:pio_inq_varid_file_vdesc"                              -      24576    24576 1.474560e+05   1.367243e+02     0.075 ( 14622      0)     0.000 (  3843      0)
"i:PIO:pio_inq_varid_file_vid"                                -      24576    24576 1.474560e+05   1.366590e+02     0.075 ( 14622      0)     0.000 (  3843      0)
"i:PIO:pio_inq_varndims_file_vdesc"                           -      24576    24576 7.372800e+04   2.690544e+01     0.067 ( 14629      0)     0.000 (  3848      0)
"i:PIO:pio_inq_varndims_file_vid"                             -      24576    24576 7.372800e+04   2.686145e+01     0.067 ( 14629      0)     0.000 (  3840      0)
"i:PIO:pio_inq_vardimid_file_vdesc"                           -      24576    24576 7.372800e+04   3.847905e+01     0.002 ( 10192      0)     0.001 (  3840      0)
"i:PIO:pio_inq_vardimid_file_vid"                             -      24576    24576 7.372800e+04   3.844334e+01     0.002 ( 10192      0)     0.001 (  3847      0)
"i:PIO:pio_inq_dimlen_file_dimid"                             -      24576    24576 2.211840e+05   2.330946e+01     0.001 ( 10184      0)     0.001 (  9841      0)
"i:PIO:pio_inq_dimlen_file_dimid_offlen"                      -      24576    24576 2.211840e+05   2.324274e+01     0.001 ( 10184      0)     0.001 (  9024      0)
"i:PIO:pio_inq_vartype_file_vdesc"                            -      24576    24576 7.372800e+04   2.038443e+01     0.002 (  5973      0)     0.000 (  2663      0)
"i:PIO:pio_inq_vartype_file_vid"                              -      24576    24576 7.372800e+04   2.034902e+01     0.002 (  5973      0)     0.000 (  2663      0)
"i:PIO:read_darray_1d_real"                                   -      24576    24576 7.372800e+04   3.130379e+03     0.316 (  2232      0)     0.059 ( 15184      0)
"i:PIO:PIOc_read_darray"                                      -      24576    24576 7.372800e+04   3.130164e+03     0.316 (  2232      0)     0.059 ( 15184      0)
"i:PIO:read_darray_nc"                                        -      24576    24576 7.372800e+04   1.901798e+02     0.277 (  7020      0)     0.000 ( 19767      0)
"i:PIO:rearrange_io2comp"                                     -      24576    24576 7.372800e+04   2.890297e+03     0.280 (  9919      0)     0.001 (     0      0)
"i:PIO:pio_swapm"                                             -      24576    24576 7.372800e+04   2.883343e+03     0.280 (  9918      0)     0.001 (     0      0)
"i:cice_pice_readLBUB_UB_setup"                               -      24576    24576 4.915200e+04   2.169824e-02     0.000 (     0      0)     0.000 (  4096      0)
"i:cice_pice_readLBUB_UB_readpio"                             -      24576    24576 4.915200e+04   3.205579e+03     0.282 (  9684      0)     0.049 (  8840      0)
"i:cice_pice_readLBUB_filemgt"                                -      24576    24576 1.061683e+07   1.927686e+00     0.000 ( 24121      0)     0.000 (  9559      0)
"i:cice_pice_strd_adv_map"                                    -      24576    24576 4.915200e+04   3.560656e+03     0.218 (     7      0)     0.001 ( 13227      0)
"i:cice_pice_strd_adv_tint"                                   -      24576    24576 1.061683e+07   1.056651e+02     0.006 ( 17181      0)     0.004 (  6797      0)
"i:cice_run_initflux"                                         -      24576    24576 1.061683e+07   9.723493e+01     0.005 (  7807      0)     0.004 (  5347      0)
"i:cice_run_prepradiation"                                    -      24576    24576 1.061683e+07   8.070135e+01     0.008 ( 19466      0)     0.003 (  9041      0)
"i:cice_run_therm1"                                           -      24576    24576 1.061683e+07   3.013939e+03     0.458 ( 19542      0)     0.102 (  7619      0)
"i:cice_run_dyn"                                              -      24576    24576 1.061683e+07   1.020577e+00     0.000 ( 23823      0)     0.000 (  3286      0)
"i:cice_run_radiation"                                        -      24576    24576 1.061683e+07   2.020634e+03     0.995 ( 19794      0)     0.050 ( 22409      0)
"i:cice_step_radiationib"                                     -      24576    24576 1.061683e+07   1.764417e+03     0.986 ( 19794      0)     0.042 ( 22413      0)
"i:cice_step_rib_swdedd1"                                     -      24576    24576 1.061683e+07   1.854066e+02     0.016 (  9774      0)     0.003 (  7922      0)
"i:cice_step_rib_swdedd2"                                     -      24576    24576 1.061683e+07   1.492406e+02     0.008 ( 19549      0)     0.006 (  7445      0)
"i:cice_step_rib_swdedd7"                                     -      24576    24576 1.061683e+07   1.296497e+03     0.965 ( 19794      0)     0.024 ( 22397      0)
"i:cice_run_couplingprep"                                     -      24576    24576 1.061683e+07   2.575969e+03     1.185 ( 19795      0)     0.043 ( 22057      0)
"i:ice_HaloUpdate2DR8"                                        -      24576    24576 1.061683e+07   1.544098e+03     1.143 ( 19795      0)     0.004 (  2540      0)
"i:ice_HU2DR8_init"                                           -      24576    24576 1.061683e+07   6.487381e+00     0.001 (  1719      0)     0.000 ( 23714      0)
"i:cice_run_diag"                                             -      24576    24576 1.061683e+07   1.426929e+04     0.695 (  8097      0)     0.427 ( 19862      0)
"i:cice_run_hist"                                             -      24576    24576 1.061683e+07   1.404072e+03     0.088 (  5425      0)     0.041 ( 18758      0)
"i:cice_run_accum"                                            -      24576    24576 1.061683e+07   5.829549e+01     0.003 ( 16357      0)     0.002 ( 13760      0)
"i:cice_run_export"                                           -      24576    24576 1.061683e+07   6.521805e+02     0.033 ( 17797      0)     0.023 (  7115      0)
"CPL:LND_RUN"                                                 -      24576    24576 1.061683e+07   4.312606e+05    20.324 (  1697      0)    14.897 ( 24208      0)
"l:lc_lnd_import"                                             -      24576    24576 1.061683e+07   6.193140e+02     0.113 ( 24137      0)     0.022 ( 12282      0)
"l:elm_run"                                                   -      24576    24576 1.064141e+07   4.294255e+05    20.250 ( 22435      0)    14.820 ( 24208      0)
"l:shr_orb_decl"                                              -      24576    24576 1.064141e+07   9.390289e+00     0.001 ( 10043      0)     0.000 (  8678      0)
"l:decomp_vert"                                               -      24576    24576 1.064141e+07   6.528489e+01     0.219 ( 24139      0)     0.001 ( 20913      0)
"l:beggridwbal"                                               -      24576    24576 1.064141e+07   1.698061e+03     0.099 ( 24133      0)     0.056 ( 18131      0)
"l:cnpinit"                                                   -      24576    24576 1.064141e+07   7.989342e+00     0.001 ( 14909      0)     0.000 ( 19606      0)
"l:cnpvegsumm"                                                -      24576    24576 1.064141e+07   1.748934e+00     0.000 ( 14750      0)     0.000 ( 13264      0)
"l:dyn_subgrid"                                               -      24576    24576 1.064141e+07   1.003734e+04     0.969 (  3062      0)     0.343 ( 13244      0)
"l:begwbal"                                                   -      24576    24576 1.064141e+07   1.690236e+02     0.013 (  3076      0)     0.005 ( 11784      0)
"l:begcnpbal"                                                 -      24576    24576 1.064141e+07   8.269819e-01     0.000 (  4144      0)     0.000 (  6968      0)
"l:drvinit"                                                   -      24576    24576 1.064141e+07   1.104694e+03     0.104 (  9103      0)     0.040 (  6949      0)
"l:canhydro"                                                  -      24576    24576 1.064141e+07   1.892096e+03     0.322 ( 18154      0)     0.050 ( 17789      0)
"l:surfrad"                                                   -      24576    24576 1.064141e+07   3.529667e+03     0.309 ( 18155      0)     0.121 ( 17789      0)
"l:bgp1"                                                      -      24576    24576 1.064141e+07   2.074971e+03     0.131 ( 24300      0)     0.060 ( 17789      0)
"l:bgflux"                                                    -      24576    24576 1.064141e+07   2.606185e+03     0.170 ( 14185      0)     0.063 (  7312      0)
"l:canflux"                                                   -      24576    24576 1.064141e+07   1.064146e+05     6.813 ( 20138      0)     2.532 ( 12404      0)
"l:can_iter"                                                  -      24576    24576 1.064141e+07   8.684981e+04     5.905 ( 20138      0)     1.880 ( 12404      0)
"l:uflux"                                                     -      24576    24576 1.064141e+07   4.501769e+03     0.395 (   402      0)     0.014 ( 17477      0)
"l:bgplake"                                                   -      24576    24576 1.064141e+07   1.122666e+04     0.830 (  3538      0)     0.199 ( 17789      0)
"l:bgc"                                                       -      24576    24576 1.064141e+07   9.054480e+03     0.666 ( 21662      0)     0.174 ( 24208      0)
"l:soiltemperature"                                           -      24576    24576 1.064141e+07   6.534462e+04     3.259 ( 24300      0)     2.231 ( 10860      0)
"l:SoilThermProp"                                             -      24576    24576 1.064141e+07   3.292782e+03     0.210 (  3076      0)     0.088 ( 16085      0)
"l:SoilTempBandDiag"                                          -      24576    24576 2.128282e+07   6.398282e+03     0.452 (  3076      0)     0.176 ( 19683      0)
"l:PhaseChangeH2osfc"                                         -      24576    24576 1.064141e+07   4.006907e+01     0.003 (  3288      0)     0.001 ( 18586      0)
"l:PhaseChangebeta"                                           -      24576    24576 1.064141e+07   1.310834e+03     0.092 ( 24300      0)     0.027 ( 13466      0)
"l:bgp2"                                                      -      24576    24576 1.064141e+07   2.612189e+03     0.149 ( 24300      0)     0.078 ( 13250      0)
"l:bgp2_loop_1"                                               -      24576    24576 1.064141e+07   4.242900e+02     0.024 (  3185      0)     0.012 ( 16612      0)
"l:bgp2_loop_2"                                               -      24576    24576 1.064141e+07   7.417549e+02     0.042 ( 24300      0)     0.023 ( 17789      0)
"l:bgp2_loop_3"                                               -      24576    24576 1.064141e+07   1.124603e+03     0.065 ( 24300      0)     0.030 ( 13251      0)
"l:bgp2_loop_4"                                               -      24576    24576 1.064141e+07   2.786416e+02     0.015 ( 24300      0)     0.009 ( 17902      0)
"l:patch2col"                                                 -      24576    24576 1.064141e+07   1.405308e+03     0.081 (  3076      0)     0.043 ( 17789      0)
"l:hydro without drainage"                                    -      24576    24576 1.064141e+07   2.018810e+04     1.214 ( 24300      0)     0.620 ( 13766      0)
"l:hylake"                                                    -      24576    24576 1.064141e+07   1.960679e+03     0.198 (   752      0)     0.058 ( 20098      0)
"l:snow_init"                                                 -      24576    24576 1.064141e+07   1.562840e+02     0.017 (  5527      0)     0.003 ( 18061      0)
"l:ecosysdyn"                                                 -      24576    24576 1.064141e+07   5.059590e+02     0.027 ( 24300      0)     0.016 ( 11540      0)
"l:depvel"                                                    -      24576    24576 2.128282e+07   8.559153e+00     0.017 (  3807      0)     0.000 ( 13489      0)
"l:hydro2 drainage"                                           -      24576    24576 1.064141e+07   1.479449e+03     0.096 ( 24300      0)     0.041 ( 13244      0)
"l:balchk"                                                    -      24576    24576 1.064141e+07   1.894171e+03     0.088 (  3185      0)     0.066 ( 18610      0)
"l:gridbalchk"                                                -      24576    24576 1.064141e+07   1.081880e+03     0.052 (  3118      0)     0.038 ( 23810      0)
"l:lnd2atm"                                                   -      24576    24576 1.064141e+07   8.097806e+03     0.422 ( 17764      0)     0.286 ( 23810      0)
"l:wrtdiag"                                                   -      24576    24576 1.064141e+07   1.012543e+02     0.016 (     0      0)     0.003 ( 14073      0)
"l:hbuf"                                                      -      24576    24576 1.064141e+07   3.071291e+04     1.411 (   587      0)     1.098 ( 18610      0)
"l:elm_drv_io"                                                -      24576    24576 1.064141e+07   3.462220e+01     0.008 (  5435      0)     0.001 ( 17642      0)
"l:elm_drv_io_htapes"                                         -      24576    24576 1.064141e+07   2.693260e+01     0.008 (  5435      0)     0.001 (  5421      0)
"l:lc_lnd_export"                                             -      24576    24576 1.064141e+07   3.054478e+02     0.015 (  4162      0)     0.012 (  8758      0)
"l:lc_elm2_adv_timestep"                                      -      24576    24576 1.064141e+07   7.031379e+00     0.001 ( 10114      0)     0.000 ( 19536      0)
"l:accum"                                                     -      24576    24576 1.061683e+07   5.681304e+03     0.352 ( 18155      0)     0.215 (   197      0)
"CPL:ATMOCNP"                                                 -      24576    24576 1.061683e+07   4.427578e+03     0.287 ( 15228      0)     0.037 ( 22672      0)
"CPL:atmocnp_fluxo"                                           -      24576    24576 1.061683e+07   3.744524e+03     0.265 ( 15228      0)     0.011 (  2722      0)
"CPL:atmocnp_ocnalb"                                          -      24576    24576 1.061683e+07   6.592906e+02     0.042 ( 18278      0)     0.018 ( 22689      0)
"CPL:L2C"                                                     -      24576    24576 1.061683e+07   2.209342e+04     2.743 (  2251      0)     0.140 ( 24512      0)
"CPL:l2c_lndl2lndx"                                           -      24576    24576 1.061683e+07   2.205338e+04     2.741 (  2251      0)     0.138 ( 24512      0)
"lnd2cpl_run"                                                 -      24576    24576 1.061683e+07   2.481637e+01     0.001 ( 24185      0)     0.001 (  2451      0)
"CPL:LNDPOST"                                                 -      24576    24576 1.061683e+07   7.349035e+00     0.000 (   129      0)     0.000 ( 20859      0)
"CPL:I2C"                                                     -      24576    24576 1.061683e+07   6.218884e+02     0.030 (  5319      0)     0.024 ( 20986      0)
"CPL:i2c_icei2icex"                                           -      24576    24576 1.061683e+07   5.931582e+02     0.029 (  5319      0)     0.023 ( 20986      0)
"CPL:i2c_infoexch"                                            -      24576    24576 1.061683e+07   1.304840e+01     0.001 (  6632      0)     0.000 (  2831      0)
"CPL:ICEPOST"                                                 -      24576    24576 1.061683e+07   8.041851e-01     0.000 (  7710      0)     0.000 (  5288      0)
"CPL:FRACSET"                                                 -      24576    24576 1.061683e+07   1.649668e+03     0.070 (  5318      0)     0.065 (  7654      0)
"CPL:fracset_fracset"                                         -      24576    24576 1.061683e+07   1.645803e+03     0.070 (  5318      0)     0.065 (  7654      0)
"CPL:ATMPREP"                                                 -      24576    24576 1.061683e+07   3.492256e+04     2.782 (  2431      0)     0.673 ( 10662      0)
"CPL:atmprep_xao2atm"                                         -      24576    24576 1.061683e+07   3.271122e+03     0.142 ( 10317      0)     0.129 ( 18636      0)
"CPL:atmprep_ocn2atm"                                         -      24576    24576 1.061683e+07   2.953992e+03     0.129 (  5319      0)     0.116 ( 12288      0)
"CPL:atmprep_alb2atm"                                         -      24576    24576 1.061683e+07   1.333206e+03     0.059 ( 16261      0)     0.051 ( 22956      0)
"CPL:atmprep_ice2atm"                                         -      24576    24576 1.061683e+07   3.301418e+03     0.145 (  5316      0)     0.129 ( 23268      0)
"CPL:atmprep_lnd2atm"                                         -      24576    24576 1.061683e+07   2.195526e+04     2.255 (  2431      0)     0.148 ( 10662      0)
"CPL:atmprep_mrgx2a"                                          -      24576    24576 1.061683e+07   2.057247e+03     0.095 ( 22629      0)     0.077 (  2920      0)
"CPL:C2A"                                                     -      24576    24576 1.061683e+07   6.545187e+04     3.956 ( 14941      0)     1.270 (  7309      0)
"CPL:c2a_atmx2atmg"                                           -      24576    24576 1.061683e+07   3.105499e+04     2.963 (  4194      0)     0.242 ( 23062      0)
"CPL:c2a_infoexch"                                            -      24576    24576 1.061683e+07   3.438349e+04     2.384 ( 16757      0)     0.317 (  9155      0)
"CPL:ATM_RUN"                                                 -      24576    24576 1.061683e+07   4.723364e+06   196.064 (  7781      0)   188.980 ( 11176      0)
"a:EAMxx::run"                                                -      24576    24576 1.061683e+07   4.721684e+06   195.996 (  7781      0)   188.912 ( 11176      0)
"a:PIO:PIOc_sync"                                             -      24576    24576 2.457600e+04   7.050911e-01     0.000 ( 23568      0)     0.000 ( 16778      0)
"a:PIO:write_total"                                           -      24576    24576 2.457600e+04   6.372650e-01     0.000 (  3384      0)     0.000 (  9106      0)
"a:PIO:flush_output_buffer"                                   -       2048     2048 2.048000e+03   2.814843e-01     0.000 ( 23568      0)     0.000 (  9096      0)
"a:EAMxx::EAMxx::run"                                         -      24576    24576 1.061683e+07   4.719658e+06   195.916 (  7781      0)   188.831 ( 11176      0)
"a:EAMxx::EAMxx::run-precondition-checks"                     -      24576    24576 1.061683e+07   4.860613e+00     0.000 ( 20156      0)     0.000 ( 19555      0)
"a:EAMxx::SurfaceCouplingImporter::run"                       -      24576    24576 1.061683e+07   8.460395e+03     0.657 ( 14256      0)     0.303 (  3632      0)
"a:EAMxx::SurfaceCouplingImporter::run-precondition-checks"   -      24576    24576 1.061683e+07   1.961303e+00     0.000 ( 21449      0)     0.000 ( 16133      0)
"a:EAMxx::SurfaceCouplingImporter::run-postcondition-checks"  -      24576    24576 1.061683e+07   7.440318e+03     0.615 ( 14256      0)     0.262 ( 19752      0)
"a:EAMxx::homme::run"                                         -      24576    24576 1.061683e+07   4.399913e+06   179.518 (     7      0)   178.662 ( 13402      0)
"a:EAMxx::homme::run-precondition-checks"                     -      24576    24576 1.061683e+07   1.757231e+00     0.000 ( 14743      0)     0.000 ( 12021      0)
"a:tl-sc prim_run_subcycle_c"                                 -      24576    24576 2.123366e+07   4.276167e+06   174.324 (     9      0)   173.642 ( 14258      0)
"a:tl-s prim_step_flexible"                                   -      24576    24576 2.123366e+07   4.276068e+06   174.320 (     9      0)   173.638 ( 14258      0)
"a:ApplyCAMForcing_tracers"                                   -      24576    24576 1.061683e+07   6.849236e+03     0.578 ( 10671      0)     0.223 (  6890      0)
"a:tl-s deep_copy+derived_dp"                                 -      24576    24576 2.123366e+07   1.135468e+03     0.092 (  8271      0)     0.042 ( 12884      0)
"a:ApplyCAMForcing_dynamics"                                  -      24576    24576 6.370099e+07   7.364003e+03     0.467 ( 21697      0)     0.275 (  9314      0)
"a:tl-ae prim_advance_exp"                                    -      24576    24576 1.274020e+08   3.441970e+06   144.543 (  4515      0)   137.330 ( 11653      0)
"a:ttype9_imex_timestep"                                      -      24576    24576 1.274020e+08   2.934627e+06   126.444 (  4511      0)   115.939 ( 10244      0)
"a:caar compute"                                              -      24576    24576 1.274020e+09   6.520463e+05    27.903 (  5769      0)    25.454 (  8348      0)
"a:caar_bexchV"                                               -      24576    24576 6.370099e+08   7.569777e+05    38.475 (  4533      0)    25.372 (  4435      0)
"a:caar limiter"                                              -      24576    24576 7.644119e+08   4.416526e+05    22.003 ( 15701      0)    15.453 (  9118      0)
"a:compute_stage_value_dirk"                                  -      24576    24576 6.370099e+08   1.068263e+06    48.688 (  9588      0)    41.620 (  8232      0)
"a:tl-ae advance_hypervis_dp"                                 -      24576    24576 1.274020e+08   5.033671e+05    25.400 (  4460      0)    16.998 ( 21119      0)
"a:hvf-bhwk"                                                  -      24576    24576 1.274020e+08   2.566204e+05    13.086 ( 21770      0)     8.635 ( 19999      0)
"a:hvf-bexch"                                                 -      24576    24576 3.822060e+08   2.970132e+05    17.182 (  4460      0)     8.665 ( 16511      0)
"a:tl-sc vertical_remap"                                      -      24576    24576 6.370099e+07   1.891388e+05     8.290 ( 22327      0)     7.164 ( 24157      0)
"a:Remap Thickness Functor"                                   -      24576    24576 6.370099e+07   6.871897e+03     0.393 ( 19939      0)     0.262 (  8938      0)
"a:Remap Scale States Functor"                                -      24576    24576 6.370099e+07   3.481953e+03     0.236 ( 24101      0)     0.129 ( 19964      0)
"a:Remap Compute Grids Functor"                               -      24576    24576 6.370099e+07   1.452618e+04     0.640 (  7536      0)     0.573 ( 17740      0)
"a:Remap Compute Remap Functor"                               -      24576    24576 6.370099e+07   1.237714e+05     5.553 ( 18358      0)     4.495 ( 24157      0)
"a:Remap Rescale States Functor"                              -      24576    24576 6.370099e+07   5.946525e+03     0.425 ( 17185      0)     0.197 (  5818      0)
"a:tl-at prim_advec_tracers_compose"                          -      24576    24576 2.123366e+07   6.016262e+05    26.958 ( 11706      0)    20.135 (  4508      0)
"a:compose_transport"                                         -      24576    24576 2.123366e+07   6.013553e+05    26.947 ( 11706      0)    20.124 (  4508      0)
"a:compose_calc_trajectory"                                   -      24576    24576 2.123366e+07   5.691161e+04     2.875 (  9154      0)     1.631 (  2807      0)
"a:compose_3d_levels"                                         -      24576    24576 2.123366e+07   3.128368e+04     1.566 ( 23155      0)     0.910 (   466      0)
"a:compose_v_bexchv"                                          -      24576    24576 2.123366e+07   2.303032e+04     1.766 ( 15934      0)     0.540 (  9319      0)
"a:compose_v2x"                                               -      24576    24576 2.123366e+07   2.511018e+03     0.514 ( 17687      0)     0.063 (  1646      0)
"a:compose_isl"                                               -      24576    24576 2.123366e+07   1.728035e+05     9.735 ( 16835      0)     5.039 ( 21032      0)
"a:compose_hypervis_scalar"                                   -      24576    24576 2.123366e+07   1.579832e+05     9.496 ( 18535      0)     4.064 ( 15441      0)
"a:compose_cedr_global"                                       -      24576    24576 2.123366e+07   1.824183e+05     9.862 (  6184      0)     5.472 (  4525      0)
"a:repro_sum_int"                                             -      24576    24576 2.123366e+07   1.607111e+05     8.966 (  6180      0)     4.612 (  4525      0)
"a:compose_cedr_local"                                        -      24576    24576 2.123366e+07   9.611948e+03     0.571 ( 12183      0)     0.298 ( 15550      0)
"a:compose_dss_q"                                             -      24576    24576 2.123366e+07   2.146443e+04     1.113 (  3817      0)     0.660 (  6499      0)
"a:compose_vertical_remap"                                    -      24576    24576 2.123366e+07   2.708146e+04     1.236 (  7391      0)     1.002 ( 11850      0)
"a:shr_reprosum_INF_NaN_Chk"                                  -      24576    24576 2.123366e+07   4.105946e+02     0.027 ( 10964      0)     0.016 ( 23809      0)
"a:shr_reprosum_int"                                          -      24576    24576 2.123366e+07   3.842527e+04     1.762 (  4099      0)     1.345 ( 10607      0)
"a:repro_sum_loopa"                                           -      24576    24576 2.123366e+07   2.114317e+02     0.017 ( 16782      0)     0.008 (  5020      0)
"a:repro_sum_allr_minmax"                                     -      24576    24576 2.123366e+07   2.756502e+04     1.327 ( 24156      0)     0.914 ( 10607      0)
"a:repro_sum_loopb"                                           -      24576    24576 2.123366e+07   5.257962e+02     0.030 ( 20135      0)     0.021 ( 23837      0)
"a:repro_sum_allr_i8"                                         -      24576    24576 2.123366e+07   1.000129e+04     0.424 (  5535      0)     0.386 ( 20135      0)
"a:repro_sum_finalsum"                                        -      24576    24576 2.123366e+07   2.041137e+01     0.031 ( 16776      0)     0.001 (  4545      0)
"a:EAMxx::homme::run-postcondition-checks"                    -      24576    24576 1.061683e+07   1.135370e+04     1.037 (  3071      0)     0.380 (  6668      0)
"a:EAMxx::physics::run"                                       -      24576    24576 1.061683e+07   3.011441e+05    16.091 (  7781      0)     9.167 ( 11180      0)
"a:EAMxx::physics::run-precondition-checks"                   -      24576    24576 1.061683e+07   2.867495e+00     0.000 ( 15950      0)     0.000 ( 15144      0)
"a:EAMxx::mac_aero_mic::run"                                  -      24576    24576 1.061683e+07   1.435101e+05     8.380 ( 10404      0)     4.215 ( 20864      0)
"a:EAMxx::mac_aero_mic::run-precondition-checks"              -      24576    24576 1.061683e+07   1.684254e+00     0.000 ( 12546      0)     0.000 ( 21809      0)
"a:EAMxx::tms::run"                                           -      24576    24576 1.061683e+07   7.253927e+03     0.832 ( 23087      0)     0.040 (  7334      0)
"a:EAMxx::tms::run-precondition-checks"                       -      24576    24576 1.061683e+07   1.587307e+00     0.000 ( 22205      0)     0.000 ( 14206      0)
"a:EAMxx::tms::run-postcondition-checks"                      -      24576    24576 1.061683e+07   7.118933e+02     0.036 ( 21465      0)     0.025 ( 21542      0)
"a:EAMxx::shoc::run"                                          -      24576    24576 1.061683e+07   5.302780e+04     3.616 (  4076      0)     1.601 ( 10498      0)
"a:EAMxx::shoc::run-precondition-checks"                      -      24576    24576 1.061683e+07   1.642722e+00     0.000 ( 22738      0)     0.000 ( 18257      0)
"a:EAMxx::shoc::preprocess"                                   -      24576    24576 1.061683e+07   1.578280e+03     0.807 (  8848      0)     0.005 ( 14635      0)
"a:EAMxx::shoc::shoc_main"                                    -      24576    24576 1.061683e+07   3.287793e+04     2.520 (  2193      0)     0.888 ( 11486      0)
"a:EAMxx::shoc::postprocess"                                  -      24576    24576 1.061683e+07   3.149466e+02     0.368 ( 17508      0)     0.009 (  9244      0)
"a:EAMxx::shoc::run-postcondition-checks"                     -      24576    24576 1.061683e+07   1.014345e+04     0.455 ( 13638      0)     0.397 (  9244      0)
"a:EAMxx::cld_fraction::run"                                  -      24576    24576 1.061683e+07   3.200467e+03     0.396 ( 16229      0)     0.123 (  5456      0)
"a:EAMxx::cld_fraction::run-precondition-checks"              -      24576    24576 1.061683e+07   3.172091e+00     0.000 ( 15931      0)     0.000 (  1472      0)
"a:EAMxx::cld_fraction::run-postcondition-checks"             -      24576    24576 1.061683e+07   2.747240e+03     0.117 ( 13069      0)     0.108 ( 12384      0)
"a:EAMxx::spa::run"                                           -      24576    24576 1.061683e+07   2.048606e+04     1.547 ( 18155      0)     0.652 ( 10666      0)
"a:EAMxx::spa::run-precondition-checks"                       -      24576    24576 1.061683e+07   1.980799e+00     0.000 ( 23117      0)     0.000 ( 23494      0)
"a:EAMxx::spa::run-postcondition-checks"                      -      24576    24576 1.061683e+07   1.077634e+04     0.650 ( 24141      0)     0.408 ( 22874      0)
"a:EAMxx::p3::run"                                            -      24576    24576 1.061683e+07   5.914136e+04     4.777 ( 10395      0)     1.310 ( 20864      0)
"a:EAMxx::p3::run-precondition-checks"                        -      24576    24576 1.061683e+07   9.075980e+02     0.505 ( 21371      0)     0.035 (  7734      0)
"a:EAMxx::p3::run-postcondition-checks"                       -      24576    24576 1.061683e+07   2.085097e+04     1.075 ( 13395      0)     0.565 (  9569      0)
"a:EAMxx::mac_aero_mic::run-postcondition-checks"             -      24576    24576 1.061683e+07   2.904310e+00     0.000 (  1540      0)     0.000 ( 24040      0)
"a:EAMxx::rrtmgp::run"                                        -      24576    24576 1.061683e+07   1.572435e+05     9.077 ( 19453      0)     4.127 (  8874      0)
"a:EAMxx::rrtmgp::run-precondition-checks"                    -      24576    24576 1.061683e+07   4.736696e+02     0.023 ( 14442      0)     0.018 ( 22756      0)
"a:EAMxx::rrtmgp::run-postcondition-checks"                   -      24576    24576 1.061683e+07   1.557195e+04     0.724 (  7281      0)     0.565 (  4336      0)
"a:EAMxx::physics::run-postcondition-checks"                  -      24576    24576 1.061683e+07   2.344696e+00     0.000 ( 20047      0)     0.000 ( 18289      0)
"a:EAMxx::SurfaceCouplingExporter::run"                       -      24576    24576 1.061683e+07   9.170315e+03     0.414 ( 15486      0)     0.335 ( 10244      0)
"a:EAMxx::SurfaceCouplingExporter::run-precondition-checks"   -      24576    24576 1.061683e+07   3.493304e+00     0.000 ( 15931      0)     0.000 ( 18630      0)
"a:EAMxx::SurfaceCouplingExporter::run-postcondition-checks"  -      24576    24576 1.061683e+07   4.393082e+00     0.000 (   530      0)     0.000 ( 18357      0)
"a:EAMxx::EAMxx::run-postcondition-checks"                    -      24576    24576 1.061683e+07   1.867444e+00     0.000 ( 20495      0)     0.000 ( 12157      0)
"a:EAMxx::IO::restart"                                        -      24576    24576 1.061683e+07   1.156298e+02     0.083 (  5952      0)     0.002 (  9741      0)
"a:EAMxx::IO::model_restart"                                  -      24576    24576 1.061683e+07   1.055582e+02     0.082 (  5952      0)     0.002 ( 18495      0)
"a:EAMxx::IO::restart::get_new_file"                          -      24576    24576 1.061683e+07   1.614925e+00     0.000 (  3406      0)     0.000 ( 16546      0)
"a:EAMxx::IO::restart::run_output_streams"                    -      24576    24576 1.061683e+07   7.588702e+01     0.081 (  5961      0)     0.001 (  7111      0)
"a:EAMxx::IO::standard"                                       -      24576    24576 1.061683e+07   2.455152e+01     0.001 ( 15678      0)     0.001 ( 14635      0)
"a:EAMxx::IO::nooutput.yaml"                                  -      24576    24576 1.061683e+07   1.766124e+01     0.001 (  6724      0)     0.001 ( 13217      0)
"a:EAMxx::IO::standard::get_new_file"                         -      24576    24576 1.061683e+07   7.744319e-01     0.000 ( 13268      0)     0.000 (   107      0)
"a:EAMxx::IO::standard::run_output_streams"                   -      24576    24576 1.061683e+07   1.715640e+00     0.000 (  3808      0)     0.000 ( 13564      0)
"CPL:A2C"                                                     -      24576    24576 1.061683e+07   1.081084e+05     7.678 ( 11176      0)     1.117 (  4490      0)
"CPL:a2c_atma2atmx"                                           -      24576    24576 1.061683e+07   6.137990e+04     6.436 ( 17139      0)     0.197 (  8311      0)
"CPL:a2c_infoexch"                                            -      24576    24576 1.061683e+07   4.669945e+04     5.136 ( 13105      0)     0.034 (     0      0)
"CPL:ATMPOST"                                                 -      24576    24576 1.061683e+07   5.390093e+00     0.000 (  9474      0)     0.000 (  5297      0)
"CPL:HISTORY"                                                 -      24576    24576 1.061683e+07   2.653119e+01     0.002 (  6924      0)     0.001 ( 22708      0)
"CPL:cime_run_write_history"                                  -      24576    24576 1.061683e+07   2.016160e+01     0.001 ( 19980      0)     0.001 (  6472      0)
"CPL:TSTAMP_WRITE"                                            -      24576    24576 1.061683e+07   7.021749e+00     0.001 (  4000      0)     0.000 ( 14368      0)
"CPL:TPROF_WRITE"                                             -      24576    24576 1.061683e+07   3.456812e+00     0.000 (  9267      0)     0.000 ( 13172      0)
"CPL:C2O_INITWAIT"                                            -      24576    24576 1.059226e+07   3.784995e+05    16.520 (     4      0)    13.469 ( 21455      0)
"l:interpMonthlyVeg"                                          -      24576    24576 1.059226e+07   1.069106e+05     4.375 (     0      0)     4.319 (  4633      0)
"l:readMonthlyVeg"                                            -      24576    24576 2.457600e+04   1.069010e+05     4.374 (     0      0)     4.290 (  3809      0)
"l:PIO:openfile"                                              -      24576    24576 2.457600e+04   3.883510e+03     0.237 ( 13947      0)     0.038 (  3815      0)
"l:PIO:pio_inq_varid_file_vdesc"                              -      24576    24576 1.966080e+05   4.588328e+01     0.014 (  4633      0)     0.000 ( 13655      0)
"l:PIO:pio_inq_varid_file_vid"                                -      24576    24576 1.966080e+05   4.579364e+01     0.014 (  4633      0)     0.000 ( 13655      0)
"l:PIO:pio_inq_varndims_file_vdesc"                           -      24576    24576 1.966080e+05   3.058776e+01     0.312 (  8185      0)     0.000 (  8675      0)
"l:PIO:pio_inq_varndims_file_vid"                             -      24576    24576 1.966080e+05   3.051867e+01     0.312 (  8188      0)     0.000 ( 17891      0)
"l:PIO:pio_inq_vardimid_file_vdesc"                           -      24576    24576 1.966080e+05   6.112413e+01     0.005 (   928      0)     0.001 ( 20629      0)
"l:PIO:pio_inq_vardimid_file_vid"                             -      24576    24576 1.966080e+05   6.106740e+01     0.005 (   928      0)     0.001 ( 20629      0)
"l:PIO:pio_inq_dimname_file_dimid"                            -      24576    24576 1.671168e+06   1.507507e+02     0.014 (  6242      0)     0.002 ( 20076      0)
"l:PIO:pio_inq_dimlen_file_dimid"                             -      24576    24576 3.932160e+05   2.544157e+01     0.002 (   926      0)     0.000 ( 22032      0)
"l:PIO:pio_inq_dimlen_file_dimid_offlen"                      -      24576    24576 3.932160e+05   2.534600e+01     0.002 (   926      0)     0.000 ( 22032      0)
"l:PIO:pio_inquire_file"                                      -      24576    24576 7.372800e+05   4.445079e+01     0.005 (  6247      0)     0.001 ( 22040      0)
"l:PIO:pio_inq_ndims_file"                                    -      24576    24576 7.372800e+05   4.428967e+01     0.005 (  6247      0)     0.001 ( 22032      0)
"l:PIO:initdecomp"                                            -      24576    24576 2.457600e+04   2.529883e+04     1.030 (  3453      0)     1.029 ( 15983      0)
"l:PIO:PIOc_initdecomp"                                       -      24576    24576 2.457600e+04   2.529848e+04     1.030 (  3453      0)     1.029 ( 15983      0)
"l:PIO:box_rearrange_create"                                  -      24576    24576 2.457600e+04   2.525697e+04     1.028 (  2259      0)     1.028 ( 14663      0)
"l:PIO:pio_swapm"                                             -      24576    24576 2.703360e+05   9.793647e+04     4.103 ( 11680      0)     2.396 (  1656      0)
"l:PIO:read_darray_3d_double"                                 -      24576    24576 1.966080e+05   7.537258e+04     3.093 (  8971      0)     2.725 (  8188      0)
"l:PIO:PIOc_read_darray"                                      -      24576    24576 1.966080e+05   7.537199e+04     3.093 (  8971      0)     2.725 (  8188      0)
"l:PIO:read_darray_nc"                                        -      24576    24576 1.966080e+05   1.374923e+03     1.533 (  1776      0)     0.000 (  1685      0)
"l:PIO:rearrange_io2comp"                                     -      24576    24576 1.966080e+05   7.389198e+04     3.090 (  8971      0)     1.481 (  1776      0)
"l:PIO:closefile"                                             -      24576    24576 2.457600e+04   3.620888e+01     0.048 (  4632      0)     0.000 ( 21491      0)
"l:PIO:PIOc_closefile"                                        -      24576    24576 2.457600e+04   3.617031e+01     0.048 (  4632      0)     0.000 ( 21491      0)
"l:surfalb"                                                   -      24576    24576 1.059226e+07   2.077413e+04     1.071 (  8706      0)     0.661 (   197      0)
"l:urbsurfalb"                                                -      24576    24576 1.059226e+07   4.110979e+03     0.226 (  9096      0)     0.132 (   197      0)
"CPL:OCNT_RUN"                                                -      24576    24576 1.059226e+07   4.772148e+03     0.374 (     0      0)     0.112 ( 22151      0)
"o:DOCN_RUN"                                                  -      24576    24576 1.059226e+07   4.526695e+03     0.322 (     0      0)     0.102 ( 22151      0)
"o:docn_run1"                                                 -      24576    24576 1.059226e+07   1.014666e+01     0.001 (  8799      0)     0.000 ( 12645      0)
"o:docn"                                                      -      24576    24576 1.059226e+07   4.493594e+03     0.318 (     0      0)     0.101 ( 22151      0)
"o:docn_strdata_advance"                                      -      24576    24576 1.059226e+07   2.704765e+03     0.140 ( 19667      0)     0.027 ( 22151      0)
"o:docn_strd_adv_total"                                       -      24576    24576 1.059226e+07   2.690754e+03     0.139 ( 19667      0)     0.027 ( 22151      0)
"o:docn_strd_adv_readLBUB"                                    -      24576    24576 1.059226e+07   1.341318e+03     0.121 (  1762      0)     0.013 (     7      0)
"o:docn_readLBUB_setup"                                       -      24576    24576 1.059226e+07   3.442922e+00     0.000 (   293      0)     0.000 ( 15046      0)
"o:docn_readLBUB_filemgt"                                     -      24576    24576 1.059226e+07   1.928989e+00     0.000 ( 18216      0)     0.000 (  2139      0)
"o:docn_strd_adv_tint"                                        -      24576    24576 1.059226e+07   9.586698e+01     0.006 (  9701      0)     0.003 ( 18244      0)
"o:docn_scatter"                                              -      24576    24576 1.059226e+07   1.528931e+03     0.069 ( 23194      0)     0.059 ( 11396      0)
"o:docn_datamode"                                             -      24576    24576 1.059226e+07   4.912376e+01     0.003 (  1998      0)     0.002 (  7139      0)
"o:docn_run2"                                                 -      24576    24576 1.059226e+07   8.549014e-01     0.003 (     0      0)     0.000 (  4901      0)
"CPL:O2CT"                                                    -      24576    24576 1.059226e+07   3.109887e+04     4.208 ( 12600      0)     0.090 (     0      0)
"CPL:o2c_ocno2ocnx"                                           -      24576    24576 1.059226e+07   2.613100e+02     0.014 (  5321      0)     0.009 (  5794      0)
"CPL:o2c_infoexch"                                            -      24576    24576 1.059226e+07   3.082080e+04     4.196 ( 12600      0)     0.077 (     0      0)
"CPL:OCNPOSTT"                                                -      24576    24576 1.059226e+07   6.399010e+00     0.000 ( 22649      0)     0.000 ( 15445      0)
"i:cice_pice_readLBUB_LB_copy"                                -      24576    24576 2.457600e+04   2.039330e-02     0.000 ( 13121      0)     0.000 (  7626      0)
"o:docn_readLBUB_fbound"                                      -      24576    24576 2.457600e+04   2.883785e-03     0.000 (     0      0)     0.000 (  9289      0)
"o:docn_readLBUB_bcast"                                       -      24576    24576 2.457600e+04   1.738183e+02     0.017 ( 14226      0)     0.000 (  1630      0)
"o:docn_readLBUB_LB_copy"                                     -      24576    24576 2.457600e+04   2.451749e-02     0.000 ( 20402      0)     0.000 ( 21493      0)
"o:docn_readLBUB_UB_setup"                                    -      24576    24576 2.457600e+04   1.038163e-02     0.000 (     0      0)     0.000 (  5508      0)
"o:docn_readLBUB_UB_readpio"                                  -      24576    24576 2.457600e+04   1.136759e+03     0.114 (  1020      0)     0.012 (    13      0)
"o:PIO:pio_inq_varid_file_vdesc"                              -      24576    24576 4.915200e+04   1.696026e+01     0.008 ( 14404      0)     0.000 (  6028      0)
"o:PIO:pio_inq_varid_file_vid"                                -      24576    24576 4.915200e+04   1.693391e+01     0.008 ( 14403      0)     0.000 (  6028      0)
"o:PIO:pio_inq_varndims_file_vdesc"                           -      24576    24576 2.457600e+04   4.565178e+00     0.002 (     0      0)     0.000 ( 10167      0)
"o:PIO:pio_inq_varndims_file_vid"                             -      24576    24576 2.457600e+04   4.545773e+00     0.002 (     0      0)     0.000 ( 10167      0)
"o:PIO:pio_inq_vardimid_file_vdesc"                           -      24576    24576 2.457600e+04   1.404630e+01     0.001 (  3593      0)     0.000 (  2617      0)
"o:PIO:pio_inq_vardimid_file_vid"                             -      24576    24576 2.457600e+04   1.402920e+01     0.001 (  3588      0)     0.000 (  2617      0)
"o:PIO:pio_inq_dimlen_file_dimid"                             -      24576    24576 7.372800e+04   8.725609e+00     0.000 (  3665      0)     0.000 ( 16522      0)
"o:PIO:pio_inq_dimlen_file_dimid_offlen"                      -      24576    24576 7.372800e+04   8.689844e+00     0.000 (  3665      0)     0.000 (  3860      0)
"o:PIO:pio_inq_vartype_file_vdesc"                            -      24576    24576 2.457600e+04   6.823636e+00     0.001 (    10      0)     0.000 ( 16889      0)
"o:PIO:pio_inq_vartype_file_vid"                              -      24576    24576 2.457600e+04   6.808502e+00     0.001 (     8      0)     0.000 ( 17087      0)
"o:PIO:read_darray_1d_real"                                   -      24576    24576 2.457600e+04   1.049303e+03     0.110 (  1020      0)     0.010 (     2      0)
"o:PIO:PIOc_read_darray"                                      -      24576    24576 2.457600e+04   1.049209e+03     0.110 (  1020      0)     0.010 (     1      0)
"o:PIO:read_darray_nc"                                        -      24576    24576 2.457600e+04   6.242566e+01     0.110 (  1020      0)     0.000 ( 22699      0)
"o:PIO:rearrange_io2comp"                                     -      24576    24576 2.457600e+04   9.807749e+02     0.108 (  1423      0)     0.000 (     0      0)
"o:PIO:pio_swapm"                                             -      24576    24576 2.457600e+04   9.797672e+02     0.108 (  1423      0)     0.000 (     0      0)
"o:docn_strd_adv_fill"                                        -      24576    24576 2.457600e+04   6.124131e+00     0.000 (  4668      0)     0.000 ( 23809      0)
"o:docn_strd_adv_map"                                         -      24576    24576 2.457600e+04   1.189589e+03     0.104 (    14      0)     0.000 ( 21451      0)
"CPL:RUN_LOOP_BSTOP"                                          -      24576    24576 2.457600e+04   2.265208e+01     0.001 (  3054      0)     0.000 ( 19197      0)
"CPL:FINAL"                                                   -      24576    24576 2.457600e+04   8.077764e+03     0.330 (     0      0)     0.328 ( 12560      0)
"CPL:cime_final"                                              -      24576    24576 2.457600e+04   8.077728e+03     0.330 (     0      0)     0.328 ( 12560      0)
"o_f:DOCN_FINAL"                                              -      24576    24576 2.457600e+04   2.330092e-01     0.000 ( 24392      0)     0.000 ( 24360      0)
"a_f:EAMxx::finalize"                                         y      24576    24576 2.457600e+04   4.623168e+03     0.298 (  4419      0)     0.056 (  6666      0)
"a_f:PIO:PIOc_sync"                                           -      24576    24576 2.457600e+04   5.220488e-01     0.000 (  5316      0)     0.000 ( 17221      0)
"a_f:PIO:write_total"                                         -      24576    24576 4.915200e+04   1.425331e+01     0.041 ( 23952      0)     0.000 ( 17221      0)
"a_f:PIO:flush_output_buffer"                                 -       2048     2048 4.096000e+03   2.613151e-01     0.000 ( 12852      0)     0.000 ( 22308      0)
"a_f:PIO:PIOc_closefile"                                      -      24576    24576 4.915200e+04   2.367715e+02     0.233 ( 19116      0)     0.000 ( 21440      0)
"a_f:PIO:PIOc_closefile_write_mode"                           -      24576    24576 2.457600e+04   1.376952e+01     0.041 ( 23952      0)     0.000 ( 12410      0)
"a_f:PIO:PIOc_freedecomp"                                     -      24576    24576 3.194880e+05   3.477269e+00     0.001 (   444      0)     0.000 (  7923      0)
"PIO:finalize"                                                -      24576    24576 2.457600e+05   2.521283e+03     0.250 ( 23814      0)     0.002 (  9204      0)
"PIO:PIOc_finalize"                                           -      24576    24576 2.457600e+05   2.515314e+03     0.250 ( 23814      0)     0.002 (  9204      0)
"CPL:FINAL_sync1_tprf"                                        -      24576    24576 2.457600e+04   3.433922e+01     0.002 ( 10325      0)     0.000 (     0      0)
"CPL:FINAL_t_prf"                                             y          0        0 0.000000e+00   0.000000e+00     0.000 (     0      0)     0.000 (     0      0)

