
***** GLOBAL STATISTICS ( 12288 MPI TASKS) *****

$Id: gptl.c,v 1.157 2011-03-28 20:55:18 rosinski Exp $
'count' is cumulative. All other stats are max/min
'on' indicates whether the timer was active during output, and so stats are lower or upper bounds.

name                                                         on  processes  threads        count      walltotal   wallmax (proc   thrd  )   wallmin (proc   thrd  )
"CPL:INIT"                                                    -      12288    12288 1.228800e+04   6.785787e+06   684.984 ( 10309      0)   509.229 (  4460      0)
"CPL:cime_pre_init1"                                          -      12288    12288 1.228800e+04   5.648733e+05   178.723 ( 10317      0)     2.971 (  4453      0)
"CPL:mpi_init"                                                -      12288    12288 1.228800e+04   5.412846e+05   176.809 ( 10309      0)     1.057 (  4454      0)
"CPL:ESMF_Initialize"                                         -      12288    12288 1.228800e+04   1.424578e+02     0.029 (  9252      0)     0.000 (  5616      0)
"CPL:cime_pre_init2"                                          -      12288    12288 1.228800e+04   2.663961e+04     2.271 (  9222      0)     1.123 (    11      0)
"CPL:seq_infodata_init"                                       -      12288    12288 1.228800e+04   2.894090e+03     0.757 (  8212      0)     0.010 (  5290      0)
"CPL:seq_timemgr_clockInit"                                   -      12288    12288 1.228800e+04   1.288795e+02     0.090 (  1609      0)     0.001 (  1201      0)
"CPL:cime_init"                                               -      12288    12288 1.228800e+04   6.194104e+06   505.108 (    11      0)   503.964 ( 11263      0)
"CPL:init_comps"                                              -      12288    12288 1.228800e+04   6.185514e+06   504.409 (    11      0)   503.262 (  7388      0)
"CPL:comp_init_pre_all"                                       -      12288    12288 1.228800e+04   2.083801e+00     0.023 ( 10239      0)     0.000 (   643      0)
"CPL:comp_init_cc_atm"                                        -      12288    12288 1.228800e+04   2.158732e+06   176.705 (    11      0)   175.599 (  8061      0)
"a_i:comp_init"                                               -      12288    12288 2.457600e+04   2.154719e+06   176.701 (     0      0)   175.114 (  7388      0)
"a_i:EAMxx::init"                                             -      12288    12288 8.601600e+04   2.052292e+06   174.402 ( 10236      0)   153.522 (  8612      0)
"a_i:EAMxx::create_output_managers"                           -      12288    12288 1.228800e+04   1.748031e+02     0.232 (  8911      0)     0.000 (  2604      0)
"a_i:EAMxx::create_atm_processes"                             -      12288    12288 1.228800e+04   1.031631e+04     1.905 (    34      0)     0.350 ( 11320      0)
"a_i:EAMxx::create_grids"                                     -      12288    12288 1.228800e+04   5.206951e+05    42.565 (  9386      0)    42.245 (  8680      0)
"a_i:EAMxx::build_grids"                                      -      12288    12288 1.228800e+04   5.016516e+05    40.856 (     0      0)    40.795 (  9957      0)
"a_i:PartitioningTime"                                        -      12288    12288 1.228800e+04   1.752968e+00     0.062 ( 11204      0)     0.000 (   720      0)
"a_i:repro_sum_int"                                           -      12288    12288 1.228800e+04   1.924329e+03     0.436 (  2002      0)     0.044 (  3488      0)
"a_i:PIO:spio_get_att_tc"                                     -      12288    12288 1.339392e+06   5.315182e+02     0.113 (  7958      0)     0.026 (  2520      0)
"a_i:PIO:spio_get_vars_tc"                                    -      12288    12288 2.457600e+05   3.292874e+03     0.334 ( 11156      0)     0.179 (  4056      0)
"a_i:PIO:PIOc_closefile"                                      -      12288    12288 1.597440e+05   1.390864e+03     3.812 (  9324      0)     0.000 (  8655      0)
"a_i:EAMxx::SurfaceCouplingImporter::set_grids"               -      12288    12288 1.228800e+04   1.847041e+01     0.109 ( 11723      0)     0.000 ( 10582      0)
"a_i:EAMxx::homme::set_grids"                                 -      12288    12288 1.228800e+04   4.511267e+03     0.676 (  9044      0)     0.258 (  4598      0)
"a_i:EAMxx::physics::set_grids"                               -      12288    12288 1.228800e+04   1.101491e+04     0.965 (  9888      0)     0.504 (  9047      0)
"a_i:EAMxx::mac_aero_mic::set_grids"                          -      12288    12288 1.228800e+04   6.993871e+03     0.627 (  9890      0)     0.224 (  9036      0)
"a_i:EAMxx::tms::set_grids"                                   -      12288    12288 1.228800e+04   1.467043e+01     0.003 (  8666      0)     0.001 (  4394      0)
"a_i:EAMxx::shoc::set_grids"                                  -      12288    12288 1.228800e+04   3.667998e+01     0.044 ( 11200      0)     0.000 (  7400      0)
"a_i:EAMxx::cld_fraction::set_grids"                          -      12288    12288 1.228800e+04   1.576582e+00     0.005 ( 10366      0)     0.000 (   618      0)
"a_i:EAMxx::spa::set_grids"                                   -      12288    12288 1.228800e+04   6.834736e+03     0.625 (  9890      0)     0.158 (  9040      0)
"a_i:EAMxx::p3::set_grids"                                    -      12288    12288 1.228800e+04   1.800901e+01     0.044 (  9217      0)     0.000 (  3984      0)
"a_i:EAMxx::rrtmgp::set_grids"                                -      12288    12288 1.228800e+04   3.835102e+03     0.343 ( 11532      0)     0.251 (  8653      0)
"a_i:EAMxx::SurfaceCouplingExporter::set_grids"               -      12288    12288 1.228800e+04   1.851304e+02     0.033 (  7837      0)     0.002 (     0      0)
"a_i:EAMxx::create_fields"                                    -      12288    12288 1.228800e+04   2.225382e+03     0.240 (  9223      0)     0.165 (  7644      0)
"a_i:EAMxx::initialize_fields"                                -      12288    12288 1.228800e+04   5.889300e+05    48.051 (  9804      0)    47.802 (  7845      0)
"a_i:PIO:PIOc_initdecomp"                                     -      12288    12288 1.597440e+05   1.464367e+05    11.920 ( 12007      0)    11.876 ( 10376      0)
"a_i:PIO:box_rearrange_create"                                -      12288    12288 1.597440e+05   1.455976e+05    11.850 (  3454      0)    11.822 ( 11261      0)
"a_i:PIO:pio_swapm"                                           -      12288    12288 7.495680e+05   3.540562e+05    35.455 (  1381      0)     6.184 (  5508      0)
"a_i:PIO:PIOc_read_darray"                                    -      12288    12288 2.703360e+05   3.142501e+05    26.956 ( 10943      0)    22.718 (  9223      0)
"a_i:PIO:read_darray_nc"                                      -      12288    12288 2.703360e+05   1.989604e+04    25.213 (   108      0)     0.000 (    77      0)
"a_i:PIO:rearrange_io2comp"                                   -      12288    12288 2.703360e+05   2.586005e+05    25.980 (    22      0)     0.684 (   588      0)
"a_i:EAMxx::initialize_atm_procs"                             -      12288    12288 1.228800e+04   9.049214e+05    81.102 ( 10237      0)    60.217 (  7692      0)
"a_i:EAMxx::SurfaceCouplingImporter::init"                    -      12288    12288 1.228800e+04   9.772666e+01     0.069 (  7836      0)     0.000 (  6801      0)
"a_i:EAMxx::homme::init"                                      -      12288    12288 1.228800e+04   3.175786e+05    26.049 (  6826      0)    25.465 ( 10883      0)
"a_i:compose_init"                                            -      12288    12288 1.228800e+04   1.698640e+03     0.690 ( 10209      0)     0.014 (  8436      0)
"a_i:sl_init1"                                                -      12288    12288 1.228800e+04   4.368155e+03     0.908 ( 10260      0)     0.261 (  8626      0)
"a_i:EAMxx::tms::init"                                        -      12288    12288 1.228800e+04   5.072722e-02     0.000 (     0      0)     0.000 (   639      0)
"a_i:EAMxx::shoc::init"                                       -      12288    12288 1.228800e+04   7.973370e+01     0.141 (  8870      0)     0.001 (  2356      0)
"a_i:EAMxx::cld_fraction::init"                               -      12288    12288 1.228800e+04   2.714467e-01     0.000 (     0      0)     0.000 (  7223      0)
"a_i:EAMxx::spa::init"                                        -      12288    12288 1.228800e+04   4.094888e+05    51.877 (  6541      0)    33.091 (     0      0)
"a_i:EAMxx::p3::init"                                         -      12288    12288 1.228800e+04   1.025813e+04     1.358 (  4202      0)     0.044 (  5414      0)
"a_i:EAMxx::rrtmgp::init"                                     -      12288    12288 1.228800e+04   1.665402e+05    19.399 ( 10377      0)     0.048 (  6541      0)
"a_i:EAMxx::SurfaceCouplingExporter::init"                    -      12288    12288 1.228800e+04   5.286311e+02     2.111 ( 10237      0)     0.002 (  5318      0)
"a_i:EAMxx::initialize_output_managers"                       -      12288    12288 1.228800e+04   2.502858e+04     2.357 (  5856      0)     1.913 (  8894      0)
"a_i:EAMxx::IO::standard"                                     -      12288    12288 1.228800e+04   2.286796e+04     2.250 ( 10704      0)     0.820 ( 11075      0)
"a_i:EAMxx::IO::nooutput.yaml"                                -      12288    12288 1.228800e+04   2.286795e+04     2.250 ( 10704      0)     0.820 ( 11075      0)
"a_i:EAMxx::IO::standard::get_new_file"                       -      12288    12288 1.228800e+04   2.228120e+04     2.070 ( 10704      0)     0.820 ( 11075      0)
"a_i:PIO:PIOc_createfile"                                     -      12288    12288 1.228800e+04   1.894125e+04     1.680 ( 11025      0)     0.622 ( 11075      0)
"a_i:PIO:write_total"                                         -      12288    12288 4.055040e+05   1.971609e+04     2.175 (  4104      0)     0.623 ( 11075      0)
"a_i:PIO:spio_put_att_tc"                                     -      12288    12288 3.686400e+05   3.617295e+01     0.159 (  2616      0)     0.000 (  4283      0)
"a_i:PIO:spio_put_vars_tc"                                    -      12288    12288 1.228800e+04   5.864699e+02     0.264 (  5436      0)     0.000 (  3217      0)
"a_i:PIO:flush_output_buffer"                                 -       1024     1024 2.048000e+03   3.617904e+02     0.430 (  3972      0)     0.004 (  5484      0)
"a_i:EAMxx::IO::standard::run_output_streams"                 -      12288    12288 1.228800e+04   1.943341e-03     0.000 (  9132      0)     0.000 (  4788      0)
"a_i:EAMxx::IO::standard::update_snapshot_tally"              -      12288    12288 1.228800e+04   5.867023e+02     0.409 (  9950      0)     0.000 (  7967      0)
"a_i:PIO:PIOc_sync"                                           -      12288    12288 1.228800e+04   1.522084e+02     0.168 (  2184      0)     0.000 (  4819      0)
"CPL:comp_init_cc_lnd"                                        -      12288    12288 1.228800e+04   2.829286e+06   230.267 ( 10278      0)   230.162 ( 11073      0)
"l_i:comp_init"                                               -      12288    12288 1.228800e+04   2.828659e+06   230.264 ( 10278      0)   230.112 ( 11073      0)
"l_i:elm_init1"                                               -      12288    12288 1.228800e+04   9.769320e+05    79.895 (  5234      0)    78.746 ( 11440      0)
"l_i:PIO:openfile"                                            -      12288    12288 2.826240e+05   5.650761e+04     6.417 (   109      0)     2.697 (  8659      0)
"l_i:PIO:pio_inq_dimid_file_dimid"                            -      12288    12288 7.618560e+05   6.163434e+03     1.131 (  4965      0)     0.006 (     0      0)
"l_i:PIO:pio_inq_dimlen_file_dimid"                           -      12288    12288 4.423680e+06   2.997759e+02     0.056 (  1020      0)     0.010 ( 10238      0)
"l_i:PIO:pio_inq_dimlen_file_dimid_offlen"                    -      12288    12288 4.423680e+06   2.988386e+02     0.056 (  1020      0)     0.009 ( 10238      0)
"l_i:PIO:pio_inq_varid_file_vdesc"                            -      12288    12288 5.701632e+06   1.005464e+04     2.773 (  2061      0)     0.092 (  9919      0)
"l_i:PIO:pio_inq_varid_file_vid"                              -      12288    12288 5.701632e+06   9.208114e+03     2.773 (  2061      0)     0.021 (  9420      0)
"l_i:PIO:get_var_1d_int"                                      -      12288    12288 7.372800e+04   8.243761e+03     2.753 (  1383      0)     0.046 (  7776      0)
"l_i:PIO:spio_get_vars_tc"                                    -      12288    12288 2.445312e+06   1.136887e+05    11.470 (  2741      0)     8.557 (  9528      0)
"l_i:PIO:closefile"                                           -      12288    12288 2.457600e+05   1.837024e+03     2.886 (     0      0)     0.001 (   536      0)
"l_i:PIO:PIOc_closefile"                                      -      12288    12288 2.457600e+05   1.836649e+03     2.886 (     0      0)     0.001 (   536      0)
"l_i:PIO:pio_inq_varndims_file_vdesc"                         -      12288    12288 2.715648e+06   5.283567e+02     2.140 (  4093      0)     0.011 (  8339      0)
"l_i:PIO:pio_inq_varndims_file_vid"                           -      12288    12288 2.715648e+06   5.275642e+02     2.140 (  4093      0)     0.011 (  8339      0)
"l_i:PIO:pio_inq_vardimid_file_vdesc"                         -      12288    12288 2.715648e+06   7.398759e+02     0.146 (   943      0)     0.023 (  9042      0)
"l_i:PIO:pio_inq_vardimid_file_vid"                           -      12288    12288 2.715648e+06   7.392141e+02     0.146 (   938      0)     0.023 (  9042      0)
"l_i:PIO:pio_inq_dimname_file_dimid"                          -      12288    12288 9.768960e+06   8.514317e+02     0.209 (  3491      0)     0.024 (  6647      0)
"l_i:PIO:initdecomp"                                          -      12288    12288 3.194880e+05   2.175190e+05    18.622 (    85      0)    14.401 (  9255      0)
"l_i:PIO:PIOc_initdecomp"                                     -      12288    12288 3.194880e+05   2.174925e+05    18.621 (    85      0)    13.956 (  9255      0)
"l_i:PIO:box_rearrange_create"                                -      12288    12288 3.194880e+05   1.443600e+05    11.750 (  5169      0)    11.743 (  8817      0)
"l_i:PIO:pio_swapm"                                           -      12288    12288 3.649536e+06   2.073225e+06   177.291 (  8798      0)    68.610 (   816      0)
"l_i:PIO:read_darray_1d_double"                               -      12288    12288 1.007616e+06   6.707602e+05    54.907 (  4139      0)    53.347 (  7496      0)
"l_i:PIO:PIOc_read_darray"                                    -      12288    12288 2.691072e+06   2.039307e+06   166.570 ( 10800      0)   163.661 (  4093      0)
"l_i:PIO:read_darray_nc"                                      -      12288    12288 2.691072e+06   9.212825e+04   106.447 (   816      0)     0.000 ( 10926      0)
"l_i:PIO:rearrange_io2comp"                                   -      12288    12288 2.691072e+06   1.944817e+06   166.458 (  8899      0)    58.729 (   816      0)
"l_i:PIO:pio_inquire_file"                                    -      12288    12288 3.538944e+06   6.973194e+02     0.405 ( 11884      0)     0.006 (  6637      0)
"l_i:PIO:pio_inq_ndims_file"                                  -      12288    12288 3.538944e+06   6.964999e+02     0.405 ( 11884      0)     0.006 (  6637      0)
"l_i:PIO:read_darray_1d_int"                                  -      12288    12288 8.601600e+04   6.144419e+04     5.045 (  8371      0)     4.853 (  9428      0)
"l_i:PIO:read_darray_3d_double"                               -      12288    12288 2.211840e+05   8.043414e+04     6.624 ( 11664      0)     6.204 (  4093      0)
"l_i:PIO:read_darray_3d_int"                                  -      12288    12288 1.228800e+04   3.911009e+03     0.327 (  7704      0)     0.299 ( 11320      0)
"l_i:PIO:read_darray_4d_double"                               -      12288    12288 1.720320e+05   2.712848e+05    22.109 (  7452      0)    21.791 (  4093      0)
"l_i:PIO:get_var_1d_text"                                     -      12288    12288 2.457600e+04   4.698713e+02     0.121 ( 12110      0)     0.004 (  1492      0)
"l_i:PIO:get_var_1d_double"                                   -      12288    12288 1.769472e+06   3.908011e+03     0.393 (  1169      0)     0.108 (  2654      0)
"l_i:PIO:get_var_0d_double"                                   -      12288    12288 1.228800e+05   2.335080e+02     0.025 (   352      0)     0.002 ( 11023      0)
"l_i:PIO:read_darray_2d_double"                               -      12288    12288 1.142784e+06   9.425209e+05    77.009 (  6540      0)    75.613 (  4048      0)
"l_i:PIO:read_darray_2d_int"                                  -      12288    12288 4.915200e+04   8.958226e+03     0.747 (  5683      0)     0.677 ( 11317      0)
"l_i:gather_1darray_int_total"                                -      12288    12288 6.144000e+04   9.496446e+03     1.661 (     0      0)     0.430 (    49      0)
"l_i:scatter_1darray_int_total"                               -      12288    12288 6.144000e+04   2.278427e+04     2.083 (     8      0)     0.887 (     0      0)
"l_i:init_filters"                                            -      12288    12288 1.228800e+04   4.723630e+01     0.062 ( 10272      0)     0.000 (  4212      0)
"l_i:elm_init2"                                               -      12288    12288 1.228800e+04   1.840763e+06   149.882 (  8412      0)   149.756 ( 11073      0)
"l_i:init_orbd"                                               -      12288    12288 1.228800e+04   5.190107e+00     0.027 (  8655      0)     0.000 (     0      0)
"l_i:PIO:get_var_0d_int"                                      -      12288    12288 2.580480e+05   1.038591e+05     8.539 (  2172      0)     8.416 ( 10057      0)
"l_i:PIO:get_var_2d_double"                                   -      12288    12288 1.474560e+05   5.795160e+02     0.049 (  2409      0)     0.041 (  8652      0)
"l_i:PIO:get_var_3d_double"                                   -      12288    12288 4.915200e+04   1.835834e+02     0.016 (  1339      0)     0.014 (     0      0)
"l_i:init_accflds"                                            -      12288    12288 1.228800e+04   1.062583e+01     0.009 ( 11065      0)     0.001 (  3317      0)
"l_i:init_dyn_subgrid"                                        -      12288    12288 1.228800e+04   3.197221e+02     0.057 (  4287      0)     0.001 ( 12104      0)
"l_i:subgridRest_write-read"                                  -      12288    12288 1.228800e+04   2.340180e+05    19.058 (  8124      0)    19.033 (  2312      0)
"l_i:init_map2gc"                                             -      12288    12288 1.228800e+04   7.740490e+00     0.040 (  9428      0)     0.000 (  5972      0)
"l_i:init_elm_interface_data & pflotran"                      -      12288    12288 1.228800e+04   3.205103e-03     0.000 (  6096      0)     0.000 (  6390      0)
"l_i:init_wlog"                                               -      12288    12288 1.228800e+04   3.350041e-02     0.008 (     0      0)     0.000 ( 11993      0)
"l_i:elm_init3"                                               -      12288    12288 1.228800e+04   4.578635e-02     0.000 (  9528      0)     0.000 (   352      0)
"CPL:comp_init_cc_rof"                                        -      12288    12288 1.228800e+04   4.191733e+01     0.004 ( 11952      0)     0.001 ( 11716      0)
"r_i:comp_init"                                               -      12288    12288 1.228800e+04   8.063204e-01     0.001 (  8403      0)     0.000 (  7167      0)
"CPL:comp_init_cc_ocn"                                        -      12288    12288 1.228800e+04   5.536415e+05    45.090 ( 11065      0)    44.999 (  8418      0)
"o_i:comp_init"                                               -      12288    12288 1.228800e+04   5.535831e+05    45.087 ( 11065      0)    44.982 (  1275      0)
"o_i:docn_readnml"                                            -      12288    12288 1.228800e+04   1.783766e+04     1.715 (  7682      0)     0.514 (     0      0)
"o_i:DOCN_INIT"                                               -      12288    12288 1.228800e+04   5.355568e+05    44.521 (    11      0)    43.334 (  1509      0)
"o_i:docn_strdata_init"                                       -      12288    12288 1.228800e+04   5.127353e+05    42.568 (    59      0)    41.252 (  7720      0)
"o_i:PIO:initdecomp"                                          -      12288    12288 3.686400e+04   1.282490e+04     1.075 (     1      0)     1.006 (  8663      0)
"o_i:PIO:PIOc_initdecomp"                                     -      12288    12288 3.686400e+04   1.282477e+04     1.075 (     1      0)     1.006 (  8663      0)
"o_i:PIO:box_rearrange_create"                                -      12288    12288 3.686400e+04   1.233201e+04     1.004 (  6121      0)     1.003 (  3017      0)
"o_i:PIO:pio_swapm"                                           -      12288    12288 1.351680e+05   1.255695e+04     1.180 (  7058      0)     0.816 (     0      0)
"o_i:docn_initgsmaps"                                         -      12288    12288 1.228800e+04   7.711712e+00     0.001 (  8948      0)     0.000 (  4053      0)
"o_i:docn_initmctdom"                                         -      12288    12288 1.228800e+04   5.179293e+00     0.120 (  7164      0)     0.000 (  2406      0)
"o_i:docn_initmctavs"                                         -      12288    12288 1.228800e+04   9.081660e+00     0.113 ( 10378      0)     0.000 (  2400      0)
"o_i:DOCN_RUN"                                                -      12288    12288 1.228800e+04   2.279515e+04     2.146 ( 11061      0)     1.623 (  1259      0)
"o_i:docn_run1"                                               -      12288    12288 1.228800e+04   1.033983e-02     0.000 (  8943      0)     0.000 (  1446      0)
"o_i:docn"                                                    -      12288    12288 1.228800e+04   2.279510e+04     2.146 ( 11061      0)     1.623 (  1259      0)
"o_i:docn_strdata_advance"                                    -      12288    12288 1.228800e+04   2.278782e+04     2.146 ( 11061      0)     1.622 (  1255      0)
"o_i:docn_strd_adv_total"                                     -      12288    12288 1.228800e+04   2.278778e+04     2.146 ( 11061      0)     1.622 (  1255      0)
"o_i:docn_strd_adv_readLBUB"                                  -      12288    12288 1.228800e+04   2.222161e+04     2.140 ( 10176      0)     1.581 (   119      0)
"o_i:docn_readLBUB_setup"                                     -      12288    12288 1.228800e+04   1.051102e-01     0.003 ( 11325      0)     0.000 (  2401      0)
"o_i:docn_readLBUB_fbound"                                    -      12288    12288 1.228800e+04   1.634422e+00     1.633 (     0      0)     0.000 (  2428      0)
"o_i:docn_readLBUB_bcast"                                     -      12288    12288 1.228800e+04   1.886374e+04     1.826 (   552      0)     0.000 (     0      0)
"o_i:docn_readLBUB_LB_setup"                                  -      12288    12288 1.228800e+04   1.554894e-03     0.000 (     0      0)     0.000 ( 11242      0)
"o_i:docn_readLBUB_LB_readpio"                                -      12288    12288 1.228800e+04   1.832654e+03     0.244 (   204      0)     0.113 ( 10495      0)
"o_i:PIO:openfile"                                            -      12288    12288 1.228800e+04   1.245977e+03     0.103 ( 11980      0)     0.067 (  3488      0)
"o_i:PIO:pio_inq_varid_file_vdesc"                            -      12288    12288 4.915200e+04   6.236785e+02     0.116 (  4019      0)     0.000 (     1      0)
"o_i:PIO:pio_inq_varid_file_vid"                              -      12288    12288 4.915200e+04   6.236500e+02     0.116 (  4019      0)     0.000 (  8824      0)
"o_i:PIO:pio_inq_varndims_file_vdesc"                         -      12288    12288 2.457600e+04   3.072842e+01     0.028 (  8702      0)     0.000 (  9367      0)
"o_i:PIO:pio_inq_varndims_file_vid"                           -      12288    12288 2.457600e+04   3.070797e+01     0.028 (  8702      0)     0.000 (  9371      0)
"o_i:PIO:pio_inq_vardimid_file_vdesc"                         -      12288    12288 2.457600e+04   1.588532e+01     0.001 (  4971      0)     0.001 (  8781      0)
"o_i:PIO:pio_inq_vardimid_file_vid"                           -      12288    12288 2.457600e+04   1.586748e+01     0.001 (  4971      0)     0.001 (  8781      0)
"o_i:PIO:pio_inq_dimlen_file_dimid"                           -      12288    12288 7.372800e+04   9.568139e+00     0.001 (  2848      0)     0.000 (  5924      0)
"o_i:PIO:pio_inq_dimlen_file_dimid_offlen"                    -      12288    12288 7.372800e+04   9.539802e+00     0.001 (  2848      0)     0.000 (  5924      0)
"o_i:PIO:pio_inq_vartype_file_vdesc"                          -      12288    12288 2.457600e+04   7.836804e+00     0.001 (  5213      0)     0.000 (  1332      0)
"o_i:PIO:pio_inq_vartype_file_vid"                            -      12288    12288 2.457600e+04   7.816837e+00     0.001 (  5213      0)     0.000 (  1332      0)
"o_i:PIO:read_darray_1d_real"                                 -      12288    12288 2.457600e+04   1.193651e+03     0.191 (  7057      0)     0.020 (   543      0)
"o_i:PIO:PIOc_read_darray"                                    -      12288    12288 2.457600e+04   1.193566e+03     0.191 (  7057      0)     0.020 (   543      0)
"o_i:PIO:read_darray_nc"                                      -      12288    12288 2.457600e+04   7.522501e+01     0.179 (  7152      0)     0.000 (  8201      0)
"o_i:PIO:rearrange_io2comp"                                   -      12288    12288 2.457600e+04   1.094933e+03     0.189 (  7059      0)     0.002 (    12      0)
"o_i:docn_readLBUB_UB_setup"                                  -      12288    12288 1.228800e+04   1.070737e-02     0.000 (     0      0)     0.000 (  9554      0)
"o_i:docn_readLBUB_UB_readpio"                                -      12288    12288 1.228800e+04   1.521079e+03     0.190 ( 10286      0)     0.005 (   299      0)
"o_i:docn_readLBUB_filemgt"                                   -      12288    12288 1.228800e+04   2.728403e-03     0.000 ( 11932      0)     0.000 (  5069      0)
"o_i:docn_strd_adv_fill"                                      -      12288    12288 1.228800e+04   2.975880e+00     0.002 (  7840      0)     0.000 (   479      0)
"o_i:docn_strd_adv_map"                                       -      12288    12288 1.228800e+04   5.573986e+02     0.071 (     7      0)     0.000 ( 10335      0)
"o_i:docn_strd_adv_tint"                                      -      12288    12288 1.228800e+04   3.762560e+00     0.034 (  9949      0)     0.000 (  6661      0)
"o_i:docn_scatter"                                            -      12288    12288 1.228800e+04   2.134840e+00     0.000 (  5038      0)     0.000 (  6370      0)
"o_i:docn_datamode"                                           -      12288    12288 1.228800e+04   4.639038e-01     0.002 ( 10357      0)     0.000 (  7389      0)
"o_i:docn_run2"                                               -      12288    12288 1.228800e+04   2.140795e-03     0.000 (     0      0)     0.000 (  1500      0)
"CPL:comp_init_cc_ice"                                        -      12288    12288 1.228800e+04   6.395288e+05    52.073 (  5032      0)    52.010 (  9951      0)
"i_i:comp_init"                                               -      12288    12288 1.228800e+04   6.366178e+05    52.070 (  5025      0)    51.527 (  9951      0)
"i_i:cice_init"                                               -      12288    12288 1.228800e+04   8.856271e+04     7.254 ( 10884      0)     7.160 (  9710      0)
"i_i:ice_HaloUpdate2DR8"                                      -      12288    12288 4.915200e+04   2.138002e+02     0.483 (  4499      0)     0.000 (  9820      0)
"i_i:ice_HU2DR8_init"                                         -      12288    12288 4.915200e+04   3.117709e-02     0.000 (  7213      0)     0.000 (  7061      0)
"i_i:state_bound_h1"                                          -      12288    12288 1.228800e+04   1.281159e+01     0.029 ( 10884      0)     0.000 (  9463      0)
"i_i:ice_HaloUpdate3DR8"                                      -      12288    12288 6.144000e+04   1.309264e+01     0.029 ( 10884      0)     0.000 ( 12171      0)
"i_i:ice_HU3DR8_init"                                         -      12288    12288 6.144000e+04   4.345881e-01     0.003 (  8379      0)     0.000 (  7074      0)
"i_i:ice_HU3DR8_recvall"                                      -      12288    12288 6.144000e+04   1.060262e+01     0.029 ( 10884      0)     0.000 (  3454      0)
"i_i:state_bound_hm"                                          -      12288    12288 1.228800e+04   1.121236e-01     0.000 (  1203      0)     0.000 (  7497      0)
"i_i:state_bound_hc"                                          -      12288    12288 1.228800e+04   1.783247e-01     0.000 (  1957      0)     0.000 (  7259      0)
"i_i:state_bound_h2"                                          -      12288    12288 1.228800e+04   3.435711e+00     0.029 ( 11269      0)     0.000 (    11      0)
"i_i:ice_HaloUpdate4DR8"                                      -      12288    12288 1.228800e+04   1.875373e+00     0.029 ( 11269      0)     0.000 (    11      0)
"i_i:ice_HU4DR8_init"                                         -      12288    12288 1.228800e+04   1.554143e-01     0.002 (  9528      0)     0.000 (  2856      0)
"i_i:ice_HU4DR8_recvall"                                      -      12288    12288 1.228800e+04   1.006143e+00     0.029 ( 11269      0)     0.000 (   794      0)
"i_i:state_bound_hd"                                          -      12288    12288 1.228800e+04   7.400090e-03     0.000 (  5993      0)     0.000 ( 10044      0)
"i_i:cice_mct_init"                                           -      12288    12288 1.228800e+04   5.476355e+05    44.832 (  5015      0)    44.296 (  8470      0)
"i_i:PIO:initdecomp"                                          -      12288    12288 3.686400e+04   1.434553e+04     8.904 (    11      0)     1.021 (     0      0)
"i_i:PIO:PIOc_initdecomp"                                     -      12288    12288 3.686400e+04   1.434539e+04     8.904 (    11      0)     1.021 (     0      0)
"i_i:PIO:box_rearrange_create"                                -      12288    12288 3.686400e+04   1.251558e+04     1.019 (  6086      0)     1.018 ( 11728      0)
"i_i:PIO:pio_swapm"                                           -      12288    12288 1.105920e+05   1.166389e+04     1.013 (  5964      0)     0.826 (   925      0)
"CPL:comp_init_cc_glc"                                        -      12288    12288 1.228800e+04   4.415922e+01     0.004 (  9960      0)     0.001 (  5277      0)
"g_i:comp_init"                                               -      12288    12288 1.228800e+04   1.942696e-02     0.000 (  2938      0)     0.000 (  5488      0)
"CPL:comp_init_cc_wav"                                        -      12288    12288 1.228800e+04   4.025196e+01     0.004 (  6152      0)     0.001 (  5112      0)
"w_i:comp_init"                                               -      12288    12288 1.228800e+04   9.223512e-03     0.000 (  2378      0)     0.000 (  5450      0)
"CPL:comp_init_cc_esp"                                        -      12288    12288 1.228800e+04   3.420908e+01     0.003 ( 12173      0)     0.001 (  5010      0)
"e_i:comp_init"                                               -      12288    12288 1.228800e+04   4.211786e-01     0.000 ( 12173      0)     0.000 (   297      0)
"CPL:comp_init_cc_iac"                                        -      12288    12288 1.228800e+04   3.967684e+01     0.004 ( 11564      0)     0.001 (  5016      0)
"z_i:comp_init"                                               -      12288    12288 1.228800e+04   8.649118e-03     0.000 (  8044      0)     0.000 (  6868      0)
"CPL:comp_init_cx_all"                                        -      12288    12288 1.228800e+04   4.121730e+03     0.338 (     9      0)     0.317 (  5035      0)
"CPL:comp_list_all"                                           -      12288    12288 1.228800e+04   9.197643e-01     0.003 ( 11949      0)     0.000 (     0      0)
"CPL:init_maps"                                               -      12288    12288 1.228800e+04   2.992786e+03     0.545 ( 10008      0)     0.023 (   165      0)
"CPL:init_aream"                                              -      12288    12288 1.228800e+04   2.197315e+03     0.517 (  7403      0)     0.000 ( 12287      0)
"CPL:init_domain_check"                                       -      12288    12288 1.228800e+04   1.750866e+03     0.541 (  1950      0)     0.019 ( 10008      0)
"CPL:init_areacor"                                            -      12288    12288 1.228800e+04   9.480506e+02     0.077 (  3615      0)     0.077 (  9696      0)
"CPL:init_fracs"                                              -      12288    12288 1.228800e+04   6.180579e+01     0.027 (     7      0)     0.002 (  6666      0)
"CPL:init_aoflux"                                             -      12288    12288 1.228800e+04   4.808863e+00     0.010 ( 10229      0)     0.000 (  3276      0)
"CPL:init_atminit"                                            -      12288    12288 7.372800e+04   1.265741e+02     0.032 (  7021      0)     0.002 (  2228      0)
"CPL:comp_init_cc_atm2"                                       -      12288    12288 1.228800e+04   2.763974e+02     0.034 (   173      0)     0.002 ( 10365      0)
"CPL:init_readrestart"                                        -      12288    12288 1.228800e+04   3.304148e+00     0.006 ( 10379      0)     0.000 (  7815      0)
"CPL:cime_run_init"                                           -      12288    12288 1.228800e+04   2.906577e+00     0.013 (     0      0)     0.000 (  2397      0)
"CPL:INIT_sync1_tprf"                                         -      12288    12288 1.228800e+04   1.574055e+02     0.013 (     5      0)     0.000 (     0      0)
"CPL:INIT_t_prf"                                              -      12288    12288 1.228800e+04   4.091642e+00     0.071 (     0      0)     0.000 ( 11473      0)
"CPL:INIT_sync2_tprf"                                         -      12288    12288 1.228800e+04   8.649625e+02     0.071 ( 11473      0)     0.000 (     0      0)
"CPL:RUN_LOOP_BSTART"                                         -      12288    12288 1.228800e+04   5.258325e-01     0.000 (  3695      0)     0.000 ( 10003      0)
"CPL:RUN_LOOP"                                                -      12288    12288 5.308416e+06   4.171086e+06   339.448 (  8557      0)   339.442 (  6070      0)
"CPL:CLOCK_ADVANCE"                                           -      12288    12288 5.308416e+06   5.557317e+02     0.056 (  1566      0)     0.037 (  2051      0)
"CPL:RUN"                                                     -      12288    12288 6.368870e+07   4.858926e+04     5.792 (   876      0)     1.758 ( 10471      0)
"CPL:OCNPRE1"                                                 -      12288    12288 5.308416e+06   5.080680e+03     1.746 (  7089      0)     0.178 (   225      0)
"CPL:ocnpre1_atm2ocn"                                         -      12288    12288 5.308416e+06   5.074233e+03     1.745 (  7089      0)     0.177 (   225      0)
"CPL:LNDPREP"                                                 -      12288    12288 5.308416e+06   8.398899e+02     0.105 (  3542      0)     0.040 ( 12243      0)
"CPL:lndprep_atm2lnd"                                         -      12288    12288 5.308416e+06   6.166627e+02     0.087 (  3701      0)     0.029 (    69      0)
"CPL:lndprep_mrgx2l"                                          -      12288    12288 5.308416e+06   2.125523e+02     0.025 (  2237      0)     0.003 (  8490      0)
"CPL:COMM"                                                    -      12288    12288 3.714662e+07   1.617540e+05    22.578 (  6671      0)     4.968 (  2899      0)
"CPL:C2L"                                                     -      12288    12288 5.308416e+06   4.541032e+03     0.426 (  9891      0)     0.263 (     8      0)
"CPL:c2l_lndx2lndl"                                           -      12288    12288 5.308416e+06   2.128477e+03     0.237 (  4681      0)     0.098 ( 11834      0)
"CPL:c2l_infoexch"                                            -      12288    12288 5.308416e+06   2.403935e+03     0.306 (  9224      0)     0.073 (     6      0)
"CPL:ICEPREP"                                                 -      12288    12288 5.308416e+06   1.604198e+03     0.161 (  2236      0)     0.122 (  5457      0)
"CPL:iceprep_ocn2ice"                                         -      12288    12288 5.308416e+06   3.037937e+02     0.032 (  2235      0)     0.022 ( 10320      0)
"CPL:iceprep_atm2ice"                                         -      12288    12288 5.308416e+06   4.920595e+02     0.052 (  2236      0)     0.036 (  3130      0)
"CPL:iceprep_mrgx2i"                                          -      12288    12288 5.308416e+06   7.839950e+02     0.075 (  2233      0)     0.059 (  4076      0)
"CPL:C2I"                                                     -      12288    12288 5.308416e+06   2.269660e+03     0.208 (  9106      0)     0.150 (  2236      0)
"CPL:c2i_icex2icei"                                           -      12288    12288 5.308416e+06   5.071535e+02     0.057 (  2237      0)     0.038 (  8541      0)
"CPL:ice_infoexch"                                            -      12288    12288 5.308416e+06   1.755741e+03     0.169 (  9082      0)     0.094 (  2235      0)
"CPL:ICE_RUN"                                                 -      12288    12288 5.308416e+06   4.169528e+04     4.163 (  9768      0)     3.177 (   867      0)
"i:cice_run_total"                                            -      12288    12288 5.308416e+06   4.060173e+04     4.064 (  9807      0)     3.093 (   867      0)
"i:cice_run_import"                                           -      12288    12288 5.308416e+06   1.778158e+03     0.207 (  2863      0)     0.126 (  2316      0)
"i:cice_imp_ocn"                                              -      12288    12288 5.308416e+06   2.209115e+02     0.028 (  3963      0)     0.016 (  2419      0)
"i:cice_imp_atm"                                              -      12288    12288 5.308416e+06   2.283063e+02     0.035 (  3963      0)     0.016 (  6565      0)
"i:cice_run_initmd"                                           -      12288    12288 5.308416e+06   1.607704e+04     1.449 (     8      0)     1.190 ( 10278      0)
"i:cice_run_presc"                                            -      12288    12288 5.308416e+06   9.819717e+03     0.857 (  8904      0)     0.640 (  1305      0)
"i:cice_pice_strd_adv_total"                                  -      12288    12288 5.308416e+06   7.473414e+03     0.653 (  8908      0)     0.465 (  1307      0)
"i:cice_pice_strd_adv_readLBUB"                               -      12288    12288 5.308416e+06   5.692521e+03     0.588 (  1788      0)     0.424 (     1      0)
"i:cice_pice_readLBUB_setup"                                  -      12288    12288 5.308416e+06   1.807891e+00     0.000 (  9044      0)     0.000 (  9800      0)
"i:cice_pice_readLBUB_fbound"                                 -      12288    12288 2.457600e+04   3.246044e-01     0.322 (     0      0)     0.000 (  3526      0)
"i:cice_pice_readLBUB_bcast"                                  -      12288    12288 2.457600e+04   3.959895e+03     0.323 ( 10648      0)     0.000 (     0      0)
"i:cice_pice_readLBUB_LB_setup"                               -      12288    12288 1.228800e+04   4.248061e-03     0.000 (     0      0)     0.000 (  3055      0)
"i:cice_pice_readLBUB_LB_readpio"                             -      12288    12288 1.228800e+04   6.603550e+02     0.083 (  1284      0)     0.026 (     1      0)
"i:PIO:openfile"                                              -      12288    12288 1.228800e+04   2.425305e+02     0.020 ( 11980      0)     0.019 (  9565      0)
"i:PIO:pio_inq_varid_file_vdesc"                              -      12288    12288 7.372800e+04   6.318433e+01     0.028 (  1285      0)     0.000 (  7979      0)
"i:PIO:pio_inq_varid_file_vid"                                -      12288    12288 7.372800e+04   6.315122e+01     0.028 (  1285      0)     0.000 (  7979      0)
"i:PIO:pio_inq_varndims_file_vdesc"                           -      12288    12288 3.686400e+04   1.013289e+01     0.014 (  7881      0)     0.000 (  7987      0)
"i:PIO:pio_inq_varndims_file_vid"                             -      12288    12288 3.686400e+04   1.011013e+01     0.014 (  7881      0)     0.000 (  7987      0)
"i:PIO:pio_inq_vardimid_file_vdesc"                           -      12288    12288 3.686400e+04   1.994338e+01     0.002 (   217      0)     0.001 (  7152      0)
"i:PIO:pio_inq_vardimid_file_vid"                             -      12288    12288 3.686400e+04   1.992532e+01     0.002 (   217      0)     0.001 (  7154      0)
"i:PIO:pio_inq_dimlen_file_dimid"                             -      12288    12288 1.105920e+05   1.202885e+01     0.001 (   567      0)     0.001 (  7163      0)
"i:PIO:pio_inq_dimlen_file_dimid_offlen"                      -      12288    12288 1.105920e+05   1.199482e+01     0.001 (   567      0)     0.000 (  7161      0)
"i:PIO:pio_inq_vartype_file_vdesc"                            -      12288    12288 3.686400e+04   9.603529e+00     0.001 (    68      0)     0.000 (  1334      0)
"i:PIO:pio_inq_vartype_file_vid"                              -      12288    12288 3.686400e+04   9.585708e+00     0.001 (    68      0)     0.000 (  1332      0)
"i:PIO:read_darray_1d_real"                                   -      12288    12288 3.686400e+04   1.244508e+03     0.232 (  1788      0)     0.055 (    13      0)
"i:PIO:PIOc_read_darray"                                      -      12288    12288 3.686400e+04   1.244418e+03     0.232 (  1788      0)     0.055 (    13      0)
"i:PIO:read_darray_nc"                                        -      12288    12288 3.686400e+04   7.700275e+01     0.194 (  4176      0)     0.000 ( 12198      0)
"i:PIO:rearrange_io2comp"                                     -      12288    12288 3.686400e+04   1.142307e+03     0.198 (  5910      0)     0.001 (     0      0)
"i:PIO:pio_swapm"                                             -      12288    12288 3.686400e+04   1.140374e+03     0.197 (  5910      0)     0.001 (     0      0)
"i:cice_pice_readLBUB_UB_setup"                               -      12288    12288 2.457600e+04   1.192185e-02     0.001 (     0      0)     0.000 (  2607      0)
"i:cice_pice_readLBUB_UB_readpio"                             -      12288    12288 2.457600e+04   1.053109e+03     0.196 (  1788      0)     0.046 (  4931      0)
"i:cice_pice_readLBUB_filemgt"                                -      12288    12288 5.308416e+06   1.022454e+00     0.000 (  6050      0)     0.000 (    28      0)
"i:cice_pice_strd_adv_map"                                    -      12288    12288 2.457600e+04   1.683928e+03     0.206 (  9130      0)     0.000 (  1305      0)
"i:cice_pice_strd_adv_tint"                                   -      12288    12288 5.308416e+06   7.577521e+01     0.008 (  5716      0)     0.006 (  3333      0)
"i:cice_run_initflux"                                         -      12288    12288 5.308416e+06   9.495597e+01     0.010 (  3906      0)     0.008 (  3399      0)
"i:cice_run_prepradiation"                                    -      12288    12288 5.308416e+06   8.609407e+01     0.012 (  9757      0)     0.006 (  2650      0)
"i:cice_run_therm1"                                           -      12288    12288 5.308416e+06   3.114239e+03     0.588 (  9769      0)     0.216 (  1714      0)
"i:cice_run_dyn"                                              -      12288    12288 5.308416e+06   3.361443e-01     0.000 (  3467      0)     0.000 (  9244      0)
"i:cice_run_radiation"                                        -      12288    12288 5.308416e+06   2.002815e+03     0.742 (  9855      0)     0.111 ( 11330      0)
"i:cice_step_radiationib"                                     -      12288    12288 5.308416e+06   1.781344e+03     0.725 (  9855      0)     0.094 ( 11330      0)
"i:cice_step_rib_swdedd1"                                     -      12288    12288 5.308416e+06   1.697109e+02     0.026 (  7100      0)     0.005 ( 11779      0)
"i:cice_step_rib_swdedd2"                                     -      12288    12288 5.308416e+06   1.410886e+02     0.013 ( 11528      0)     0.011 (  6934      0)
"i:cice_step_rib_swdedd7"                                     -      12288    12288 5.308416e+06   1.353748e+03     0.686 (  9855      0)     0.063 ( 11330      0)
"i:cice_run_couplingprep"                                     -      12288    12288 5.308416e+06   1.750169e+03     0.690 (  9348      0)     0.097 ( 10990      0)
"i:ice_HaloUpdate2DR8"                                        -      12288    12288 5.308416e+06   5.428668e+02     0.595 (  9348      0)     0.004 (  1022      0)
"i:ice_HU2DR8_init"                                           -      12288    12288 5.308416e+06   3.864200e+00     0.001 (  4924      0)     0.000 (   241      0)
"i:cice_run_diag"                                             -      12288    12288 5.308416e+06   3.806104e+03     0.357 (   705      0)     0.257 (  9720      0)
"i:cice_run_hist"                                             -      12288    12288 5.308416e+06   1.306784e+03     0.133 (  2234      0)     0.081 ( 11789      0)
"i:cice_run_accum"                                            -      12288    12288 5.308416e+06   3.786006e+01     0.004 ( 10443      0)     0.003 (  5863      0)
"i:cice_run_export"                                           -      12288    12288 5.308416e+06   6.276344e+02     0.063 (  2233      0)     0.047 (  3887      0)
"CPL:LND_RUN"                                                 -      12288    12288 5.308416e+06   3.695852e+05    35.501 (   759      0)    25.024 ( 12104      0)
"l:lc_lnd_import"                                             -      12288    12288 5.308416e+06   9.875767e+02     0.143 ( 11020      0)     0.041 (  4702      0)
"l:elm_run"                                                   -      12288    12288 5.320704e+06   3.676943e+05    35.321 (   759      0)    24.843 ( 12104      0)
"l:shr_orb_decl"                                              -      12288    12288 5.320704e+06   4.924681e+00     0.001 (  4681      0)     0.000 (   483      0)
"l:decomp_vert"                                               -      12288    12288 5.320704e+06   5.077319e+01     0.021 ( 10237      0)     0.002 ( 10464      0)
"l:beggridwbal"                                               -      12288    12288 5.320704e+06   1.553039e+03     0.156 (  2253      0)     0.104 (  4266      0)
"l:cnpinit"                                                   -      12288    12288 5.320704e+06   4.292214e+00     0.002 ( 10881      0)     0.000 (  3088      0)
"l:cnpvegsumm"                                                -      12288    12288 5.320704e+06   9.576614e-01     0.002 ( 10876      0)     0.000 ( 10924      0)
"l:dyn_subgrid"                                               -      12288    12288 5.320704e+06   9.520776e+03     0.914 ( 11485      0)     0.670 (  6303      0)
"l:begwbal"                                                   -      12288    12288 5.320704e+06   1.794377e+02     0.024 ( 12150      0)     0.009 (   602      0)
"l:begcnpbal"                                                 -      12288    12288 5.320704e+06   4.327093e-01     0.000 ( 11770      0)     0.000 (  8030      0)
"l:drvinit"                                                   -      12288    12288 5.320704e+06   9.518655e+02     0.089 (  2232      0)     0.069 (  9305      0)
"l:canhydro"                                                  -      12288    12288 5.320704e+06   1.748675e+03     0.286 (  2874      0)     0.102 (  6625      0)
"l:surfrad"                                                   -      12288    12288 5.320704e+06   3.384420e+03     0.324 (   312      0)     0.232 (  5770      0)
"l:bgp1"                                                      -      12288    12288 5.320704e+06   1.986120e+03     0.234 (  1537      0)     0.117 (  6625      0)
"l:bgflux"                                                    -      12288    12288 5.320704e+06   2.603716e+03     0.323 (  8358      0)     0.132 (  3655      0)
"l:canflux"                                                   -      12288    12288 5.320704e+06   1.057846e+05    12.950 ( 10069      0)     5.163 (  6202      0)
"l:can_iter"                                                  -      12288    12288 5.320704e+06   8.702030e+04    11.196 ( 10069      0)     3.899 (  6202      0)
"l:uflux"                                                     -      12288    12288 5.320704e+06   1.756822e+03     0.325 (   201      0)     0.033 (  9305      0)
"l:bgplake"                                                   -      12288    12288 5.320704e+06   7.673882e+03     0.900 (   373      0)     0.395 (  7720      0)
"l:bgc"                                                       -      12288    12288 5.320704e+06   5.645029e+03     0.625 (  1696      0)     0.337 (  6201      0)
"l:soiltemperature"                                           -      12288    12288 5.320704e+06   6.767932e+04     6.681 (   860      0)     4.619 (  4266      0)
"l:SoilThermProp"                                             -      12288    12288 5.320704e+06   3.255987e+03     0.466 ( 12129      0)     0.182 (  6094      0)
"l:SoilTempBandDiag"                                          -      12288    12288 1.064141e+07   6.340417e+03     0.863 (  3312      0)     0.345 ( 10983      0)
"l:PhaseChangeH2osfc"                                         -      12288    12288 5.320704e+06   3.404661e+01     0.005 (  1306      0)     0.001 (  9842      0)
"l:PhaseChangebeta"                                           -      12288    12288 5.320704e+06   1.261370e+03     0.172 (  1306      0)     0.051 (  9841      0)
"l:bgp2"                                                      -      12288    12288 5.320704e+06   2.687654e+03     0.291 ( 12150      0)     0.159 (  6625      0)
"l:bgp2_loop_1"                                               -      12288    12288 5.320704e+06   4.708930e+02     0.051 ( 12150      0)     0.028 (  6625      0)
"l:bgp2_loop_2"                                               -      12288    12288 5.320704e+06   8.144486e+02     0.085 ( 12150      0)     0.052 (  8895      0)
"l:bgp2_loop_3"                                               -      12288    12288 5.320704e+06   1.090280e+03     0.125 ( 12150      0)     0.059 (  6625      0)
"l:bgp2_loop_4"                                               -      12288    12288 5.320704e+06   2.855533e+02     0.029 (  2078      0)     0.017 (  6625      0)
"l:patch2col"                                                 -      12288    12288 5.320704e+06   1.388821e+03     0.227 ( 10232      0)     0.090 (  8895      0)
"l:hydro without drainage"                                    -      12288    12288 5.320704e+06   2.273969e+04     2.530 ( 12150      0)     1.389 (  9305      0)
"l:hylake"                                                    -      12288    12288 5.320704e+06   1.904498e+03     0.381 (   821      0)     0.116 (  8798      0)
"l:snow_init"                                                 -      12288    12288 5.320704e+06   1.640260e+02     0.039 (  2370      0)     0.005 ( 10973      0)
"l:ecosysdyn"                                                 -      12288    12288 5.320704e+06   5.115730e+02     0.050 (  2233      0)     0.034 (  5770      0)
"l:depvel"                                                    -      12288    12288 1.064141e+07   5.939716e+00     0.028 ( 11267      0)     0.000 (  3639      0)
"l:hydro2 drainage"                                           -      12288    12288 5.320704e+06   1.499888e+03     0.185 ( 12150      0)     0.082 (  7470      0)
"l:balchk"                                                    -      12288    12288 5.320704e+06   1.729670e+03     0.160 (  2078      0)     0.121 (  9305      0)
"l:gridbalchk"                                                -      12288    12288 5.320704e+06   1.110281e+03     0.101 (   860      0)     0.079 (  4266      0)
"l:lnd2atm"                                                   -      12288    12288 5.320704e+06   8.015132e+03     0.736 (  1503      0)     0.576 (  6882      0)
"l:wrtdiag"                                                   -      12288    12288 5.320704e+06   5.534036e+01     0.017 (     0      0)     0.004 (  4415      0)
"l:hbuf"                                                      -      12288    12288 5.320704e+06   2.958317e+04     2.705 (  2236      0)     2.137 (  9305      0)
"l:elm_drv_io"                                                -      12288    12288 5.320704e+06   1.695820e+01     0.029 ( 10234      0)     0.001 (  8020      0)
"l:elm_drv_io_htapes"                                         -      12288    12288 5.320704e+06   1.403983e+01     0.028 ( 10234      0)     0.001 (  4813      0)
"l:lc_lnd_export"                                             -      12288    12288 5.320704e+06   2.750320e+02     0.025 (  4309      0)     0.021 (  2915      0)
"l:lc_elm2_adv_timestep"                                      -      12288    12288 5.320704e+06   3.605027e+00     0.001 (   962      0)     0.000 ( 11993      0)
"l:accum"                                                     -      12288    12288 5.308416e+06   5.560524e+03     0.522 (  2233      0)     0.422 (  2780      0)
"CPL:ATMOCNP"                                                 -      12288    12288 5.308416e+06   4.393331e+03     0.511 (  8658      0)     0.081 (  1195      0)
"CPL:atmocnp_fluxo"                                           -      12288    12288 5.308416e+06   3.710826e+03     0.463 (  8658      0)     0.018 ( 11745      0)
"CPL:atmocnp_ocnalb"                                          -      12288    12288 5.308416e+06   6.688720e+02     0.082 ( 10707      0)     0.040 (  7306      0)
"CPL:L2C"                                                     -      12288    12288 5.308416e+06   2.935992e+04     5.661 (  1159      0)     0.194 (   746      0)
"CPL:l2c_lndl2lndx"                                           -      12288    12288 5.308416e+06   2.933844e+04     5.660 (  1159      0)     0.193 (   746      0)
"lnd2cpl_run"                                                 -      12288    12288 5.308416e+06   1.307681e+01     0.001 ( 12151      0)     0.001 ( 10721      0)
"CPL:LNDPOST"                                                 -      12288    12288 5.308416e+06   4.410256e+00     0.000 (  2742      0)     0.000 (  1223      0)
"CPL:I2C"                                                     -      12288    12288 5.308416e+06   5.668752e+02     0.056 (  2233      0)     0.043 (  9779      0)
"CPL:i2c_icei2icex"                                           -      12288    12288 5.308416e+06   5.502432e+02     0.054 (  2233      0)     0.041 (  9779      0)
"CPL:i2c_infoexch"                                            -      12288    12288 5.308416e+06   8.019557e+00     0.001 (  5601      0)     0.000 (  9143      0)
"CPL:ICEPOST"                                                 -      12288    12288 5.308416e+06   5.301000e-01     0.000 (  6523      0)     0.000 (   306      0)
"CPL:FRACSET"                                                 -      12288    12288 5.308416e+06   3.586262e+03     2.268 (    53      0)     0.067 (     0      0)
"CPL:fracset_fracset"                                         -      12288    12288 5.308416e+06   3.583836e+03     2.268 (    53      0)     0.067 (     0      0)
"CPL:ATMPREP"                                                 -      12288    12288 5.308416e+06   3.301704e+04     4.471 (   873      0)     1.117 (  1325      0)
"CPL:atmprep_xao2atm"                                         -      12288    12288 5.308416e+06   6.548612e+03     3.029 (  1161      0)     0.138 ( 10476      0)
"CPL:atmprep_ocn2atm"                                         -      12288    12288 5.308416e+06   4.390704e+03     1.798 (   865      0)     0.109 ( 10464      0)
"CPL:atmprep_alb2atm"                                         -      12288    12288 5.308416e+06   1.726105e+03     1.582 (   869      0)     0.048 (  2293      0)
"CPL:atmprep_ice2atm"                                         -      12288    12288 5.308416e+06   3.991148e+03     1.890 (  1153      0)     0.145 ( 10417      0)
"CPL:atmprep_lnd2atm"                                         -      12288    12288 5.308416e+06   1.419826e+04     3.683 (   213      0)     0.134 (  5358      0)
"CPL:atmprep_mrgx2a"                                          -      12288    12288 5.308416e+06   2.127261e+03     0.283 ( 10343      0)     0.119 (  6065      0)
"CPL:C2A"                                                     -      12288    12288 5.308416e+06   1.497881e+04     3.007 (  5358      0)     0.351 ( 10327      0)
"CPL:c2a_atmx2atmg"                                           -      12288    12288 5.308416e+06   1.113768e+04     2.777 (  3383      0)     0.177 ( 10970      0)
"CPL:c2a_infoexch"                                            -      12288    12288 5.308416e+06   3.833541e+03     1.255 (  8370      0)     0.107 (     9      0)
"CPL:ATM_RUN"                                                 -      12288    12288 5.308416e+06   3.515637e+06   292.835 (  3900      0)   281.115 (  6652      0)
"a:EAMxx::run"                                                -      12288    12288 5.308416e+06   3.514238e+06   292.721 (  3900      0)   281.001 (  6652      0)
"a:PIO:PIOc_sync"                                             -      12288    12288 1.228800e+04   3.570937e-01     0.000 ( 10464      0)     0.000 ( 10231      0)
"a:PIO:write_total"                                           -      12288    12288 1.228800e+04   3.241324e-01     0.000 ( 10464      0)     0.000 ( 12262      0)
"a:PIO:flush_output_buffer"                                   -       1024     1024 1.024000e+03   1.426506e-01     0.000 (  7812      0)     0.000 (  7836      0)
"a:EAMxx::EAMxx::run"                                         -      12288    12288 5.308416e+06   3.513248e+06   292.643 (  3900      0)   280.921 (  6652      0)
"a:EAMxx::EAMxx::run-precondition-checks"                     -      12288    12288 5.308416e+06   2.488295e+00     0.000 (  7165      0)     0.000 (  3942      0)
"a:EAMxx::SurfaceCouplingImporter::run"                       -      12288    12288 5.308416e+06   4.140677e+03     0.582 (  7557      0)     0.277 (  6796      0)
"a:EAMxx::SurfaceCouplingImporter::run-precondition-checks"   -      12288    12288 5.308416e+06   9.691625e-01     0.000 (  7663      0)     0.000 (  3521      0)
"a:EAMxx::SurfaceCouplingImporter::run-postcondition-checks"  -      12288    12288 5.308416e+06   3.495060e+03     0.528 (  7557      0)     0.225 (  6796      0)
"a:EAMxx::homme::run"                                         -      12288    12288 5.308416e+06   3.283033e+06   267.426 (  5086      0)   266.953 (   496      0)
"a:EAMxx::homme::run-precondition-checks"                     -      12288    12288 5.308416e+06   8.786025e-01     0.000 (  8998      0)     0.000 (  3521      0)
"a:tl-sc prim_run_subcycle_c"                                 -      12288    12288 1.061683e+07   3.206649e+06   261.169 (  3460      0)   260.653 (  9473      0)
"a:tl-s prim_step_flexible"                                   -      12288    12288 1.061683e+07   3.206599e+06   261.165 (  3460      0)   260.649 (  9473      0)
"a:ApplyCAMForcing_tracers"                                   -      12288    12288 5.308416e+06   5.541960e+03     0.627 (  2951      0)     0.392 (  5852      0)
"a:tl-s deep_copy+derived_dp"                                 -      12288    12288 1.061683e+07   8.981457e+02     0.108 (   255      0)     0.066 (  1282      0)
"a:ApplyCAMForcing_dynamics"                                  -      12288    12288 3.185050e+07   4.351213e+03     0.424 (  3990      0)     0.328 (  1450      0)
"a:tl-ae prim_advance_exp"                                    -      12288    12288 6.370099e+07   2.686733e+06   221.853 (  9508      0)   215.906 (  5717      0)
"a:ttype9_imex_timestep"                                      -      12288    12288 6.370099e+07   2.357499e+06   198.751 (  9519      0)   187.152 (  5633      0)
"a:caar compute"                                              -      12288    12288 6.370099e+08   6.998734e+05    60.742 (  1395      0)    51.566 (  5694      0)
"a:caar_bexchV"                                               -      12288    12288 3.185050e+08   4.839307e+05    52.353 (  1178      0)    28.489 (  5537      0)
"a:caar limiter"                                              -      12288    12288 3.822060e+08   2.207331e+05    22.548 (  2598      0)    16.339 (  9663      0)
"a:compute_stage_value_dirk"                                  -      12288    12288 3.185050e+08   9.393600e+05    82.876 (  7425      0)    70.421 (  5852      0)
"a:tl-ae advance_hypervis_dp"                                 -      12288    12288 6.370099e+07   3.273669e+05    32.834 (  6385      0)    21.785 ( 10865      0)
"a:hvf-bhwk"                                                  -      12288    12288 6.370099e+07   1.710275e+05    17.219 ( 11716      0)    11.175 (  1361      0)
"a:hvf-bexch"                                                 -      12288    12288 1.911030e+08   1.949716e+05    22.259 (  6385      0)    10.872 ( 10865      0)
"a:tl-sc vertical_remap"                                      -      12288    12288 3.185050e+07   1.491175e+05    12.910 (  6471      0)    11.145 (   316      0)
"a:Remap Thickness Functor"                                   -      12288    12288 3.185050e+07   3.962358e+03     0.377 (  3421      0)     0.302 (  1580      0)
"a:Remap Scale States Functor"                                -      12288    12288 3.185050e+07   1.848991e+03     0.180 ( 11887      0)     0.137 (  4736      0)
"a:Remap Compute Grids Functor"                               -      12288    12288 3.185050e+07   1.020861e+04     0.935 (  2321      0)     0.773 (  7899      0)
"a:Remap Compute Remap Functor"                               -      12288    12288 3.185050e+07   1.028110e+05     9.036 ( 10865      0)     7.558 (  8416      0)
"a:Remap Rescale States Functor"                              -      12288    12288 3.185050e+07   3.069012e+03     0.392 (  5959      0)     0.206 (  2138      0)
"a:tl-at prim_advec_tracers_compose"                          -      12288    12288 1.061683e+07   3.338649e+05    29.633 (  5883      0)    23.701 (  9518      0)
"a:compose_transport"                                         -      12288    12288 1.061683e+07   3.337291e+05    29.622 (  5883      0)    23.690 (  9518      0)
"a:compose_calc_trajectory"                                   -      12288    12288 1.061683e+07   3.204416e+04     3.180 (  5342      0)     2.243 ( 11729      0)
"a:compose_3d_levels"                                         -      12288    12288 1.061683e+07   1.713679e+04     1.527 ( 10365      0)     1.252 (  5695      0)
"a:compose_v_bexchv"                                          -      12288    12288 1.061683e+07   1.354540e+04     1.725 (  5342      0)     0.690 (  1553      0)
"a:compose_v2x"                                               -      12288    12288 1.061683e+07   1.318356e+03     0.133 (  9025      0)     0.095 (  5044      0)
"a:compose_isl"                                               -      12288    12288 1.061683e+07   9.834644e+04    11.029 (   853      0)     5.937 (  3706      0)
"a:compose_hypervis_scalar"                                   -      12288    12288 1.061683e+07   9.552784e+04    11.299 (  9268      0)     4.962 (  8268      0)
"a:compose_cedr_global"                                       -      12288    12288 1.061683e+07   8.319414e+04     8.917 (  3099      0)     4.344 (  9527      0)
"a:repro_sum_int"                                             -      12288    12288 1.061683e+07   6.899493e+04     7.755 (  3099      0)     3.196 (  9431      0)
"a:compose_cedr_local"                                        -      12288    12288 1.061683e+07   8.665605e+03     0.840 ( 10357      0)     0.598 (  8416      0)
"a:compose_dss_q"                                             -      12288    12288 1.061683e+07   1.586724e+04     1.530 ( 11125      0)     1.092 (  1938      0)
"a:compose_vertical_remap"                                    -      12288    12288 1.061683e+07   2.563907e+04     2.298 ( 11434      0)     1.927 (  8416      0)
"a:shr_reprosum_INF_NaN_Chk"                                  -      12288    12288 1.061683e+07   4.037873e+02     0.046 (  9260      0)     0.032 (  1274      0)
"a:shr_reprosum_int"                                          -      12288    12288 1.061683e+07   1.608606e+04     1.627 (  8416      0)     0.975 ( 11435      0)
"a:repro_sum_loopa"                                           -      12288    12288 1.061683e+07   2.070575e+02     0.035 ( 10240      0)     0.016 (  2118      0)
"a:repro_sum_allr_minmax"                                     -      12288    12288 1.061683e+07   1.151599e+04     1.234 (  8416      0)     0.609 ( 11435      0)
"a:repro_sum_loopb"                                           -      12288    12288 1.061683e+07   5.203200e+02     0.060 (   553      0)     0.041 (  6146      0)
"a:repro_sum_allr_i8"                                         -      12288    12288 1.061683e+07   3.781321e+03     0.312 ( 10287      0)     0.291 (   553      0)
"a:repro_sum_finalsum"                                        -      12288    12288 1.061683e+07   1.069782e+01     0.004 ( 11723      0)     0.001 (  5547      0)
"a:EAMxx::homme::run-postcondition-checks"                    -      12288    12288 5.308416e+06   5.981565e+03     0.693 (  3533      0)     0.446 ( 11382      0)
"a:EAMxx::physics::run"                                       -      12288    12288 5.308416e+06   2.208852e+05    24.730 (  3900      0)    13.027 (  6657      0)
"a:EAMxx::physics::run-precondition-checks"                   -      12288    12288 5.308416e+06   1.432185e+00     0.000 (  5774      0)     0.000 (  9283      0)
"a:EAMxx::mac_aero_mic::run"                                  -      12288    12288 5.308416e+06   8.120487e+04    10.335 (  3900      0)     4.944 ( 10474      0)
"a:EAMxx::mac_aero_mic::run-precondition-checks"              -      12288    12288 5.308416e+06   8.427695e-01     0.000 (  7855      0)     0.000 ( 11562      0)
"a:EAMxx::tms::run"                                           -      12288    12288 5.308416e+06   1.981609e+03     0.268 (  5151      0)     0.045 ( 11750      0)
"a:EAMxx::tms::run-precondition-checks"                       -      12288    12288 5.308416e+06   7.933283e-01     0.000 (  8546      0)     0.000 ( 10561      0)
"a:EAMxx::tms::run-postcondition-checks"                      -      12288    12288 5.308416e+06   4.085003e+02     0.071 (  5151      0)     0.029 ( 10410      0)
"a:EAMxx::shoc::run"                                          -      12288    12288 5.308416e+06   2.794845e+04     2.927 (   353      0)     2.115 (  7594      0)
"a:EAMxx::shoc::run-precondition-checks"                      -      12288    12288 5.308416e+06   8.288554e-01     0.000 (  2240      0)     0.000 (  7569      0)
"a:EAMxx::shoc::preprocess"                                   -      12288    12288 5.308416e+06   1.178525e+02     0.128 ( 12066      0)     0.005 (  9993      0)
"a:EAMxx::shoc::shoc_main"                                    -      12288    12288 5.308416e+06   1.752658e+04     2.051 (   359      0)     1.315 (  5752      0)
"a:EAMxx::shoc::postprocess"                                  -      12288    12288 5.308416e+06   1.373802e+02     0.095 (  6935      0)     0.008 (  3502      0)
"a:EAMxx::shoc::run-postcondition-checks"                     -      12288    12288 5.308416e+06   6.058379e+03     0.554 (  5427      0)     0.478 (  1618      0)
"a:EAMxx::cld_fraction::run"                                  -      12288    12288 5.308416e+06   1.930182e+03     0.211 (  2595      0)     0.151 (  1848      0)
"a:EAMxx::cld_fraction::run-precondition-checks"              -      12288    12288 5.308416e+06   1.579407e+00     0.000 (  9138      0)     0.000 (  3730      0)
"a:EAMxx::cld_fraction::run-postcondition-checks"             -      12288    12288 5.308416e+06   1.720656e+03     0.155 ( 10781      0)     0.134 (  8840      0)
"a:EAMxx::spa::run"                                           -      12288    12288 5.308416e+06   1.215421e+04     1.161 (  4459      0)     0.951 (  3894      0)
"a:EAMxx::spa::run-precondition-checks"                       -      12288    12288 5.308416e+06   9.923277e-01     0.000 (  2393      0)     0.000 (  7440      0)
"a:EAMxx::spa::run-postcondition-checks"                      -      12288    12288 5.308416e+06   7.695630e+03     0.681 (  4487      0)     0.594 (   981      0)
"a:EAMxx::p3::run"                                            -      12288    12288 5.308416e+06   3.699210e+04     6.658 (  3900      0)     1.532 ( 10474      0)
"a:EAMxx::p3::run-precondition-checks"                        -      12288    12288 5.308416e+06   5.771070e+02     0.126 (  1659      0)     0.045 (  2162      0)
"a:EAMxx::p3::run-postcondition-checks"                       -      12288    12288 5.308416e+06   1.166793e+04     1.196 (  7139      0)     0.672 (   696      0)
"a:EAMxx::mac_aero_mic::run-postcondition-checks"             -      12288    12288 5.308416e+06   1.428318e+00     0.000 (  3329      0)     0.000 (    94      0)
"a:EAMxx::rrtmgp::run"                                        -      12288    12288 5.308416e+06   1.394832e+05    15.184 (  3191      0)     7.530 (  6538      0)
"a:EAMxx::rrtmgp::run-precondition-checks"                    -      12288    12288 5.308416e+06   2.931353e+02     0.029 (  7194      0)     0.022 ( 11038      0)
"a:EAMxx::rrtmgp::run-postcondition-checks"                   -      12288    12288 5.308416e+06   8.366708e+03     0.764 ( 10733      0)     0.616 (  6194      0)
"a:EAMxx::physics::run-postcondition-checks"                  -      12288    12288 5.308416e+06   1.207458e+00     0.000 (  6224      0)     0.000 (  1724      0)
"a:EAMxx::SurfaceCouplingExporter::run"                       -      12288    12288 5.308416e+06   4.713455e+03     0.448 (  2598      0)     0.350 (  3700      0)
"a:EAMxx::SurfaceCouplingExporter::run-precondition-checks"   -      12288    12288 5.308416e+06   1.753399e+00     0.000 (  7968      0)     0.000 (  8690      0)
"a:EAMxx::SurfaceCouplingExporter::run-postcondition-checks"  -      12288    12288 5.308416e+06   2.163565e+00     0.000 (  4488      0)     0.000 ( 11764      0)
"a:EAMxx::EAMxx::run-postcondition-checks"                    -      12288    12288 5.308416e+06   9.273629e-01     0.000 (  5448      0)     0.000 ( 12183      0)
"a:EAMxx::IO::restart"                                        -      12288    12288 5.308416e+06   3.432671e+01     0.040 (  8654      0)     0.002 (  6288      0)
"a:EAMxx::IO::model_restart"                                  -      12288    12288 5.308416e+06   2.854846e+01     0.039 (  8654      0)     0.002 ( 12019      0)
"a:EAMxx::IO::restart::get_new_file"                          -      12288    12288 5.308416e+06   7.984610e-01     0.000 (   863      0)     0.000 (  4216      0)
"a:EAMxx::IO::restart::run_output_streams"                    -      12288    12288 5.308416e+06   1.265059e+01     0.038 (  8654      0)     0.001 ( 11193      0)
"a:EAMxx::IO::standard"                                       -      12288    12288 5.308416e+06   1.593607e+01     0.002 (  6402      0)     0.001 (   696      0)
"a:EAMxx::IO::nooutput.yaml"                                  -      12288    12288 5.308416e+06   1.132973e+01     0.001 (  3575      0)     0.001 (  3239      0)
"a:EAMxx::IO::standard::get_new_file"                         -      12288    12288 5.308416e+06   3.850705e-01     0.000 (  2460      0)     0.000 (  8246      0)
"a:EAMxx::IO::standard::run_output_streams"                   -      12288    12288 5.308416e+06   8.674936e-01     0.000 ( 10092      0)     0.000 (  4954      0)
"CPL:A2C"                                                     -      12288    12288 5.308416e+06   8.516332e+04    11.935 (  6657      0)     0.841 (  2897      0)
"CPL:a2c_atma2atmx"                                           -      12288    12288 5.308416e+06   5.539057e+04    10.544 (  8569      0)     0.222 (  2897      0)
"CPL:a2c_infoexch"                                            -      12288    12288 5.308416e+06   2.975681e+04     8.106 (  8106      0)     0.034 (     0      0)
"CPL:ATMPOST"                                                 -      12288    12288 5.308416e+06   2.796048e+00     0.000 (  3629      0)     0.000 (  1972      0)
"CPL:HISTORY"                                                 -      12288    12288 5.308416e+06   1.374211e+01     0.002 (  2772      0)     0.001 (  2056      0)
"CPL:cime_run_write_history"                                  -      12288    12288 5.308416e+06   1.050892e+01     0.001 (   876      0)     0.001 ( 12073      0)
"CPL:TSTAMP_WRITE"                                            -      12288    12288 5.308416e+06   3.465721e+00     0.002 (  2330      0)     0.000 ( 11525      0)
"CPL:TPROF_WRITE"                                             -      12288    12288 5.308416e+06   1.725283e+00     0.000 (   297      0)     0.000 (  8464      0)
"CPL:C2O_INITWAIT"                                            -      12288    12288 5.296128e+06   3.047893e+04     4.330 (   204      0)     1.483 (  9565      0)
"l:interpMonthlyVeg"                                          -      12288    12288 5.296128e+06   5.799574e+04     4.743 (     0      0)     4.702 (  8864      0)
"l:readMonthlyVeg"                                            -      12288    12288 1.228800e+04   5.797506e+04     4.743 (     0      0)     4.652 (  3491      0)
"l:PIO:openfile"                                              -      12288    12288 1.228800e+04   9.231153e+02     0.121 ( 11901      0)     0.026 ( 10379      0)
"l:PIO:pio_inq_varid_file_vdesc"                              -      12288    12288 9.830400e+04   2.666126e+01     0.011 (  8843      0)     0.000 ( 10865      0)
"l:PIO:pio_inq_varid_file_vid"                                -      12288    12288 9.830400e+04   2.662040e+01     0.011 (  8843      0)     0.000 ( 10865      0)
"l:PIO:pio_inq_varndims_file_vdesc"                           -      12288    12288 9.830400e+04   1.343324e+01     0.164 (  4093      0)     0.000 (  8439      0)
"l:PIO:pio_inq_varndims_file_vid"                             -      12288    12288 9.830400e+04   1.340264e+01     0.164 (  4093      0)     0.000 (  8439      0)
"l:PIO:pio_inq_vardimid_file_vdesc"                           -      12288    12288 9.830400e+04   2.981857e+01     0.005 (  3361      0)     0.001 (  5124      0)
"l:PIO:pio_inq_vardimid_file_vid"                             -      12288    12288 9.830400e+04   2.979393e+01     0.005 (  3317      0)     0.001 ( 11604      0)
"l:PIO:pio_inq_dimname_file_dimid"                            -      12288    12288 8.355840e+05   7.467692e+01     0.014 (  3375      0)     0.002 (  7836      0)
"l:PIO:pio_inq_dimlen_file_dimid"                             -      12288    12288 1.966080e+05   1.263437e+01     0.003 (  4330      0)     0.000 ( 10152      0)
"l:PIO:pio_inq_dimlen_file_dimid_offlen"                      -      12288    12288 1.966080e+05   1.258968e+01     0.003 (  4330      0)     0.000 ( 10152      0)
"l:PIO:pio_inquire_file"                                      -      12288    12288 3.686400e+05   2.198432e+01     0.004 (  3412      0)     0.001 ( 11604      0)
"l:PIO:pio_inq_ndims_file"                                    -      12288    12288 3.686400e+05   2.190750e+01     0.004 (  3412      0)     0.001 ( 11604      0)
"l:PIO:initdecomp"                                            -      12288    12288 1.228800e+04   6.878093e+03     0.560 (     5      0)     0.552 (  4321      0)
"l:PIO:PIOc_initdecomp"                                       -      12288    12288 1.228800e+04   6.877857e+03     0.560 (    11      0)     0.552 (  4330      0)
"l:PIO:box_rearrange_create"                                  -      12288    12288 1.228800e+04   6.771004e+03     0.551 (  8334      0)     0.551 ( 11732      0)
"l:PIO:pio_swapm"                                             -      12288    12288 1.351680e+05   5.488850e+04     4.576 (  8033      0)     2.231 (  6468      0)
"l:PIO:read_darray_3d_double"                                 -      12288    12288 9.830400e+04   4.943872e+04     4.041 (  9324      0)     3.846 (  4093      0)
"l:PIO:PIOc_read_darray"                                      -      12288    12288 9.830400e+04   4.943846e+04     4.041 (  9324      0)     3.846 (  4093      0)
"l:PIO:read_darray_nc"                                        -      12288    12288 9.830400e+04   8.678382e+02     2.343 (  6468      0)     0.000 (   803      0)
"l:PIO:rearrange_io2comp"                                     -      12288    12288 9.830400e+04   4.851961e+04     4.038 (  6923      0)     1.695 (  6468      0)
"l:PIO:closefile"                                             -      12288    12288 1.228800e+04   1.018070e+01     0.026 (   420      0)     0.000 ( 12251      0)
"l:PIO:PIOc_closefile"                                        -      12288    12288 1.228800e+04   1.016040e+01     0.026 (   420      0)     0.000 ( 12251      0)
"l:surfalb"                                                   -      12288    12288 5.296128e+06   2.044199e+04     2.045 (  3744      0)     1.341 (   606      0)
"l:urbsurfalb"                                                -      12288    12288 5.296128e+06   4.053840e+03     0.441 (   345      0)     0.266 (    98      0)
"CPL:OCNT_RUN"                                                -      12288    12288 5.296128e+06   2.629099e+03     0.280 (     0      0)     0.110 ( 10283      0)
"o:DOCN_RUN"                                                  -      12288    12288 5.296128e+06   2.466966e+03     0.228 (  9771      0)     0.097 ( 10283      0)
"o:docn_run1"                                                 -      12288    12288 5.296128e+06   5.026073e+00     0.001 ( 10863      0)     0.000 (  2927      0)
"o:docn"                                                      -      12288    12288 5.296128e+06   2.450343e+03     0.226 (  9771      0)     0.096 ( 10283      0)
"o:docn_strdata_advance"                                      -      12288    12288 5.296128e+06   1.668855e+03     0.157 ( 12104      0)     0.034 ( 10283      0)
"o:docn_strd_adv_total"                                       -      12288    12288 5.296128e+06   1.661835e+03     0.156 ( 12104      0)     0.033 ( 10283      0)
"o:docn_strd_adv_readLBUB"                                    -      12288    12288 5.296128e+06   6.234830e+02     0.138 (  3422      0)     0.017 ( 11075      0)
"o:docn_readLBUB_setup"                                       -      12288    12288 5.296128e+06   1.634155e+00     0.000 (  1617      0)     0.000 (  6408      0)
"o:docn_readLBUB_filemgt"                                     -      12288    12288 5.296128e+06   9.588666e-01     0.000 (  8272      0)     0.000 (  9570      0)
"o:docn_strd_adv_tint"                                        -      12288    12288 5.296128e+06   6.903771e+01     0.008 ( 10752      0)     0.005 (  6747      0)
"o:docn_scatter"                                              -      12288    12288 5.296128e+06   5.319583e+02     0.050 (  9771      0)     0.040 (  6677      0)
"o:docn_datamode"                                             -      12288    12288 5.296128e+06   4.815574e+01     0.005 (  9826      0)     0.004 (  7291      0)
"o:docn_run2"                                                 -      12288    12288 5.296128e+06   5.500692e-01     0.003 (     0      0)     0.000 (  2042      0)
"CPL:O2CT"                                                    -      12288    12288 5.296128e+06   2.485281e+04     6.645 (  6300      0)     0.026 ( 11075      0)
"CPL:o2c_ocno2ocnx"                                           -      12288    12288 5.296128e+06   2.351080e+02     0.025 (  2237      0)     0.017 (  3069      0)
"CPL:o2c_infoexch"                                            -      12288    12288 5.296128e+06   2.460939e+04     6.625 (  6300      0)     0.006 ( 11075      0)
"CPL:OCNPOSTT"                                                -      12288    12288 5.296128e+06   3.547494e+00     0.000 (  2964      0)     0.000 (  8712      0)
"i:cice_pice_readLBUB_LB_copy"                                -      12288    12288 1.228800e+04   1.223766e-02     0.000 (  2458      0)     0.000 (  8173      0)
"o:docn_readLBUB_fbound"                                      -      12288    12288 1.228800e+04   1.433414e-03     0.000 (     0      0)     0.000 (  7642      0)
"o:docn_readLBUB_bcast"                                       -      12288    12288 1.228800e+04   1.716068e+02     0.029 (  1397      0)     0.000 ( 11075      0)
"o:docn_readLBUB_LB_copy"                                     -      12288    12288 1.228800e+04   1.335958e-02     0.000 (  8044      0)     0.000 (  1477      0)
"o:docn_readLBUB_UB_setup"                                    -      12288    12288 1.228800e+04   5.307400e-03     0.000 (     0      0)     0.000 (   625      0)
"o:docn_readLBUB_UB_readpio"                                  -      12288    12288 1.228800e+04   4.365653e+02     0.116 (  6948      0)     0.010 (  7100      0)
"o:PIO:pio_inq_varid_file_vdesc"                              -      12288    12288 2.457600e+04   9.730382e+00     0.007 ( 11499      0)     0.000 (  8908      0)
"o:PIO:pio_inq_varid_file_vid"                                -      12288    12288 2.457600e+04   9.716620e+00     0.007 ( 11499      0)     0.000 (  8909      0)
"o:PIO:pio_inq_varndims_file_vdesc"                           -      12288    12288 1.228800e+04   2.286118e+00     0.002 ( 11068      0)     0.000 (  1817      0)
"o:PIO:pio_inq_varndims_file_vid"                             -      12288    12288 1.228800e+04   2.275480e+00     0.002 ( 11068      0)     0.000 (  7735      0)
"o:PIO:pio_inq_vardimid_file_vdesc"                           -      12288    12288 1.228800e+04   7.284747e+00     0.001 (  3821      0)     0.000 (  4838      0)
"o:PIO:pio_inq_vardimid_file_vid"                             -      12288    12288 1.228800e+04   7.275075e+00     0.001 (  3821      0)     0.000 (  4838      0)
"o:PIO:pio_inq_dimlen_file_dimid"                             -      12288    12288 3.686400e+04   4.410041e+00     0.000 (  3726      0)     0.000 (  4767      0)
"o:PIO:pio_inq_dimlen_file_dimid_offlen"                      -      12288    12288 3.686400e+04   4.391268e+00     0.000 (  3723      0)     0.000 (  2140      0)
"o:PIO:pio_inq_vartype_file_vdesc"                            -      12288    12288 1.228800e+04   3.588941e+00     0.000 (  3709      0)     0.000 (  1180      0)
"o:PIO:pio_inq_vartype_file_vid"                              -      12288    12288 1.228800e+04   3.580235e+00     0.000 (  3711      0)     0.000 (  1180      0)
"o:PIO:read_darray_1d_real"                                   -      12288    12288 1.228800e+04   3.793320e+02     0.113 (  6948      0)     0.008 (  7100      0)
"o:PIO:PIOc_read_darray"                                      -      12288    12288 1.228800e+04   3.792945e+02     0.113 (  6948      0)     0.008 (  7100      0)
"o:PIO:read_darray_nc"                                        -      12288    12288 1.228800e+04   2.256307e+01     0.112 (  6948      0)     0.000 (  1010      0)
"o:PIO:rearrange_io2comp"                                     -      12288    12288 1.228800e+04   3.535718e+02     0.108 (  9883      0)     0.000 (     0      0)
"o:PIO:pio_swapm"                                             -      12288    12288 1.228800e+04   3.533224e+02     0.108 (  9883      0)     0.000 (     0      0)
"o:docn_strd_adv_fill"                                        -      12288    12288 1.228800e+04   1.656656e+00     0.000 (  2000      0)     0.000 (  9010      0)
"o:docn_strd_adv_map"                                         -      12288    12288 1.228800e+04   9.380802e+02     0.104 ( 10027      0)     0.000 (  1325      0)
"CPL:RUN_LOOP_BSTOP"                                          -      12288    12288 1.228800e+04   4.379944e+01     0.004 (  1604      0)     0.000 ( 10181      0)
"CPL:FINAL"                                                   -      12288    12288 1.228800e+04   2.442594e+04     1.989 (     0      0)     1.970 (  7171      0)
"CPL:cime_final"                                              -      12288    12288 1.228800e+04   2.442592e+04     1.989 (     0      0)     1.970 (  7171      0)
"o_f:DOCN_FINAL"                                              -      12288    12288 1.228800e+04   8.546907e-01     0.058 ( 11325      0)     0.000 (  2514      0)
"a_f:EAMxx::finalize"                                         y      12288    12288 1.228800e+04   3.894254e+03     1.925 ( 10212      0)     0.105 (  8166      0)
"a_f:PIO:PIOc_sync"                                           -      12288    12288 1.228800e+04   2.508353e-01     0.000 (  2232      0)     0.000 (  9795      0)
"a_f:PIO:write_total"                                         -      12288    12288 2.457600e+04   1.801953e+03     1.761 (   888      0)     0.000 (  8186      0)
"a_f:PIO:flush_output_buffer"                                 -       1024     1024 2.048000e+03   1.243884e-01     0.000 (  5100      0)     0.000 ( 10848      0)
"a_f:PIO:PIOc_closefile"                                      -      12288    12288 2.457600e+04   1.823559e+03     1.794 (  9468      0)     0.000 (  7102      0)
"a_f:PIO:PIOc_closefile_write_mode"                           -      12288    12288 1.228800e+04   1.801720e+03     1.761 (   888      0)     0.000 (  1774      0)
"a_f:PIO:PIOc_freedecomp"                                     -      12288    12288 1.597440e+05   1.679223e+00     0.001 (  3192      0)     0.000 ( 10525      0)
"PIO:finalize"                                                -      12288    12288 1.228800e+05   1.976559e+04     1.862 (  3074      0)     0.002 (  1284      0)
"PIO:PIOc_finalize"                                           -      12288    12288 1.228800e+05   1.976250e+04     1.862 (  3074      0)     0.002 (   636      0)
"CPL:FINAL_sync1_tprf"                                        -      12288    12288 1.228800e+04   9.414600e+00     0.001 (   360      0)     0.000 (     0      0)
"CPL:FINAL_t_prf"                                             y          0        0 0.000000e+00   0.000000e+00     0.000 (     0      0)     0.000 (     0      0)

