
***** GLOBAL STATISTICS ( 12288 MPI TASKS) *****

$Id: gptl.c,v 1.157 2011-03-28 20:55:18 rosinski Exp $
'count' is cumulative. All other stats are max/min
'on' indicates whether the timer was active during output, and so stats are lower or upper bounds.

name                                                         on  processes  threads        count      walltotal   wallmax (proc   thrd  )   wallmin (proc   thrd  )
"CPL:INIT"                                                    -      12288    12288 1.228800e+04   7.053587e+06   690.406 (  6552      0)   420.070 (  4935      0)
"CPL:cime_pre_init1"                                          -      12288    12288 1.228800e+04   1.910053e+06   271.824 (  6557      0)     1.488 (  4936      0)
"CPL:mpi_init"                                                -      12288    12288 1.228800e+04   1.904153e+06   271.347 (  6557      0)     1.011 (  4932      0)
"CPL:ESMF_Initialize"                                         -      12288    12288 1.228800e+04   1.254164e+00     0.000 (  5055      0)     0.000 (   219      0)
"CPL:cime_pre_init2"                                          -      12288    12288 1.228800e+04   2.431998e+04     1.985 (  5276      0)     1.517 (     0      0)
"CPL:seq_infodata_init"                                       -      12288    12288 1.228800e+04   2.606888e+03     0.718 (  1026      0)     0.022 (  4256      0)
"CPL:seq_timemgr_clockInit"                                   -      12288    12288 1.228800e+04   3.417656e+01     0.012 ( 10189      0)     0.001 (  9723      0)
"CPL:cime_init"                                               -      12288    12288 1.228800e+04   5.119213e+06   417.065 (    10      0)   416.594 (  7066      0)
"CPL:init_comps"                                              -      12288    12288 1.228800e+04   5.118210e+06   416.984 (    10      0)   416.513 (  7066      0)
"CPL:comp_init_pre_all"                                       -      12288    12288 1.228800e+04   8.343717e-01     0.000 (  2211      0)     0.000 (  4985      0)
"CPL:comp_init_cc_atm"                                        -      12288    12288 1.228800e+04   1.675347e+06   136.802 (    10      0)   136.333 (  5253      0)
"a_i:comp_init"                                               -      12288    12288 2.457600e+04   1.675156e+06   136.799 (     0      0)   136.316 (  5253      0)
"a_i:EAMxx::init"                                             -      12288    12288 8.601600e+04   1.654666e+06   136.046 (    73      0)   134.222 (  3526      0)
"a_i:EAMxx::create_output_managers"                           -      12288    12288 1.228800e+04   5.142609e+02     0.193 (  3748      0)     0.000 (  4264      0)
"a_i:EAMxx::create_atm_processes"                             -      12288    12288 1.228800e+04   3.689072e+03     0.769 (    17      0)     0.107 (  4569      0)
"a_i:EAMxx::create_grids"                                     -      12288    12288 1.228800e+04   4.616939e+05    37.727 (     0      0)    37.473 (   609      0)
"a_i:EAMxx::build_grids"                                      -      12288    12288 1.228800e+04   4.438308e+05    36.121 (  8216      0)    36.117 ( 10413      0)
"a_i:PartitioningTime"                                        -      12288    12288 1.228800e+04   2.619949e-03     0.000 (  3563      0)     0.000 (  9204      0)
"a_i:repro_sum_int"                                           -      12288    12288 1.228800e+04   2.305135e+03     0.408 (  6026      0)     0.002 (  9756      0)
"a_i:PIO:spio_get_att_tc"                                     -      12288    12288 1.339392e+06   3.517685e+02     0.033 (  6075      0)     0.023 (     0      0)
"a_i:PIO:spio_get_vars_tc"                                    -      12288    12288 2.457600e+05   2.990230e+03     0.307 (  1656      0)     0.164 (   202      0)
"a_i:PIO:PIOc_closefile"                                      -      12288    12288 1.597440e+05   1.097813e+03     3.489 (  9564      0)     0.000 ( 12111      0)
"a_i:EAMxx::SurfaceCouplingImporter::set_grids"               -      12288    12288 1.228800e+04   3.978310e+00     0.001 ( 12009      0)     0.000 (  5624      0)
"a_i:EAMxx::homme::set_grids"                                 -      12288    12288 1.228800e+04   3.761826e+03     0.534 (  1830      0)     0.221 (  6903      0)
"a_i:EAMxx::physics::set_grids"                               -      12288    12288 1.228800e+04   1.266666e+04     1.118 (  6948      0)     0.802 (  1830      0)
"a_i:EAMxx::mac_aero_mic::set_grids"                          -      12288    12288 1.228800e+04   9.068840e+03     0.823 (  6903      0)     0.510 (  1830      0)
"a_i:EAMxx::tms::set_grids"                                   -      12288    12288 1.228800e+04   1.606636e+01     0.002 (  4797      0)     0.001 (  7030      0)
"a_i:EAMxx::shoc::set_grids"                                  -      12288    12288 1.228800e+04   6.636598e+00     0.002 (  9229      0)     0.000 (  4164      0)
"a_i:EAMxx::cld_fraction::set_grids"                          -      12288    12288 1.228800e+04   1.618290e+00     0.001 (  4790      0)     0.000 (  6199      0)
"a_i:EAMxx::spa::set_grids"                                   -      12288    12288 1.228800e+04   8.999653e+03     0.817 (  6903      0)     0.505 (  1830      0)
"a_i:EAMxx::p3::set_grids"                                    -      12288    12288 1.228800e+04   4.410955e+01     0.005 (  2100      0)     0.001 (     0      0)
"a_i:EAMxx::rrtmgp::set_grids"                                -      12288    12288 1.228800e+04   3.596916e+03     0.298 (  8328      0)     0.289 (  2303      0)
"a_i:EAMxx::SurfaceCouplingExporter::set_grids"               -      12288    12288 1.228800e+04   1.549662e+02     0.018 (  4813      0)     0.008 (  6659      0)
"a_i:EAMxx::create_fields"                                    -      12288    12288 1.228800e+04   2.766160e+03     0.239 (  4511      0)     0.207 (  2568      0)
"a_i:EAMxx::initialize_fields"                                -      12288    12288 1.228800e+04   5.641149e+05    45.956 (  1032      0)    45.852 (  5218      0)
"a_i:PIO:PIOc_initdecomp"                                     -      12288    12288 1.597440e+05   1.388830e+05    11.305 (  4206      0)    11.301 (   396      0)
"a_i:PIO:box_rearrange_create"                                -      12288    12288 1.597440e+05   1.387304e+05    11.291 (  7404      0)    11.289 ( 11725      0)
"a_i:PIO:pio_swapm"                                           -      12288    12288 7.495680e+05   3.172611e+05    31.956 (  1362      0)     4.671 (  4584      0)
"a_i:PIO:PIOc_read_darray"                                    -      12288    12288 2.703360e+05   2.671300e+05    22.876 (  1253      0)    19.510 (  5205      0)
"a_i:PIO:read_darray_nc"                                      -      12288    12288 2.703360e+05   1.709513e+04    21.131 (  3024      0)     0.000 (  3349      0)
"a_i:PIO:rearrange_io2comp"                                   -      12288    12288 2.703360e+05   2.280925e+05    22.390 (   197      0)     0.469 (  9228      0)
"a_i:EAMxx::initialize_atm_procs"                             -      12288    12288 1.228800e+04   6.156512e+05    51.200 (   613      0)    49.672 (  4608      0)
"a_i:EAMxx::SurfaceCouplingImporter::init"                    -      12288    12288 1.228800e+04   6.134980e+01     0.095 (  3340      0)     0.000 ( 12008      0)
"a_i:EAMxx::homme::init"                                      -      12288    12288 1.228800e+04   2.664287e+05    22.672 (  5617      0)    20.957 ( 10548      0)
"a_i:compose_init"                                            -      12288    12288 1.228800e+04   7.104561e+02     0.123 (  3387      0)     0.014 ( 11028      0)
"a_i:sl_init1"                                                -      12288    12288 1.228800e+04   2.512831e+04     2.286 (  1572      0)     1.881 (  6062      0)
"a_i:EAMxx::tms::init"                                        -      12288    12288 1.228800e+04   5.190834e-02     0.000 (  8384      0)     0.000 (  3800      0)
"a_i:EAMxx::shoc::init"                                       -      12288    12288 1.228800e+04   2.069587e+02     0.159 (  1174      0)     0.001 ( 10044      0)
"a_i:EAMxx::cld_fraction::init"                               -      12288    12288 1.228800e+04   3.473743e-01     0.000 (  5731      0)     0.000 (  4274      0)
"a_i:EAMxx::spa::init"                                        -      12288    12288 1.228800e+04   3.409263e+05    29.311 (     1      0)    26.754 (  1339      0)
"a_i:EAMxx::p3::init"                                         -      12288    12288 1.228800e+04   5.169743e+03     0.718 (   257      0)     0.040 (  4913      0)
"a_i:EAMxx::rrtmgp::init"                                     -      12288    12288 1.228800e+04   2.761988e+03     1.337 (   783      0)     0.045 ( 11308      0)
"a_i:EAMxx::SurfaceCouplingExporter::init"                    -      12288    12288 1.228800e+04   5.118274e+01     0.053 (   805      0)     0.002 (  8435      0)
"a_i:EAMxx::initialize_output_managers"                       -      12288    12288 1.228800e+04   6.236077e+03     0.521 ( 11820      0)     0.506 (  9259      0)
"a_i:EAMxx::IO::standard"                                     -      12288    12288 1.228800e+04   5.749818e+03     0.489 (  8220      0)     0.285 (  3595      0)
"a_i:EAMxx::IO::nooutput.yaml"                                -      12288    12288 1.228800e+04   5.749803e+03     0.489 (  8220      0)     0.285 (  3595      0)
"a_i:EAMxx::IO::standard::get_new_file"                       -      12288    12288 1.228800e+04   5.735148e+03     0.476 (  6849      0)     0.285 (  3595      0)
"a_i:PIO:PIOc_createfile"                                     -      12288    12288 1.228800e+04   5.160445e+03     0.444 (  3046      0)     0.241 (  3595      0)
"a_i:PIO:write_total"                                         -      12288    12288 4.055040e+05   5.173184e+03     0.446 (  3000      0)     0.241 (  3595      0)
"a_i:PIO:spio_put_att_tc"                                     -      12288    12288 3.686400e+05   1.122258e+00     0.014 (   552      0)     0.000 ( 10303      0)
"a_i:PIO:spio_put_vars_tc"                                    -      12288    12288 1.228800e+04   7.814810e+00     0.001 (  1200      0)     0.001 (  9520      0)
"a_i:PIO:flush_output_buffer"                                 -       1024     1024 2.048000e+03   4.329717e+00     0.004 (  1188      0)     0.004 (  1212      0)
"a_i:EAMxx::IO::standard::run_output_streams"                 -      12288    12288 1.228800e+04   1.333249e-03     0.000 ( 11064      0)     0.000 (  2820      0)
"a_i:EAMxx::IO::standard::update_snapshot_tally"              -      12288    12288 1.228800e+04   1.461588e+01     0.014 (  8844      0)     0.000 (  3379      0)
"a_i:PIO:PIOc_sync"                                           -      12288    12288 1.228800e+04   3.807143e+00     0.004 (  5652      0)     0.000 (  2834      0)
"CPL:comp_init_cc_lnd"                                        -      12288    12288 1.228800e+04   2.359790e+06   192.045 ( 11295      0)   192.038 (  8740      0)
"l_i:comp_init"                                               -      12288    12288 1.228800e+04   2.359644e+06   192.042 ( 11292      0)   192.023 (  1174      0)
"l_i:elm_init1"                                               -      12288    12288 1.228800e+04   6.314135e+05    51.420 (  4131      0)    51.318 (  1206      0)
"l_i:PIO:openfile"                                            -      12288    12288 2.826240e+05   4.778503e+04     4.562 (  8988      0)     3.232 (  5493      0)
"l_i:PIO:pio_inq_dimid_file_dimid"                            -      12288    12288 7.618560e+05   7.537546e+01     0.018 (  4001      0)     0.004 (  4529      0)
"l_i:PIO:pio_inq_dimlen_file_dimid"                           -      12288    12288 4.571136e+06   2.674130e+02     0.046 (   540      0)     0.010 (  6948      0)
"l_i:PIO:pio_inq_dimlen_file_dimid_offlen"                    -      12288    12288 4.571136e+06   2.660939e+02     0.046 (   540      0)     0.010 (  6948      0)
"l_i:PIO:pio_inq_varid_file_vdesc"                            -      12288    12288 5.726208e+06   3.146912e+03     1.492 (   769      0)     0.021 (  4807      0)
"l_i:PIO:pio_inq_varid_file_vid"                              -      12288    12288 5.726208e+06   3.144686e+03     1.492 (   769      0)     0.021 (  4807      0)
"l_i:PIO:get_var_1d_int"                                      -      12288    12288 7.372800e+04   2.459793e+03     0.202 (  6083      0)     0.187 (  1138      0)
"l_i:PIO:spio_get_vars_tc"                                    -      12288    12288 2.445312e+06   9.566504e+04     7.958 (  1124      0)     7.712 (  7748      0)
"l_i:PIO:closefile"                                           -      12288    12288 2.457600e+05   2.514262e+02     0.406 (   732      0)     0.001 ( 10690      0)
"l_i:PIO:PIOc_closefile"                                      -      12288    12288 2.457600e+05   2.512115e+02     0.406 (   732      0)     0.001 ( 10690      0)
"l_i:PIO:pio_inq_varndims_file_vdesc"                         -      12288    12288 2.789376e+06   4.895641e+02     2.072 (  4094      0)     0.010 (  8483      0)
"l_i:PIO:pio_inq_varndims_file_vid"                           -      12288    12288 2.789376e+06   4.888872e+02     2.072 (  4094      0)     0.010 (  8483      0)
"l_i:PIO:pio_inq_vardimid_file_vdesc"                         -      12288    12288 2.789376e+06   7.039465e+02     0.137 (   260      0)     0.024 (  7360      0)
"l_i:PIO:pio_inq_vardimid_file_vid"                           -      12288    12288 2.789376e+06   7.033547e+02     0.137 (   260      0)     0.024 (  7357      0)
"l_i:PIO:pio_inq_dimname_file_dimid"                          -      12288    12288 1.013760e+07   8.144654e+02     0.149 (   261      0)     0.025 (  6216      0)
"l_i:PIO:initdecomp"                                          -      12288    12288 3.194880e+05   1.423636e+05    11.753 (     8      0)    11.099 ( 10032      0)
"l_i:PIO:PIOc_initdecomp"                                     -      12288    12288 3.194880e+05   1.423449e+05    11.751 (     8      0)    11.098 ( 10032      0)
"l_i:PIO:box_rearrange_create"                                -      12288    12288 3.194880e+05   1.356943e+05    11.045 (  2267      0)    11.041 (  1036      0)
"l_i:PIO:pio_swapm"                                           -      12288    12288 3.723264e+06   1.900502e+06   162.673 (  8619      0)    59.952 (   180      0)
"l_i:PIO:read_darray_1d_double"                               -      12288    12288 1.007616e+06   5.965602e+05    48.706 (  8388      0)    47.628 (  4093      0)
"l_i:PIO:PIOc_read_darray"                                    -      12288    12288 2.764800e+06   1.869820e+06   152.654 (  8899      0)   149.327 (  4093      0)
"l_i:PIO:read_darray_nc"                                      -      12288    12288 2.764800e+06   8.708777e+04   100.667 (   180      0)     0.000 ( 10665      0)
"l_i:PIO:rearrange_io2comp"                                   -      12288    12288 2.764800e+06   1.780458e+06   152.552 (  8899      0)    50.680 (   180      0)
"l_i:PIO:pio_inquire_file"                                    -      12288    12288 3.686400e+06   2.005748e+02     0.036 (   254      0)     0.006 ( 10145      0)
"l_i:PIO:pio_inq_ndims_file"                                  -      12288    12288 3.686400e+06   1.998021e+02     0.036 (   254      0)     0.006 ( 10140      0)
"l_i:PIO:read_darray_1d_int"                                  -      12288    12288 8.601600e+04   5.738109e+04     4.690 (  8375      0)     4.634 (  4093      0)
"l_i:PIO:read_darray_3d_double"                               -      12288    12288 2.211840e+05   6.290862e+04     5.173 ( 12120      0)     4.817 (  4095      0)
"l_i:PIO:read_darray_3d_int"                                  -      12288    12288 1.228800e+04   2.108525e+03     0.180 (  4627      0)     0.156 (  2167      0)
"l_i:PIO:read_darray_4d_double"                               -      12288    12288 1.720320e+05   2.711086e+05    22.091 ( 12156      0)    21.807 (  4093      0)
"l_i:PIO:get_var_1d_text"                                     -      12288    12288 2.457600e+04   1.377492e+02     0.019 (  4089      0)     0.004 (  1864      0)
"l_i:PIO:get_var_1d_double"                                   -      12288    12288 1.769472e+06   3.715980e+03     0.327 (  1156      0)     0.111 (  7748      0)
"l_i:PIO:get_var_0d_double"                                   -      12288    12288 1.228800e+05   2.102291e+02     0.021 (  3432      0)     0.012 (     1      0)
"l_i:PIO:read_darray_2d_double"                               -      12288    12288 1.216512e+06   8.744371e+05    71.411 (  8844      0)    69.883 (  4093      0)
"l_i:PIO:read_darray_2d_int"                                  -      12288    12288 4.915200e+04   5.321082e+03     0.443 (  9719      0)     0.365 (  2297      0)
"l_i:gather_1darray_int_total"                                -      12288    12288 6.144000e+04   8.282803e+03     1.476 (     0      0)     0.369 (    80      0)
"l_i:scatter_1darray_int_total"                               -      12288    12288 6.144000e+04   2.148832e+04     1.954 (     2      0)     0.864 (     0      0)
"l_i:init_filters"                                            -      12288    12288 1.228800e+04   6.134899e+01     0.027 (   564      0)     0.000 ( 10970      0)
"l_i:elm_init2"                                               -      12288    12288 1.228800e+04   1.721706e+06   140.125 ( 11292      0)   140.107 (  1174      0)
"l_i:init_orbd"                                               -      12288    12288 1.228800e+04   6.371965e+00     0.024 (  1865      0)     0.000 (  3802      0)
"l_i:PIO:get_var_0d_int"                                      -      12288    12288 2.580480e+05   9.145207e+04     7.504 (  4092      0)     7.418 (  7939      0)
"l_i:PIO:get_var_2d_double"                                   -      12288    12288 1.474560e+05   6.089805e+02     0.051 ( 10836      0)     0.045 (  8034      0)
"l_i:PIO:get_var_3d_double"                                   -      12288    12288 4.915200e+04   1.756845e+02     0.016 (  9521      0)     0.009 (     0      0)
"l_i:init_accflds"                                            -      12288    12288 1.228800e+04   7.149603e+00     0.001 ( 11955      0)     0.000 (  9755      0)
"l_i:init_dyn_subgrid"                                        -      12288    12288 1.228800e+04   4.222879e+01     0.015 (  1395      0)     0.001 (  8761      0)
"l_i:subgridRest_write-read"                                  -      12288    12288 1.228800e+04   2.272086e+05    18.501 (  8124      0)    18.476 (  2324      0)
"l_i:init_map2gc"                                             -      12288    12288 1.228800e+04   5.156846e+00     0.001 (   832      0)     0.000 (  6625      0)
"l_i:init_elm_interface_data & pflotran"                      -      12288    12288 1.228800e+04   1.205985e-03     0.000 (  1210      0)     0.000 (   708      0)
"l_i:init_wlog"                                               -      12288    12288 1.228800e+04   3.457363e-03     0.000 (     0      0)     0.000 (  2856      0)
"l_i:elm_init3"                                               -      12288    12288 1.228800e+04   1.808841e-02     0.000 (  6117      0)     0.000 (  3199      0)
"CPL:comp_init_cc_rof"                                        -      12288    12288 1.228800e+04   2.205227e+02     0.019 (    36      0)     0.017 (  2863      0)
"r_i:comp_init"                                               -      12288    12288 1.228800e+04   8.660645e-01     0.000 (  2115      0)     0.000 (     0      0)
"CPL:comp_init_cc_ocn"                                        -      12288    12288 1.228800e+04   5.389765e+05    43.864 (  8113      0)    43.861 (  7066      0)
"o_i:comp_init"                                               -      12288    12288 1.228800e+04   5.388864e+05    43.862 (  8113      0)    43.795 (  1343      0)
"o_i:docn_readnml"                                            -      12288    12288 1.228800e+04   4.635517e+03     0.463 (  5162      0)     0.275 (     0      0)
"o_i:DOCN_INIT"                                               -      12288    12288 1.228800e+04   5.341632e+05    43.570 (    11      0)    43.354 (  4038      0)
"o_i:docn_strdata_init"                                       -      12288    12288 1.228800e+04   5.060135e+05    41.747 (     0      0)    40.930 (  5796      0)
"o_i:PIO:initdecomp"                                          -      12288    12288 3.686400e+04   1.098008e+04     0.924 (     5      0)     0.861 (     0      0)
"o_i:PIO:PIOc_initdecomp"                                     -      12288    12288 3.686400e+04   1.097996e+04     0.924 (     5      0)     0.861 (     0      0)
"o_i:PIO:box_rearrange_create"                                -      12288    12288 3.686400e+04   1.056238e+04     0.860 (  3111      0)     0.859 (   903      0)
"o_i:PIO:pio_swapm"                                           -      12288    12288 1.351680e+05   1.175264e+04     1.093 ( 10663      0)     0.713 (   216      0)
"o_i:docn_initgsmaps"                                         -      12288    12288 1.228800e+04   7.198289e+00     0.001 (  8366      0)     0.001 (  6072      0)
"o_i:docn_initmctdom"                                         -      12288    12288 1.228800e+04   1.831115e+00     0.000 (  2435      0)     0.000 ( 12077      0)
"o_i:docn_initmctavs"                                         -      12288    12288 1.228800e+04   1.551740e+00     0.000 (   767      0)     0.000 ( 11702      0)
"o_i:DOCN_RUN"                                                -      12288    12288 1.228800e+04   2.813889e+04     2.480 (  6120      0)     1.755 (  1189      0)
"o_i:docn_run1"                                               -      12288    12288 1.228800e+04   1.031824e-02     0.000 (  8590      0)     0.000 (  4186      0)
"o_i:docn"                                                    -      12288    12288 1.228800e+04   2.813881e+04     2.480 (  6120      0)     1.755 (  1189      0)
"o_i:docn_strdata_advance"                                    -      12288    12288 1.228800e+04   2.813671e+04     2.480 (  6120      0)     1.755 (  1189      0)
"o_i:docn_strd_adv_total"                                     -      12288    12288 1.228800e+04   2.813668e+04     2.480 (  6120      0)     1.755 (  1189      0)
"o_i:docn_strd_adv_readLBUB"                                  -      12288    12288 1.228800e+04   2.764206e+04     2.461 (  6660      0)     1.754 (   541      0)
"o_i:docn_readLBUB_setup"                                     -      12288    12288 1.228800e+04   3.626129e-03     0.000 (  4752      0)     0.000 (  5962      0)
"o_i:docn_readLBUB_fbound"                                    -      12288    12288 1.228800e+04   1.393244e+00     1.392 (     0      0)     0.000 (  4101      0)
"o_i:docn_readLBUB_bcast"                                     -      12288    12288 1.228800e+04   2.290859e+04     2.048 ( 11856      0)     0.000 (     0      0)
"o_i:docn_readLBUB_LB_setup"                                  -      12288    12288 1.228800e+04   2.740307e-03     0.000 (     0      0)     0.000 (   474      0)
"o_i:docn_readLBUB_LB_readpio"                                -      12288    12288 1.228800e+04   3.585286e+03     0.362 (  2736      0)     0.270 (  8037      0)
"o_i:PIO:openfile"                                            -      12288    12288 1.228800e+04   1.703784e+03     0.200 ( 12258      0)     0.043 (  3297      0)
"o_i:PIO:pio_inq_varid_file_vdesc"                            -      12288    12288 4.915200e+04   3.479501e+02     0.175 (  2660      0)     0.000 (  1179      0)
"o_i:PIO:pio_inq_varid_file_vid"                              -      12288    12288 4.915200e+04   3.479278e+02     0.175 (  2660      0)     0.000 (  1180      0)
"o_i:PIO:pio_inq_varndims_file_vdesc"                         -      12288    12288 2.457600e+04   2.038093e+01     0.034 (  3624      0)     0.000 (  3083      0)
"o_i:PIO:pio_inq_varndims_file_vid"                           -      12288    12288 2.457600e+04   2.036575e+01     0.034 (  3624      0)     0.000 (  3083      0)
"o_i:PIO:pio_inq_vardimid_file_vdesc"                         -      12288    12288 2.457600e+04   1.234503e+01     0.001 (   353      0)     0.000 (  1270      0)
"o_i:PIO:pio_inq_vardimid_file_vid"                           -      12288    12288 2.457600e+04   1.233209e+01     0.001 (   357      0)     0.000 (  1261      0)
"o_i:PIO:pio_inq_dimlen_file_dimid"                           -      12288    12288 7.372800e+04   7.520625e+00     0.001 (   359      0)     0.000 (  2933      0)
"o_i:PIO:pio_inq_dimlen_file_dimid_offlen"                    -      12288    12288 7.372800e+04   7.497818e+00     0.001 (   359      0)     0.000 (  2933      0)
"o_i:PIO:pio_inq_vartype_file_vdesc"                          -      12288    12288 2.457600e+04   5.712581e+00     0.001 (   251      0)     0.000 (  1223      0)
"o_i:PIO:pio_inq_vartype_file_vid"                            -      12288    12288 2.457600e+04   5.698771e+00     0.001 ( 11901      0)     0.000 (  1223      0)
"o_i:PIO:read_darray_1d_real"                                 -      12288    12288 2.457600e+04   2.003834e+03     0.292 (  1956      0)     0.045 (   973      0)
"o_i:PIO:PIOc_read_darray"                                    -      12288    12288 2.457600e+04   2.003760e+03     0.292 (  1956      0)     0.045 (   973      0)
"o_i:PIO:read_darray_nc"                                      -      12288    12288 2.457600e+04   1.497892e+02     0.273 (  2256      0)     0.000 ( 12101      0)
"o_i:PIO:rearrange_io2comp"                                   -      12288    12288 2.457600e+04   1.836914e+03     0.277 (  1965      0)     0.001 (    12      0)
"o_i:docn_readLBUB_UB_setup"                                  -      12288    12288 1.228800e+04   8.140683e-03     0.000 (     0      0)     0.000 (  4770      0)
"o_i:docn_readLBUB_UB_readpio"                                -      12288    12288 1.228800e+04   1.145820e+03     0.138 (  9344      0)     0.013 (  3853      0)
"o_i:docn_readLBUB_filemgt"                                   -      12288    12288 1.228800e+04   2.571857e-03     0.000 (  3661      0)     0.000 (  7944      0)
"o_i:docn_strd_adv_fill"                                      -      12288    12288 1.228800e+04   2.400710e+00     0.003 (  1606      0)     0.000 (  4334      0)
"o_i:docn_strd_adv_map"                                       -      12288    12288 1.228800e+04   4.918451e+02     0.065 (    15      0)     0.000 ( 10337      0)
"o_i:docn_strd_adv_tint"                                      -      12288    12288 1.228800e+04   2.520607e-01     0.000 (  5269      0)     0.000 ( 10291      0)
"o_i:docn_scatter"                                            -      12288    12288 1.228800e+04   1.516473e+00     0.000 (  2672      0)     0.000 ( 11496      0)
"o_i:docn_datamode"                                           -      12288    12288 1.228800e+04   2.880082e-01     0.000 (  4151      0)     0.000 (  1668      0)
"o_i:docn_run2"                                               -      12288    12288 1.228800e+04   1.898332e-02     0.000 (  1440      0)     0.000 (  1994      0)
"CPL:comp_init_cc_ice"                                        -      12288    12288 1.228800e+04   5.400048e+05    44.040 (  1283      0)    43.934 (  8116      0)
"i_i:comp_init"                                               -      12288    12288 1.228800e+04   5.357351e+05    44.037 (  1283      0)    43.428 (  2978      0)
"i_i:cice_init"                                               -      12288    12288 1.228800e+04   7.812708e+04     6.359 (  1009      0)     6.357 (  8102      0)
"i_i:ice_HaloUpdate2DR8"                                      -      12288    12288 4.915200e+04   7.909111e+01     0.593 (  4391      0)     0.000 ( 11054      0)
"i_i:ice_HU2DR8_init"                                         -      12288    12288 4.915200e+04   2.570820e-02     0.000 (  4277      0)     0.000 (  6077      0)
"i_i:state_bound_h1"                                          -      12288    12288 1.228800e+04   1.910462e+00     0.001 (  2868      0)     0.000 ( 10689      0)
"i_i:ice_HaloUpdate3DR8"                                      -      12288    12288 6.144000e+04   2.392922e+00     0.001 (  2868      0)     0.000 (  7551      0)
"i_i:ice_HU3DR8_init"                                         -      12288    12288 6.144000e+04   6.520970e-02     0.000 (   202      0)     0.000 (   638      0)
"i_i:ice_HU3DR8_recvall"                                      -      12288    12288 6.144000e+04   1.294438e+00     0.001 (  2868      0)     0.000 (  3027      0)
"i_i:state_bound_hm"                                          -      12288    12288 1.228800e+04   8.634732e-02     0.000 ( 11216      0)     0.000 (  4185      0)
"i_i:state_bound_hc"                                          -      12288    12288 1.228800e+04   1.200069e-01     0.000 (  5380      0)     0.000 ( 11568      0)
"i_i:state_bound_h2"                                          -      12288    12288 1.228800e+04   1.296844e+00     0.001 ( 10958      0)     0.000 ( 11734      0)
"i_i:ice_HaloUpdate4DR8"                                      -      12288    12288 1.228800e+04   6.550109e-01     0.000 ( 10958      0)     0.000 (  7243      0)
"i_i:ice_HU4DR8_init"                                         -      12288    12288 1.228800e+04   8.913130e-02     0.000 (  3884      0)     0.000 ( 11958      0)
"i_i:ice_HU4DR8_recvall"                                      -      12288    12288 1.228800e+04   3.077926e-02     0.000 ( 10958      0)     0.000 (  5055      0)
"i_i:state_bound_hd"                                          -      12288    12288 1.228800e+04   6.330416e-03     0.000 (  5615      0)     0.000 (  1919      0)
"i_i:cice_mct_init"                                           -      12288    12288 1.228800e+04   4.576002e+05    37.678 (  1283      0)    37.069 (  2978      0)
"i_i:PIO:initdecomp"                                          -      12288    12288 3.686400e+04   1.181171e+04     1.964 (     3      0)     0.877 (     0      0)
"i_i:PIO:PIOc_initdecomp"                                     -      12288    12288 3.686400e+04   1.181156e+04     1.964 (     3      0)     0.877 (     0      0)
"i_i:PIO:box_rearrange_create"                                -      12288    12288 3.686400e+04   1.075833e+04     0.876 (  2699      0)     0.875 ( 11728      0)
"i_i:PIO:pio_swapm"                                           -      12288    12288 1.105920e+05   1.010676e+04     0.872 (  5640      0)     0.720 (   752      0)
"CPL:comp_init_cc_glc"                                        -      12288    12288 1.228800e+04   3.700696e+01     0.003 (  7524      0)     0.001 (  1182      0)
"g_i:comp_init"                                               -      12288    12288 1.228800e+04   1.967536e-02     0.000 (  1590      0)     0.000 (  2429      0)
"CPL:comp_init_cc_wav"                                        -      12288    12288 1.228800e+04   3.402916e+01     0.003 (   991      0)     0.001 (  1668      0)
"w_i:comp_init"                                               -      12288    12288 1.228800e+04   5.722799e-03     0.000 (   673      0)     0.000 (   495      0)
"CPL:comp_init_cc_esp"                                        -      12288    12288 1.228800e+04   2.936443e+01     0.003 ( 10716      0)     0.000 (  4235      0)
"e_i:comp_init"                                               -      12288    12288 1.228800e+04   8.867759e-03     0.000 (  8831      0)     0.000 (  4316      0)
"CPL:comp_init_cc_iac"                                        -      12288    12288 1.228800e+04   3.419085e+01     0.003 (  7533      0)     0.001 (  3792      0)
"z_i:comp_init"                                               -      12288    12288 1.228800e+04   6.250435e-03     0.000 (  3755      0)     0.000 (  4584      0)
"CPL:comp_init_cx_all"                                        -      12288    12288 1.228800e+04   3.735764e+03     0.314 (     0      0)     0.219 (  1294      0)
"CPL:comp_list_all"                                           -      12288    12288 1.228800e+04   4.834841e-02     0.000 (  9072      0)     0.000 (  3089      0)
"CPL:init_maps"                                               -      12288    12288 1.228800e+04   3.106080e+02     0.031 (  2963      0)     0.024 (  1502      0)
"CPL:init_aream"                                              -      12288    12288 1.228800e+04   2.119076e+01     0.007 (  3036      0)     0.000 ( 12287      0)
"CPL:init_domain_check"                                       -      12288    12288 1.228800e+04   2.035034e+02     0.019 (   235      0)     0.012 (  2963      0)
"CPL:init_areacor"                                            -      12288    12288 1.228800e+04   8.849315e+01     0.007 ( 11751      0)     0.007 (  2916      0)
"CPL:init_fracs"                                              -      12288    12288 1.228800e+04   1.993327e+01     0.004 (    11      0)     0.001 (  5896      0)
"CPL:init_aoflux"                                             -      12288    12288 1.228800e+04   2.454586e+00     0.000 (  7800      0)     0.000 (  6167      0)
"CPL:init_atminit"                                            -      12288    12288 7.372800e+04   3.732029e+01     0.006 (   506      0)     0.002 (  2216      0)
"CPL:comp_init_cc_atm2"                                       -      12288    12288 1.228800e+04   1.040827e+02     0.011 (  4648      0)     0.006 (    97      0)
"CPL:init_readrestart"                                        -      12288    12288 1.228800e+04   9.572700e-01     0.000 (  8118      0)     0.000 (  3760      0)
"CPL:cime_run_init"                                           -      12288    12288 1.228800e+04   1.612102e+00     0.009 (     0      0)     0.000 (  6097      0)
"CPL:INIT_sync1_tprf"                                         -      12288    12288 1.228800e+04   1.037876e+02     0.009 (     9      0)     0.000 (     0      0)
"CPL:INIT_t_prf"                                              -      12288    12288 1.228800e+04   3.316092e+00     0.028 (     0      0)     0.000 (  7775      0)
"CPL:INIT_sync2_tprf"                                         -      12288    12288 1.228800e+04   3.455642e+02     0.028 ( 11735      0)     0.000 (     0      0)
"CPL:RUN_LOOP_BSTART"                                         -      12288    12288 1.228800e+04   4.539546e-01     0.000 (  3623      0)     0.000 (  7713      0)
"CPL:RUN_LOOP"                                                -      12288    12288 5.308416e+06   3.990203e+06   324.733 ( 11295      0)   324.720 (  7066      0)
"CPL:CLOCK_ADVANCE"                                           -      12288    12288 5.308416e+06   5.843070e+02     0.054 (  2386      0)     0.044 (  6513      0)
"CPL:RUN"                                                     -      12288    12288 6.368870e+07   4.997714e+04     5.991 (    96      0)     1.931 ( 10471      0)
"CPL:OCNPRE1"                                                 -      12288    12288 5.308416e+06   5.931239e+03     1.871 (  6480      0)     0.197 (  5919      0)
"CPL:ocnpre1_atm2ocn"                                         -      12288    12288 5.308416e+06   5.923896e+03     1.870 (  6480      0)     0.197 (  5919      0)
"CPL:LNDPREP"                                                 -      12288    12288 5.308416e+06   9.084732e+02     0.118 ( 11815      0)     0.045 (  8250      0)
"CPL:lndprep_atm2lnd"                                         -      12288    12288 5.308416e+06   6.752392e+02     0.096 ( 11815      0)     0.034 (   933      0)
"CPL:lndprep_mrgx2l"                                          -      12288    12288 5.308416e+06   2.214170e+02     0.026 ( 10040      0)     0.003 (  8490      0)
"CPL:COMM"                                                    -      12288    12288 3.714662e+07   1.593077e+05    23.509 (  6202      0)     4.335 (  1506      0)
"CPL:C2L"                                                     -      12288    12288 5.308416e+06   4.701188e+03     0.426 ( 11620      0)     0.280 (    11      0)
"CPL:c2l_lndx2lndl"                                           -      12288    12288 5.308416e+06   2.222939e+03     0.236 ( 11401      0)     0.106 (  7460      0)
"CPL:c2l_infoexch"                                            -      12288    12288 5.308416e+06   2.468668e+03     0.302 (  3284      0)     0.082 (     6      0)
"CPL:ICEPREP"                                                 -      12288    12288 5.308416e+06   1.716369e+03     0.167 ( 10041      0)     0.134 (   954      0)
"CPL:iceprep_ocn2ice"                                         -      12288    12288 5.308416e+06   3.345839e+02     0.034 ( 10043      0)     0.025 (   720      0)
"CPL:iceprep_atm2ice"                                         -      12288    12288 5.308416e+06   5.288075e+02     0.055 ( 10032      0)     0.040 ( 12271      0)
"CPL:iceprep_mrgx2i"                                          -      12288    12288 5.308416e+06   8.257629e+02     0.077 ( 10039      0)     0.064 ( 11191      0)
"CPL:C2I"                                                     -      12288    12288 5.308416e+06   2.470232e+03     0.209 (  5375      0)     0.174 ( 10041      0)
"CPL:c2i_icex2icei"                                           -      12288    12288 5.308416e+06   5.641956e+02     0.059 ( 10032      0)     0.044 (   956      0)
"CPL:ice_infoexch"                                            -      12288    12288 5.308416e+06   1.898711e+03     0.164 (  5375      0)     0.115 ( 10032      0)
"CPL:ICE_RUN"                                                 -      12288    12288 5.308416e+06   4.829596e+04     4.732 (  9720      0)     3.590 ( 11733      0)
"i:cice_run_total"                                            -      12288    12288 5.308416e+06   4.473855e+04     4.511 (  9720      0)     3.437 ( 11757      0)
"i:cice_run_import"                                           -      12288    12288 5.308416e+06   2.305691e+03     0.230 (  3678      0)     0.168 ( 10432      0)
"i:cice_imp_ocn"                                              -      12288    12288 5.308416e+06   2.146811e+02     0.028 ( 12265      0)     0.016 (  8478      0)
"i:cice_imp_atm"                                              -      12288    12288 5.308416e+06   2.211168e+02     0.038 ( 12265      0)     0.016 (  8474      0)
"i:cice_run_initmd"                                           -      12288    12288 5.308416e+06   1.742976e+04     1.546 (     4      0)     1.342 (   462      0)
"i:cice_run_presc"                                            -      12288    12288 5.308416e+06   1.127274e+04     0.953 (  8904      0)     0.770 (  1341      0)
"i:cice_pice_strd_adv_total"                                  -      12288    12288 5.308416e+06   8.921416e+03     0.751 ( 10548      0)     0.595 (  1207      0)
"i:cice_pice_strd_adv_readLBUB"                               -      12288    12288 5.308416e+06   7.434344e+03     0.704 (  2484      0)     0.553 (     6      0)
"i:cice_pice_readLBUB_setup"                                  -      12288    12288 5.308416e+06   1.683547e+00     0.000 ( 11820      0)     0.000 (   322      0)
"i:cice_pice_readLBUB_fbound"                                 -      12288    12288 2.457600e+04   2.605124e-01     0.257 (     0      0)     0.000 (  2324      0)
"i:cice_pice_readLBUB_bcast"                                  -      12288    12288 2.457600e+04   3.169919e+03     0.259 ( 11979      0)     0.000 (     0      0)
"i:cice_pice_readLBUB_LB_setup"                               -      12288    12288 1.228800e+04   3.596589e-03     0.000 (     0      0)     0.000 (  8403      0)
"i:cice_pice_readLBUB_LB_readpio"                             -      12288    12288 1.228800e+04   2.846667e+03     0.283 (   192      0)     0.212 (     1      0)
"i:PIO:openfile"                                              -      12288    12288 1.228800e+04   1.037935e+03     0.161 (  3832      0)     0.072 (  3993      0)
"i:PIO:pio_inq_varid_file_vdesc"                              -      12288    12288 7.372800e+04   2.099276e+02     0.159 (  3238      0)     0.000 (  1817      0)
"i:PIO:pio_inq_varid_file_vid"                                -      12288    12288 7.372800e+04   2.098986e+02     0.159 (  3238      0)     0.000 (  1817      0)
"i:PIO:pio_inq_varndims_file_vdesc"                           -      12288    12288 3.686400e+04   1.951004e+01     0.026 (  2857      0)     0.000 (  9682      0)
"i:PIO:pio_inq_varndims_file_vid"                             -      12288    12288 3.686400e+04   1.949049e+01     0.026 (  2857      0)     0.000 (  9682      0)
"i:PIO:pio_inq_vardimid_file_vdesc"                           -      12288    12288 3.686400e+04   2.103600e+01     0.002 (  4749      0)     0.001 (  1356      0)
"i:PIO:pio_inq_vardimid_file_vid"                             -      12288    12288 3.686400e+04   2.101998e+01     0.002 (  4749      0)     0.001 (  1356      0)
"i:PIO:pio_inq_dimlen_file_dimid"                             -      12288    12288 1.105920e+05   1.268767e+01     0.001 (   139      0)     0.000 (  9672      0)
"i:PIO:pio_inq_dimlen_file_dimid_offlen"                      -      12288    12288 1.105920e+05   1.265629e+01     0.001 (   139      0)     0.000 (  9672      0)
"i:PIO:pio_inq_vartype_file_vdesc"                            -      12288    12288 3.686400e+04   1.018467e+01     0.001 (   140      0)     0.000 (  4842      0)
"i:PIO:pio_inq_vartype_file_vid"                              -      12288    12288 3.686400e+04   1.016788e+01     0.001 (   142      0)     0.000 (  4842      0)
"i:PIO:read_darray_1d_real"                                   -      12288    12288 3.686400e+04   2.663894e+03     0.360 (   432      0)     0.094 (  5140      0)
"i:PIO:PIOc_read_darray"                                      -      12288    12288 3.686400e+04   2.663809e+03     0.360 (   432      0)     0.094 (  5140      0)
"i:PIO:read_darray_nc"                                        -      12288    12288 3.686400e+04   1.966591e+02     0.318 (  1788      0)     0.000 (  6425      0)
"i:PIO:rearrange_io2comp"                                     -      12288    12288 3.686400e+04   2.445326e+03     0.318 (   623      0)     0.001 (     0      0)
"i:PIO:pio_swapm"                                             -      12288    12288 3.686400e+04   2.443780e+03     0.317 (   623      0)     0.001 (     0      0)
"i:cice_pice_readLBUB_UB_setup"                               -      12288    12288 2.457600e+04   1.314720e-02     0.003 (     0      0)     0.000 (  1453      0)
"i:cice_pice_readLBUB_UB_readpio"                             -      12288    12288 2.457600e+04   1.399205e+03     0.202 (  1788      0)     0.067 (   460      0)
"i:cice_pice_readLBUB_filemgt"                                -      12288    12288 5.308416e+06   1.140422e+00     0.000 (  4548      0)     0.000 (  2437      0)
"i:cice_pice_strd_adv_map"                                    -      12288    12288 2.457600e+04   1.382581e+03     0.170 ( 10744      0)     0.000 (  1327      0)
"i:cice_pice_strd_adv_tint"                                   -      12288    12288 5.308416e+06   8.232740e+01     0.008 (  2898      0)     0.006 ( 10404      0)
"i:cice_run_initflux"                                         -      12288    12288 5.308416e+06   1.032066e+02     0.010 (  9568      0)     0.008 (  1851      0)
"i:cice_run_prepradiation"                                    -      12288    12288 5.308416e+06   8.667647e+01     0.012 (  9673      0)     0.006 (  6232      0)
"i:cice_run_therm1"                                           -      12288    12288 5.308416e+06   3.176354e+03     0.585 (  9720      0)     0.220 (  1204      0)
"i:cice_run_dyn"                                              -      12288    12288 5.308416e+06   3.254850e-01     0.000 ( 11988      0)     0.000 ( 10397      0)
"i:cice_run_radiation"                                        -      12288    12288 5.308416e+06   2.049453e+03     0.770 (  9851      0)     0.112 ( 11332      0)
"i:cice_step_radiationib"                                     -      12288    12288 5.308416e+06   1.827177e+03     0.752 (  9851      0)     0.095 ( 11332      0)
"i:cice_step_rib_swdedd1"                                     -      12288    12288 5.308416e+06   1.835953e+02     0.025 ( 10506      0)     0.005 ( 11757      0)
"i:cice_step_rib_swdedd2"                                     -      12288    12288 5.308416e+06   1.393165e+02     0.013 (  9594      0)     0.010 (  1020      0)
"i:cice_step_rib_swdedd7"                                     -      12288    12288 5.308416e+06   1.390157e+03     0.713 (  9851      0)     0.062 ( 11336      0)
"i:cice_run_couplingprep"                                     -      12288    12288 5.308416e+06   1.824875e+03     0.825 (  9372      0)     0.103 (  9969      0)
"i:ice_HaloUpdate2DR8"                                        -      12288    12288 5.308416e+06   5.330792e+02     0.722 (  9372      0)     0.005 ( 10894      0)
"i:ice_HU2DR8_init"                                           -      12288    12288 5.308416e+06   4.622737e+00     0.001 (  6455      0)     0.000 (   398      0)
"i:cice_run_diag"                                             -      12288    12288 5.308416e+06   4.248394e+03     0.388 ( 11695      0)     0.302 (  9852      0)
"i:cice_run_hist"                                             -      12288    12288 5.308416e+06   1.385208e+03     0.141 ( 10038      0)     0.086 (  1283      0)
"i:cice_run_accum"                                            -      12288    12288 5.308416e+06   3.954014e+01     0.004 (  5601      0)     0.003 ( 10683      0)
"i:cice_run_export"                                           -      12288    12288 5.308416e+06   7.112936e+02     0.070 ( 10033      0)     0.054 ( 10955      0)
"CPL:LND_RUN"                                                 -      12288    12288 5.308416e+06   3.357641e+05    32.565 (   759      0)    22.526 ( 12104      0)
"l:lc_lnd_import"                                             -      12288    12288 5.308416e+06   8.600849e+02     0.116 (  2877      0)     0.043 (  7681      0)
"l:elm_run"                                                   -      12288    12288 5.320704e+06   3.338546e+05    32.401 (   759      0)    22.373 ( 12104      0)
"l:shr_orb_decl"                                              -      12288    12288 5.320704e+06   4.959171e+00     0.001 (  2259      0)     0.000 (  5584      0)
"l:decomp_vert"                                               -      12288    12288 5.320704e+06   5.289403e+01     0.007 ( 10755      0)     0.002 ( 11460      0)
"l:beggridwbal"                                               -      12288    12288 5.320704e+06   1.603671e+03     0.163 (   860      0)     0.106 (  9098      0)
"l:cnpinit"                                                   -      12288    12288 5.320704e+06   3.995784e+00     0.001 (  3202      0)     0.000 ( 10319      0)
"l:cnpvegsumm"                                                -      12288    12288 5.320704e+06   5.936961e-01     0.000 (  9653      0)     0.000 ( 12118      0)
"l:dyn_subgrid"                                               -      12288    12288 5.320704e+06   9.997830e+03     0.957 ( 12150      0)     0.690 (  9305      0)
"l:begwbal"                                                   -      12288    12288 5.320704e+06   1.963785e+02     0.027 (   767      0)     0.009 (  9654      0)
"l:begcnpbal"                                                 -      12288    12288 5.320704e+06   9.206254e-01     0.000 (  4597      0)     0.000 (  5789      0)
"l:drvinit"                                                   -      12288    12288 5.320704e+06   9.332004e+02     0.089 (  5202      0)     0.068 (  9098      0)
"l:canhydro"                                                  -      12288    12288 5.320704e+06   1.756762e+03     0.193 (  1306      0)     0.107 (  6625      0)
"l:surfrad"                                                   -      12288    12288 5.320704e+06   3.419043e+03     0.329 (   312      0)     0.234 (  5770      0)
"l:bgp1"                                                      -      12288    12288 5.320704e+06   1.973721e+03     0.232 ( 12150      0)     0.117 (  6625      0)
"l:bgflux"                                                    -      12288    12288 5.320704e+06   2.605040e+03     0.301 (  4713      0)     0.135 ( 10123      0)
"l:canflux"                                                   -      12288    12288 5.320704e+06   1.006834e+05    12.342 ( 10069      0)     4.951 (  6202      0)
"l:can_iter"                                                  -      12288    12288 5.320704e+06   8.227231e+04    10.624 ( 10069      0)     3.710 (  6202      0)
"l:uflux"                                                     -      12288    12288 5.320704e+06   1.457596e+03     0.266 ( 12150      0)     0.035 (  9305      0)
"l:bgplake"                                                   -      12288    12288 5.320704e+06   7.534720e+03     0.915 (  1002      0)     0.395 (  7720      0)
"l:bgc"                                                       -      12288    12288 5.320704e+06   5.566692e+03     0.683 (  3749      0)     0.341 (  6201      0)
"l:soiltemperature"                                           -      12288    12288 5.320704e+06   6.588843e+04     6.532 (   860      0)     4.478 (  9305      0)
"l:SoilThermProp"                                             -      12288    12288 5.320704e+06   3.367517e+03     0.408 (  1306      0)     0.186 (  6094      0)
"l:SoilTempBandDiag"                                          -      12288    12288 1.064141e+07   6.285225e+03     0.851 (  3312      0)     0.342 (   348      0)
"l:PhaseChangeH2osfc"                                         -      12288    12288 5.320704e+06   3.356055e+01     0.005 (  1306      0)     0.001 (  9842      0)
"l:PhaseChangebeta"                                           -      12288    12288 5.320704e+06   1.234563e+03     0.168 (  1306      0)     0.050 (  9841      0)
"l:bgp2"                                                      -      12288    12288 5.320704e+06   2.675730e+03     0.291 ( 12150      0)     0.160 (  6625      0)
"l:bgp2_loop_1"                                               -      12288    12288 5.320704e+06   4.677726e+02     0.051 ( 12150      0)     0.029 (  6625      0)
"l:bgp2_loop_2"                                               -      12288    12288 5.320704e+06   8.158359e+02     0.087 ( 12150      0)     0.051 (  8042      0)
"l:bgp2_loop_3"                                               -      12288    12288 5.320704e+06   1.068776e+03     0.121 ( 12150      0)     0.058 ( 12104      0)
"l:bgp2_loop_4"                                               -      12288    12288 5.320704e+06   2.962038e+02     0.030 (  1696      0)     0.018 (  6625      0)
"l:patch2col"                                                 -      12288    12288 5.320704e+06   1.605669e+03     0.177 ( 12150      0)     0.101 (  6094      0)
"l:hydro without drainage"                                    -      12288    12288 5.320704e+06   2.148147e+04     2.419 ( 12150      0)     1.291 (  3475      0)
"l:hylake"                                                    -      12288    12288 5.320704e+06   1.929063e+03     0.383 (   821      0)     0.119 (  8074      0)
"l:snow_init"                                                 -      12288    12288 5.320704e+06   1.587534e+02     0.037 (  2370      0)     0.005 ( 10973      0)
"l:ecosysdyn"                                                 -      12288    12288 5.320704e+06   5.146727e+02     0.050 ( 12139      0)     0.034 (  5770      0)
"l:depvel"                                                    -      12288    12288 1.064141e+07   4.856808e+00     0.001 (  9574      0)     0.000 (  1955      0)
"l:hydro2 drainage"                                           -      12288    12288 5.320704e+06   1.500719e+03     0.187 ( 12150      0)     0.084 (  9654      0)
"l:balchk"                                                    -      12288    12288 5.320704e+06   1.713574e+03     0.159 (  2078      0)     0.122 (  6883      0)
"l:gridbalchk"                                                -      12288    12288 5.320704e+06   1.080193e+03     0.098 (  1656      0)     0.076 (  4266      0)
"l:lnd2atm"                                                   -      12288    12288 5.320704e+06   7.951912e+03     0.738 (  1309      0)     0.570 (  4266      0)
"l:wrtdiag"                                                   -      12288    12288 5.320704e+06   5.861748e+01     0.020 (     0      0)     0.004 (  6085      0)
"l:hbuf"                                                      -      12288    12288 5.320704e+06   2.981190e+04     2.735 ( 10038      0)     2.159 (  4266      0)
"l:elm_drv_io"                                                -      12288    12288 5.320704e+06   1.633212e+01     0.002 (  2789      0)     0.001 (  1084      0)
"l:elm_drv_io_htapes"                                         -      12288    12288 5.320704e+06   1.346364e+01     0.002 (  2789      0)     0.001 (  1564      0)
"l:lc_lnd_export"                                             -      12288    12288 5.320704e+06   2.593186e+02     0.023 ( 10238      0)     0.020 (  1970      0)
"l:lc_elm2_adv_timestep"                                      -      12288    12288 5.320704e+06   4.158904e+00     0.001 (  9547      0)     0.000 (  1968      0)
"l:accum"                                                     -      12288    12288 5.308416e+06   5.671614e+03     0.532 ( 10033      0)     0.436 (  3142      0)
"CPL:ATMOCNP"                                                 -      12288    12288 5.308416e+06   4.394188e+03     0.524 (  6294      0)     0.084 (  1251      0)
"CPL:atmocnp_fluxo"                                           -      12288    12288 5.308416e+06   3.740985e+03     0.484 (  6294      0)     0.024 (  1283      0)
"CPL:atmocnp_ocnalb"                                          -      12288    12288 5.308416e+06   6.389254e+02     0.081 ( 10313      0)     0.038 (  7705      0)
"CPL:L2C"                                                     -      12288    12288 5.308416e+06   2.999549e+04     5.482 (  1159      0)     0.239 (  1870      0)
"CPL:l2c_lndl2lndx"                                           -      12288    12288 5.308416e+06   2.997294e+04     5.480 (  1159      0)     0.238 (  1870      0)
"lnd2cpl_run"                                                 -      12288    12288 5.308416e+06   1.440808e+01     0.001 (  6298      0)     0.001 ( 11643      0)
"CPL:LNDPOST"                                                 -      12288    12288 5.308416e+06   4.827306e+00     0.000 ( 10033      0)     0.000 ( 11192      0)
"CPL:I2C"                                                     -      12288    12288 5.308416e+06   5.768133e+02     0.058 ( 10039      0)     0.044 (  2254      0)
"CPL:i2c_icei2icex"                                           -      12288    12288 5.308416e+06   5.608666e+02     0.057 ( 10039      0)     0.043 (  2254      0)
"CPL:i2c_infoexch"                                            -      12288    12288 5.308416e+06   7.483058e+00     0.001 (  4919      0)     0.000 (  8389      0)
"CPL:ICEPOST"                                                 -      12288    12288 5.308416e+06   4.788754e-01     0.000 (  1637      0)     0.000 (  5159      0)
"CPL:FRACSET"                                                 -      12288    12288 5.308416e+06   3.415367e+03     2.094 (   609      0)     0.065 ( 10471      0)
"CPL:fracset_fracset"                                         -      12288    12288 5.308416e+06   3.412996e+03     2.094 (   609      0)     0.064 ( 10471      0)
"CPL:ATMPREP"                                                 -      12288    12288 5.308416e+06   3.354199e+04     4.404 (   873      0)     1.216 (  1325      0)
"CPL:atmprep_xao2atm"                                         -      12288    12288 5.308416e+06   6.787234e+03     2.650 (  1161      0)     0.149 (  2242      0)
"CPL:atmprep_ocn2atm"                                         -      12288    12288 5.308416e+06   4.522736e+03     1.678 (   865      0)     0.107 (  2253      0)
"CPL:atmprep_alb2atm"                                         -      12288    12288 5.308416e+06   1.812157e+03     1.425 (   869      0)     0.048 (  3199      0)
"CPL:atmprep_ice2atm"                                         -      12288    12288 5.308416e+06   4.138485e+03     1.601 (  1153      0)     0.147 (  2251      0)
"CPL:atmprep_lnd2atm"                                         -      12288    12288 5.308416e+06   1.454186e+04     3.633 (  2231      0)     0.146 (  5358      0)
"CPL:atmprep_mrgx2a"                                          -      12288    12288 5.308416e+06   1.704800e+03     0.233 ( 10367      0)     0.092 (  6107      0)
"CPL:C2A"                                                     -      12288    12288 5.308416e+06   1.484086e+04     3.158 (  5358      0)     0.388 ( 10327      0)
"CPL:c2a_atmx2atmg"                                           -      12288    12288 5.308416e+06   1.108741e+04     2.863 (  5355      0)     0.206 (  7755      0)
"CPL:c2a_infoexch"                                            -      12288    12288 5.308416e+06   3.745809e+03     1.137 (  8370      0)     0.120 (     9      0)
"CPL:ATM_RUN"                                                 -      12288    12288 5.308416e+06   3.340061e+06   278.329 (  2253      0)   266.147 (  6662      0)
"a:EAMxx::run"                                                -      12288    12288 5.308416e+06   3.338200e+06   278.179 (  2253      0)   265.998 (  6662      0)
"a:EAMxx::EAMxx::run"                                         -      12288    12288 5.308416e+06   3.337186e+06   278.099 (  2253      0)   265.912 (  6662      0)
"a:EAMxx::EAMxx::run-precondition-checks"                     -      12288    12288 5.308416e+06   2.112366e+00     0.000 (  9567      0)     0.000 (  4331      0)
"a:EAMxx::SurfaceCouplingImporter::run"                       -      12288    12288 5.308416e+06   4.164249e+03     0.598 (   985      0)     0.281 (  8144      0)
"a:EAMxx::SurfaceCouplingImporter::run-precondition-checks"   -      12288    12288 5.308416e+06   9.953414e-01     0.000 (  4115      0)     0.000 (  2008      0)
"a:EAMxx::SurfaceCouplingImporter::run-postcondition-checks"  -      12288    12288 5.308416e+06   3.531093e+03     0.546 (   985      0)     0.230 ( 10508      0)
"a:EAMxx::homme::run"                                         -      12288    12288 5.308416e+06   3.096989e+06   252.500 (  5151      0)   251.646 (  5433      0)
"a:EAMxx::homme::run-precondition-checks"                     -      12288    12288 5.308416e+06   9.509688e-01     0.000 ( 10728      0)     0.000 (  6496      0)
"a:tl-sc prim_run_subcycle_c"                                 -      12288    12288 1.061683e+07   3.035032e+06   247.582 (  8389      0)   246.090 (  4305      0)
"a:tl-s prim_step_flexible"                                   -      12288    12288 1.061683e+07   3.034982e+06   247.578 (  8389      0)   246.086 (  4305      0)
"a:ApplyCAMForcing_tracers"                                   -      12288    12288 5.308416e+06   9.352256e+03     2.695 (   632      0)     0.343 (  6602      0)
"a:tl-s deep_copy+derived_dp"                                 -      12288    12288 1.061683e+07   1.013044e+03     0.140 (  3439      0)     0.073 (  5760      0)
"a:ApplyCAMForcing_dynamics"                                  -      12288    12288 3.185050e+07   4.562956e+03     0.497 (  4341      0)     0.337 (  6230      0)
"a:tl-ae prim_advance_exp"                                    -      12288    12288 6.370099e+07   2.449887e+06   204.775 (  9124      0)   194.736 (   626      0)
"a:ttype9_imex_timestep"                                      -      12288    12288 6.370099e+07   2.092505e+06   181.139 (  9135      0)   163.690 (  7769      0)
"a:caar compute"                                              -      12288    12288 6.370099e+08   5.665158e+05    49.731 (  2573      0)    42.508 (  7800      0)
"a:caar_bexchV"                                               -      12288    12288 3.185050e+08   5.170854e+05    54.882 (  5786      0)    33.660 (  3628      0)
"a:caar limiter"                                              -      12288    12288 3.822060e+08   2.272885e+05    22.734 (  8306      0)    16.348 ( 10208      0)
"a:compute_stage_value_dirk"                                  -      12288    12288 3.185050e+08   7.679980e+05    70.062 (  5682      0)    59.157 (  7801      0)
"a:tl-ae advance_hypervis_dp"                                 -      12288    12288 6.370099e+07   3.554162e+05    38.462 (  8975      0)    22.685 (  7599      0)
"a:hvf-bhwk"                                                  -      12288    12288 6.370099e+07   1.859483e+05    21.081 (  9151      0)    12.644 ( 11178      0)
"a:hvf-bexch"                                                 -      12288    12288 1.911030e+08   2.116214e+05    26.659 (  8975      0)    10.945 (  7599      0)
"a:tl-sc vertical_remap"                                      -      12288    12288 3.185050e+07   1.592035e+05    14.740 (  1481      0)    11.745 (  8979      0)
"a:Remap Thickness Functor"                                   -      12288    12288 3.185050e+07   4.302291e+03     0.688 (  2640      0)     0.309 (  4786      0)
"a:Remap Scale States Functor"                                -      12288    12288 3.185050e+07   2.045062e+03     0.536 (  2013      0)     0.131 (  2832      0)
"a:Remap Compute Grids Functor"                               -      12288    12288 3.185050e+07   1.054431e+04     1.114 (  3909      0)     0.778 (  7202      0)
"a:Remap Compute Remap Functor"                               -      12288    12288 3.185050e+07   1.121515e+05    10.337 (   804      0)     8.379 (  7964      0)
"a:Remap Rescale States Functor"                              -      12288    12288 3.185050e+07   3.199487e+03     0.563 (   681      0)     0.215 (  8274      0)
"a:tl-at prim_advec_tracers_compose"                          -      12288    12288 1.061683e+07   3.851467e+05    34.919 (  8220      0)    26.830 (  1937      0)
"a:compose_transport"                                         -      12288    12288 1.061683e+07   3.850095e+05    34.908 (  8220      0)    26.819 (  1937      0)
"a:compose_calc_trajectory"                                   -      12288    12288 1.061683e+07   3.676671e+04     4.065 (  8222      0)     2.480 (  8273      0)
"a:compose_3d_levels"                                         -      12288    12288 1.061683e+07   1.949022e+04     1.896 (  4045      0)     1.436 (  7958      0)
"a:compose_v_bexchv"                                          -      12288    12288 1.061683e+07   1.573108e+04     2.396 ( 12278      0)     0.763 (  9137      0)
"a:compose_v2x"                                               -      12288    12288 1.061683e+07   1.500353e+03     0.200 (  4182      0)     0.105 (  8773      0)
"a:compose_isl"                                               -      12288    12288 1.061683e+07   1.147128e+05    12.789 (  8219      0)     7.158 (  7832      0)
"a:compose_hypervis_scalar"                                   -      12288    12288 1.061683e+07   1.073800e+05    12.717 ( 11611      0)     5.428 (  1927      0)
"a:compose_cedr_global"                                       -      12288    12288 1.061683e+07   1.006542e+05    12.087 ( 11796      0)     5.268 (  4975      0)
"a:repro_sum_int"                                             -      12288    12288 1.061683e+07   8.604448e+04    10.928 ( 11796      0)     4.051 (  4977      0)
"a:compose_cedr_local"                                        -      12288    12288 1.061683e+07   9.051122e+03     1.071 (  1643      0)     0.620 (  7965      0)
"a:compose_dss_q"                                             -      12288    12288 1.061683e+07   1.636692e+04     1.809 (  4959      0)     1.096 (  6450      0)
"a:compose_vertical_remap"                                    -      12288    12288 1.061683e+07   2.536204e+04     2.572 (  2785      0)     1.865 (  6231      0)
"a:EAMxx::homme::run-postcondition-checks"                    -      12288    12288 5.308416e+06   7.080876e+03     1.033 (  2769      0)     0.470 ( 11470      0)
"a:EAMxx::physics::run"                                       -      12288    12288 5.308416e+06   2.308213e+05    25.023 (  2253      0)    13.390 (  6662      0)
"a:EAMxx::physics::run-precondition-checks"                   -      12288    12288 5.308416e+06   1.513723e+00     0.000 (  1362      0)     0.000 (  7368      0)
"a:EAMxx::mac_aero_mic::run"                                  -      12288    12288 5.308416e+06   8.810942e+04    10.100 (  3901      0)     4.599 (  6202      0)
"a:EAMxx::mac_aero_mic::run-precondition-checks"              -      12288    12288 5.308416e+06   8.839311e-01     0.000 (  1861      0)     0.000 (  4713      0)
"a:EAMxx::tms::run"                                           -      12288    12288 5.308416e+06   1.993799e+03     0.599 (  3529      0)     0.049 (  7966      0)
"a:EAMxx::tms::run-precondition-checks"                       -      12288    12288 5.308416e+06   8.010689e-01     0.000 (  1031      0)     0.000 ( 11660      0)
"a:EAMxx::tms::run-postcondition-checks"                      -      12288    12288 5.308416e+06   5.189974e+02     0.052 (  1689      0)     0.034 (  7966      0)
"a:EAMxx::shoc::run"                                          -      12288    12288 5.308416e+06   3.182101e+04     3.604 (  1293      0)     1.784 (  6202      0)
"a:EAMxx::shoc::run-precondition-checks"                      -      12288    12288 5.308416e+06   8.586966e-01     0.000 (  5909      0)     0.000 ( 11246      0)
"a:EAMxx::shoc::preprocess"                                   -      12288    12288 5.308416e+06   4.974515e+02     0.337 (   746      0)     0.006 (  7190      0)
"a:EAMxx::shoc::shoc_main"                                    -      12288    12288 5.308416e+06   1.158063e+04     1.921 (   834      0)     0.600 (  9644      0)
"a:EAMxx::shoc::postprocess"                                  -      12288    12288 5.308416e+06   2.917864e+03     0.369 (  4746      0)     0.215 (  8575      0)
"a:EAMxx::shoc::run-postcondition-checks"                     -      12288    12288 5.308416e+06   1.233969e+04     1.101 (  5867      0)     0.535 (  6202      0)
"a:EAMxx::cld_fraction::run"                                  -      12288    12288 5.308416e+06   2.147479e+03     0.278 (  7113      0)     0.167 (   212      0)
"a:EAMxx::cld_fraction::run-precondition-checks"              -      12288    12288 5.308416e+06   2.055510e+00     0.000 ( 10808      0)     0.000 (  9080      0)
"a:EAMxx::cld_fraction::run-postcondition-checks"             -      12288    12288 5.308416e+06   1.893238e+03     0.167 (  3161      0)     0.147 (  5156      0)
"a:EAMxx::spa::run"                                           -      12288    12288 5.308416e+06   1.244070e+04     1.192 (  1104      0)     0.979 (   981      0)
"a:EAMxx::spa::run-precondition-checks"                       -      12288    12288 5.308416e+06   1.154933e+00     0.000 (  5448      0)     0.000 (  7699      0)
"a:EAMxx::spa::run-postcondition-checks"                      -      12288    12288 5.308416e+06   7.836949e+03     0.724 (  1104      0)     0.605 (   981      0)
"a:EAMxx::p3::run"                                            -      12288    12288 5.308416e+06   3.949230e+04     5.573 (  5202      0)     1.529 (  6202      0)
"a:EAMxx::p3::run-precondition-checks"                        -      12288    12288 5.308416e+06   1.317894e+03     0.328 (  8973      0)     0.049 ( 11012      0)
"a:EAMxx::p3::run-postcondition-checks"                       -      12288    12288 5.308416e+06   1.147382e+04     1.396 (  7135      0)     0.712 (  6202      0)
"a:EAMxx::mac_aero_mic::run-postcondition-checks"             -      12288    12288 5.308416e+06   1.593930e+00     0.000 (  8327      0)     0.000 ( 11601      0)
"a:EAMxx::rrtmgp::run"                                        -      12288    12288 5.308416e+06   1.425072e+05    15.621 (  3245      0)     7.649 (  6662      0)
"a:EAMxx::rrtmgp::run-precondition-checks"                    -      12288    12288 5.308416e+06   3.414101e+02     0.031 (  3620      0)     0.024 (  6694      0)
"a:EAMxx::rrtmgp::run-postcondition-checks"                   -      12288    12288 5.308416e+06   8.676940e+03     0.844 (  3106      0)     0.639 (  7436      0)
"a:EAMxx::physics::run-postcondition-checks"                  -      12288    12288 5.308416e+06   1.278099e+00     0.000 (  5928      0)     0.000 (  1900      0)
"a:EAMxx::SurfaceCouplingExporter::run"                       -      12288    12288 5.308416e+06   4.732951e+03     0.437 (  9573      0)     0.349 (  7124      0)
"a:EAMxx::SurfaceCouplingExporter::run-precondition-checks"   -      12288    12288 5.308416e+06   1.921300e+00     0.000 (  3423      0)     0.000 (  2221      0)
"a:EAMxx::SurfaceCouplingExporter::run-postcondition-checks"  -      12288    12288 5.308416e+06   2.191100e+00     0.000 (  3528      0)     0.000 (  6199      0)
"a:EAMxx::EAMxx::run-postcondition-checks"                    -      12288    12288 5.308416e+06   9.695419e-01     0.000 (   193      0)     0.000 (  2021      0)
"a:EAMxx::IO::restart"                                        -      12288    12288 5.308416e+06   3.074757e+01     0.003 (  7366      0)     0.002 (  8461      0)
"a:EAMxx::IO::model_restart"                                  -      12288    12288 5.308416e+06   2.527997e+01     0.003 (  7366      0)     0.002 (  8461      0)
"a:EAMxx::IO::restart::get_new_file"                          -      12288    12288 5.308416e+06   8.371457e-01     0.001 (  5127      0)     0.000 ( 11559      0)
"a:EAMxx::IO::restart::run_output_streams"                    -      12288    12288 5.308416e+06   9.141226e+00     0.001 ( 11061      0)     0.001 (  6169      0)
"a:EAMxx::IO::standard"                                       -      12288    12288 5.308416e+06   1.247673e+01     0.002 ( 10690      0)     0.001 (  2494      0)
"a:EAMxx::IO::nooutput.yaml"                                  -      12288    12288 5.308416e+06   9.183306e+00     0.001 ( 10690      0)     0.001 (  8223      0)
"a:EAMxx::IO::standard::get_new_file"                         -      12288    12288 5.308416e+06   4.339503e-01     0.000 (   146      0)     0.000 (  9682      0)
"a:EAMxx::IO::standard::run_output_streams"                   -      12288    12288 5.308416e+06   9.576638e-01     0.000 ( 11780      0)     0.000 (  9828      0)
"CPL:A2C"                                                     -      12288    12288 5.308416e+06   8.142538e+04    12.851 (  6202      0)     0.892 (  2253      0)
"CPL:a2c_atma2atmx"                                           -      12288    12288 5.308416e+06   4.937969e+04     9.971 ( 11780      0)     0.209 (  4549      0)
"CPL:a2c_infoexch"                                            -      12288    12288 5.308416e+06   3.203038e+04     8.814 (  8115      0)     0.035 (     0      0)
"CPL:ATMPOST"                                                 -      12288    12288 5.308416e+06   2.919021e+00     0.000 (  1530      0)     0.000 ( 10608      0)
"CPL:HISTORY"                                                 -      12288    12288 5.308416e+06   1.343499e+01     0.002 (  9828      0)     0.001 (  3751      0)
"CPL:cime_run_write_history"                                  -      12288    12288 5.308416e+06   1.022479e+01     0.001 (  9828      0)     0.001 (  8906      0)
"CPL:TSTAMP_WRITE"                                            -      12288    12288 5.308416e+06   3.999797e+00     0.001 (  3420      0)     0.000 ( 10576      0)
"CPL:TPROF_WRITE"                                             -      12288    12288 5.308416e+06   2.075881e+00     0.000 (   854      0)     0.000 (  8894      0)
"CPL:C2O_INITWAIT"                                            -      12288    12288 5.296128e+06   5.331004e+04     6.455 (   132      0)     3.210 ( 10839      0)
"l:interpMonthlyVeg"                                          -      12288    12288 5.296128e+06   3.554706e+04     2.901 (  4056      0)     2.877 (   471      0)
"l:readMonthlyVeg"                                            -      12288    12288 1.228800e+04   3.554372e+04     2.901 (  4056      0)     2.877 (   471      0)
"l:PIO:openfile"                                              -      12288    12288 1.228800e+04   1.079632e+03     0.137 ( 11105      0)     0.045 ( 10875      0)
"l:PIO:pio_inq_varid_file_vdesc"                              -      12288    12288 9.830400e+04   2.949231e+01     0.010 (  1161      0)     0.000 (  7775      0)
"l:PIO:pio_inq_varid_file_vid"                                -      12288    12288 9.830400e+04   2.945558e+01     0.010 (  1161      0)     0.000 (  7775      0)
"l:PIO:pio_inq_varndims_file_vdesc"                           -      12288    12288 9.830400e+04   1.382352e+01     0.151 (  4094      0)     0.000 (  9883      0)
"l:PIO:pio_inq_varndims_file_vid"                             -      12288    12288 9.830400e+04   1.379497e+01     0.151 (  4093      0)     0.000 (  9883      0)
"l:PIO:pio_inq_vardimid_file_vdesc"                           -      12288    12288 9.830400e+04   2.799773e+01     0.005 (   832      0)     0.001 ( 12265      0)
"l:PIO:pio_inq_vardimid_file_vid"                             -      12288    12288 9.830400e+04   2.797452e+01     0.005 (   832      0)     0.001 ( 12265      0)
"l:PIO:pio_inq_dimname_file_dimid"                            -      12288    12288 8.355840e+05   6.885653e+01     0.013 (   837      0)     0.002 (  6636      0)
"l:PIO:pio_inq_dimlen_file_dimid"                             -      12288    12288 1.966080e+05   1.163854e+01     0.002 (   829      0)     0.000 ( 12264      0)
"l:PIO:pio_inq_dimlen_file_dimid_offlen"                      -      12288    12288 1.966080e+05   1.159560e+01     0.002 (   829      0)     0.000 (  6732      0)
"l:PIO:pio_inquire_file"                                      -      12288    12288 3.686400e+05   2.030557e+01     0.004 (  2593      0)     0.001 ( 12265      0)
"l:PIO:pio_inq_ndims_file"                                    -      12288    12288 3.686400e+05   2.022813e+01     0.004 (  2593      0)     0.001 ( 11796      0)
"l:PIO:initdecomp"                                            -      12288    12288 1.228800e+04   6.351618e+03     0.517 (     7      0)     0.516 (   619      0)
"l:PIO:PIOc_initdecomp"                                       -      12288    12288 1.228800e+04   6.351095e+03     0.517 (     8      0)     0.516 (   619      0)
"l:PIO:box_rearrange_create"                                  -      12288    12288 1.228800e+04   6.339954e+03     0.516 (     5      0)     0.516 (  8953      0)
"l:PIO:pio_swapm"                                             -      12288    12288 1.351680e+05   3.241159e+04     2.737 (  4787      0)     1.297 (  2952      0)
"l:PIO:read_darray_3d_double"                                 -      12288    12288 9.830400e+04   2.730344e+04     2.238 ( 10872      0)     2.056 (  4093      0)
"l:PIO:PIOc_read_darray"                                      -      12288    12288 9.830400e+04   2.730321e+04     2.238 ( 10872      0)     2.056 (  4093      0)
"l:PIO:read_darray_nc"                                        -      12288    12288 9.830400e+04   7.749279e+02     1.333 (  2952      0)     0.000 (  5902      0)
"l:PIO:rearrange_io2comp"                                     -      12288    12288 9.830400e+04   2.648009e+04     2.236 ( 11243      0)     0.860 (  2952      0)
"l:PIO:closefile"                                             -      12288    12288 1.228800e+04   8.891291e+00     0.023 (  4092      0)     0.000 (  3814      0)
"l:PIO:PIOc_closefile"                                        -      12288    12288 1.228800e+04   8.876347e+00     0.023 (  4092      0)     0.000 (  3814      0)
"l:surfalb"                                                   -      12288    12288 5.296128e+06   1.896414e+04     1.766 (  1304      0)     1.339 (    98      0)
"l:urbsurfalb"                                                -      12288    12288 5.296128e+06   4.088821e+03     0.390 (   414      0)     0.277 (    98      0)
"CPL:OCNT_RUN"                                                -      12288    12288 5.296128e+06   2.728875e+03     0.257 ( 12104      0)     0.133 ( 10283      0)
"o:DOCN_RUN"                                                  -      12288    12288 5.296128e+06   2.533594e+03     0.239 ( 12104      0)     0.118 ( 10283      0)
"o:docn_run1"                                                 -      12288    12288 5.296128e+06   4.924322e+00     0.001 (  8637      0)     0.000 (  8130      0)
"o:docn"                                                      -      12288    12288 5.296128e+06   2.517423e+03     0.237 ( 12104      0)     0.116 ( 10283      0)
"o:docn_strdata_advance"                                      -      12288    12288 5.296128e+06   1.695851e+03     0.163 ( 12104      0)     0.049 (  4004      0)
"o:docn_strd_adv_total"                                       -      12288    12288 5.296128e+06   1.688785e+03     0.162 ( 12104      0)     0.048 (  4004      0)
"o:docn_strd_adv_readLBUB"                                    -      12288    12288 5.296128e+06   6.791937e+02     0.139 (  4174      0)     0.015 (     0      0)
"o:docn_readLBUB_setup"                                       -      12288    12288 5.296128e+06   1.719940e+00     0.000 (   456      0)     0.000 (   144      0)
"o:docn_readLBUB_filemgt"                                     -      12288    12288 5.296128e+06   1.195408e+00     0.000 (  6169      0)     0.000 (  4928      0)
"o:docn_strd_adv_tint"                                        -      12288    12288 5.296128e+06   6.902238e+01     0.008 (  1149      0)     0.005 ( 10605      0)
"o:docn_scatter"                                              -      12288    12288 5.296128e+06   5.390453e+02     0.051 (  3900      0)     0.040 (  8740      0)
"o:docn_datamode"                                             -      12288    12288 5.296128e+06   5.234986e+01     0.005 (  8531      0)     0.004 (  5116      0)
"o:docn_run2"                                                 -      12288    12288 5.296128e+06   4.868424e-01     0.004 (     0      0)     0.000 (  4413      0)
"CPL:O2CT"                                                    -      12288    12288 5.296128e+06   2.527613e+04     6.649 (  3475      0)     0.027 (    68      0)
"CPL:o2c_ocno2ocnx"                                           -      12288    12288 5.296128e+06   2.544833e+02     0.027 ( 10033      0)     0.019 (  1246      0)
"CPL:o2c_infoexch"                                            -      12288    12288 5.296128e+06   2.501299e+04     6.627 (  3475      0)     0.007 (    68      0)
"CPL:OCNPOSTT"                                                -      12288    12288 5.296128e+06   3.275050e+00     0.000 (  6264      0)     0.000 (  7134      0)
"i:cice_pice_readLBUB_LB_copy"                                -      12288    12288 1.228800e+04   1.407801e-02     0.000 ( 11273      0)     0.000 ( 11485      0)
"o:docn_readLBUB_fbound"                                      -      12288    12288 1.228800e+04   1.880735e-03     0.000 (     0      0)     0.000 (  8102      0)
"o:docn_readLBUB_bcast"                                       -      12288    12288 1.228800e+04   1.798078e+02     0.031 (  7819      0)     0.000 ( 11075      0)
"o:docn_readLBUB_LB_copy"                                     -      12288    12288 1.228800e+04   1.389235e-02     0.000 (  1636      0)     0.000 (  7691      0)
"o:docn_readLBUB_UB_setup"                                    -      12288    12288 1.228800e+04   4.407004e-03     0.000 (     0      0)     0.000 (  3451      0)
"o:docn_readLBUB_UB_readpio"                                  -      12288    12288 1.228800e+04   4.840925e+02     0.117 (  2952      0)     0.010 (  9040      0)
"o:PIO:pio_inq_varid_file_vdesc"                              -      12288    12288 2.457600e+04   8.154698e+00     0.010 (  7934      0)     0.000 (  9677      0)
"o:PIO:pio_inq_varid_file_vid"                                -      12288    12288 2.457600e+04   8.139082e+00     0.010 (  7934      0)     0.000 (  9677      0)
"o:PIO:pio_inq_varndims_file_vdesc"                           -      12288    12288 1.228800e+04   2.208004e+00     0.001 (  2661      0)     0.000 (  4841      0)
"o:PIO:pio_inq_varndims_file_vid"                             -      12288    12288 1.228800e+04   2.197204e+00     0.001 (  2659      0)     0.000 (  4841      0)
"o:PIO:pio_inq_vardimid_file_vdesc"                           -      12288    12288 1.228800e+04   7.005359e+00     0.001 (    82      0)     0.000 (  9157      0)
"o:PIO:pio_inq_vardimid_file_vid"                             -      12288    12288 1.228800e+04   6.995128e+00     0.001 (    82      0)     0.000 (  9157      0)
"o:PIO:pio_inq_dimlen_file_dimid"                             -      12288    12288 3.686400e+04   4.297263e+00     0.000 (  9219      0)     0.000 (  9181      0)
"o:PIO:pio_inq_dimlen_file_dimid_offlen"                      -      12288    12288 3.686400e+04   4.276625e+00     0.000 (  9222      0)     0.000 (  9181      0)
"o:PIO:pio_inq_vartype_file_vdesc"                            -      12288    12288 1.228800e+04   3.447790e+00     0.000 (  9251      0)     0.000 (  9197      0)
"o:PIO:pio_inq_vartype_file_vid"                              -      12288    12288 1.228800e+04   3.437904e+00     0.000 (  9251      0)     0.000 (  9197      0)
"o:PIO:read_darray_1d_real"                                   -      12288    12288 1.228800e+04   4.390536e+02     0.115 (  2952      0)     0.008 (  9040      0)
"o:PIO:PIOc_read_darray"                                      -      12288    12288 1.228800e+04   4.390170e+02     0.115 (  2952      0)     0.008 (  9040      0)
"o:PIO:read_darray_nc"                                        -      12288    12288 1.228800e+04   2.704312e+01     0.114 (  2952      0)     0.000 (   325      0)
"o:PIO:rearrange_io2comp"                                     -      12288    12288 1.228800e+04   4.089333e+02     0.110 (  4183      0)     0.000 (     0      0)
"o:PIO:pio_swapm"                                             -      12288    12288 1.228800e+04   4.086853e+02     0.110 (  4183      0)     0.000 (     0      0)
"o:docn_strd_adv_fill"                                        -      12288    12288 1.228800e+04   1.638489e+00     0.000 (  9282      0)     0.000 (  5363      0)
"o:docn_strd_adv_map"                                         -      12288    12288 1.228800e+04   9.082583e+02     0.109 (    11      0)     0.000 ( 10305      0)
"CPL:RUN_LOOP_BSTOP"                                          -      12288    12288 1.228800e+04   3.137492e+01     0.003 (  1606      0)     0.000 (  5739      0)
"CPL:FINAL"                                                   -      12288    12288 1.228800e+04   4.482100e+03     0.366 (     0      0)     0.365 (  1959      0)
"CPL:cime_final"                                              -      12288    12288 1.228800e+04   4.482083e+03     0.366 (     0      0)     0.365 (  1967      0)
"o_f:DOCN_FINAL"                                              -      12288    12288 1.228800e+04   3.313247e-03     0.000 (     0      0)     0.000 (  5973      0)
"a_f:EAMxx::finalize"                                         y      12288    12288 1.228800e+04   1.986515e+03     0.344 (  1859      0)     0.118 (  9433      0)
"a_f:PIO:PIOc_sync"                                           -      12288    12288 1.228800e+04   2.813286e-01     0.000 (  9156      0)     0.000 (  9362      0)
"a_f:PIO:write_total"                                         -      12288    12288 2.457600e+04   1.009201e+02     0.100 (  7020      0)     0.000 (  9361      0)
"a_f:PIO:flush_output_buffer"                                 -       1024     1024 2.048000e+03   1.359139e-01     0.000 (  9156      0)     0.000 (  6636      0)
"a_f:PIO:PIOc_closefile"                                      -      12288    12288 2.457600e+04   1.382742e+02     0.146 (  5916      0)     0.000 (  4857      0)
"a_f:PIO:PIOc_closefile_write_mode"                           -      12288    12288 1.228800e+04   1.006586e+02     0.100 (  7020      0)     0.000 (  9721      0)
"a_f:PIO:PIOc_freedecomp"                                     -      12288    12288 1.597440e+05   1.753360e+00     0.002 ( 11268      0)     0.000 (  5021      0)
"PIO:finalize"                                                -      12288    12288 1.228800e+05   1.248943e+03     0.219 (    10      0)     0.001 (  3904      0)
"PIO:PIOc_finalize"                                           -      12288    12288 1.228800e+05   1.247532e+03     0.219 (    10      0)     0.001 (  3904      0)
"CPL:FINAL_sync1_tprf"                                        -      12288    12288 1.228800e+04   2.101433e+01     0.002 (  1958      0)     0.000 (     0      0)
"CPL:FINAL_t_prf"                                             y          0        0 0.000000e+00   0.000000e+00     0.000 (     0      0)     0.000 (     0      0)

