
***** GLOBAL STATISTICS (  6144 MPI TASKS) *****

$Id: gptl.c,v 1.157 2011-03-28 20:55:18 rosinski Exp $
'count' is cumulative. All other stats are max/min
'on' indicates whether the timer was active during output, and so stats are lower or upper bounds.

name                                                         on  processes  threads        count      walltotal   wallmax (proc   thrd  )   wallmin (proc   thrd  )
"CPL:INIT"                                                    -       6144     6144 6.144000e+03   2.149500e+06   423.639 (  3682      0)   328.772 (  1468      0)
"CPL:cime_pre_init1"                                          -       6144     6144 6.144000e+03   1.366685e+05    96.029 (  3682      0)     1.164 (  1474      0)
"CPL:mpi_init"                                                -       6144     6144 6.144000e+03   1.348633e+05    95.709 (  3675      0)     0.884 (  1464      0)
"CPL:ESMF_Initialize"                                         -       6144     6144 6.144000e+03   5.795925e-01     0.000 (  1920      0)     0.000 (  1102      0)
"CPL:cime_pre_init2"                                          -       6144     6144 6.144000e+03   7.008892e+03     1.157 (  3181      0)     1.018 (     5      0)
"CPL:seq_infodata_init"                                       -       6144     6144 6.144000e+03   6.316730e+02     0.359 (  1874      0)     0.001 (  1117      0)
"CPL:seq_timemgr_clockInit"                                   -       6144     6144 6.144000e+03   2.451738e+01     0.017 (   789      0)     0.001 (  5545      0)
"CPL:cime_init"                                               -       6144     6144 6.144000e+03   2.005822e+06   326.592 (     2      0)   326.451 (  3345      0)
"CPL:init_comps"                                              -       6144     6144 6.144000e+03   2.005274e+06   326.503 (     2      0)   326.362 (  3739      0)
"CPL:comp_init_pre_all"                                       -       6144     6144 6.144000e+03   3.895207e-01     0.000 (  4632      0)     0.000 (  3067      0)
"CPL:comp_init_cc_atm"                                        -       6144     6144 6.144000e+03   7.545439e+05   122.933 (     2      0)   122.793 (  3739      0)
"a_i:comp_init"                                               -       6144     6144 1.228800e+04   7.544556e+05   122.928 (     0      0)   122.778 (  3739      0)
"a_i:EAMxx::init"                                             -       6144     6144 4.300800e+04   7.510057e+05   122.521 (  1035      0)   122.020 (  4172      0)
"a_i:EAMxx::create_output_managers"                           -       6144     6144 6.144000e+03   1.971232e+01     0.208 (  2518      0)     0.000 (     0      0)
"a_i:EAMxx::create_atm_processes"                             -       6144     6144 6.144000e+03   2.115093e+03     0.488 (    36      0)     0.169 (  2518      0)
"a_i:EAMxx::create_grids"                                     -       6144     6144 6.144000e+03   1.254194e+05    20.500 (     0      0)    20.362 (  5547      0)
"a_i:EAMxx::build_grids"                                      -       6144     6144 6.144000e+03   1.174860e+05    19.124 (  2046      0)    19.120 (  4238      0)
"a_i:PartitioningTime"                                        -       6144     6144 6.144000e+03   1.316328e-03     0.000 (  1807      0)     0.000 (   251      0)
"a_i:repro_sum_int"                                           -       6144     6144 6.144000e+03   9.857118e+01     0.080 (  6082      0)     0.001 (  5979      0)
"a_i:PIO:spio_get_att_tc"                                     -       6144     6144 6.696960e+05   2.692626e+02     0.044 (  1322      0)     0.044 (  3240      0)
"a_i:PIO:spio_get_vars_tc"                                    -       6144     6144 1.228800e+05   1.411101e+03     0.254 (  1636      0)     0.228 (  5309      0)
"a_i:PIO:PIOc_closefile"                                      -       6144     6144 7.987200e+04   4.217299e+02     3.415 (  4548      0)     0.000 (  4034      0)
"a_i:EAMxx::SurfaceCouplingImporter::set_grids"               -       6144     6144 6.144000e+03   1.653114e+00     0.001 (  2821      0)     0.000 (  3280      0)
"a_i:EAMxx::homme::set_grids"                                 -       6144     6144 6.144000e+03   3.708902e+03     0.842 (  4687      0)     0.377 (  6014      0)
"a_i:EAMxx::physics::set_grids"                               -       6144     6144 6.144000e+03   3.769860e+03     0.841 (  3624      0)     0.375 (   373      0)
"a_i:EAMxx::mac_aero_mic::set_grids"                          -       6144     6144 6.144000e+03   2.426997e+03     0.622 (  6014      0)     0.157 (   381      0)
"a_i:EAMxx::tms::set_grids"                                   -       6144     6144 6.144000e+03   1.409083e+01     0.003 (  4258      0)     0.002 (  4717      0)
"a_i:EAMxx::shoc::set_grids"                                  -       6144     6144 6.144000e+03   2.913738e+00     0.001 (  3403      0)     0.000 (  5248      0)
"a_i:EAMxx::cld_fraction::set_grids"                          -       6144     6144 6.144000e+03   7.141568e-01     0.000 (  1454      0)     0.000 (  5262      0)
"a_i:EAMxx::spa::set_grids"                                   -       6144     6144 6.144000e+03   2.386224e+03     0.616 (  6014      0)     0.150 (   381      0)
"a_i:EAMxx::p3::set_grids"                                    -       6144     6144 6.144000e+03   2.268762e+01     0.005 (  3225      0)     0.003 (  1626      0)
"a_i:EAMxx::rrtmgp::set_grids"                                -       6144     6144 6.144000e+03   1.342401e+03     0.225 (  2424      0)     0.216 (  4007      0)
"a_i:EAMxx::SurfaceCouplingExporter::set_grids"               -       6144     6144 6.144000e+03   7.918664e+01     0.018 (  4655      0)     0.009 (  5895      0)
"a_i:EAMxx::create_fields"                                    -       6144     6144 6.144000e+03   2.030599e+03     0.342 (  2332      0)     0.315 (  3816      0)
"a_i:EAMxx::initialize_fields"                                -       6144     6144 6.144000e+03   2.474228e+05    40.312 (   672      0)    40.236 (  2542      0)
"a_i:PIO:PIOc_initdecomp"                                     -       6144     6144 7.987200e+04   6.311770e+04    10.277 (  3067      0)    10.270 (  5263      0)
"a_i:PIO:box_rearrange_create"                                -       6144     6144 7.987200e+04   6.300110e+04    10.255 (  6136      0)    10.253 (   886      0)
"a_i:PIO:pio_swapm"                                           -       6144     6144 3.747840e+05   1.578347e+05    32.343 (   675      0)     2.697 (  2988      0)
"a_i:PIO:PIOc_read_darray"                                    -       6144     6144 1.351680e+05   1.437565e+05    24.610 (  5608      0)    21.126 (  2977      0)
"a_i:PIO:read_darray_nc"                                      -       6144     6144 1.351680e+05   9.889895e+03    23.030 (   504      0)     0.000 (  4057      0)
"a_i:PIO:rearrange_io2comp"                                   -       6144     6144 1.351680e+05   1.228827e+05    23.706 (     5      0)     0.349 (  4104      0)
"a_i:EAMxx::initialize_atm_procs"                             -       6144     6144 6.144000e+03   3.649039e+05    59.681 (  1035      0)    59.178 (   426      0)
"a_i:EAMxx::SurfaceCouplingImporter::init"                    -       6144     6144 6.144000e+03   9.287974e+00     0.027 (  3010      0)     0.000 (  4354      0)
"a_i:EAMxx::homme::init"                                      -       6144     6144 6.144000e+03   2.549017e+05    41.894 (    64      0)    40.569 (  3689      0)
"a_i:compose_init"                                            -       6144     6144 6.144000e+03   4.078257e+02     0.147 (  2473      0)     0.027 (  1013      0)
"a_i:sl_init1"                                                -       6144     6144 6.144000e+03   2.506403e+04     4.413 (  1317      0)     3.730 (  3257      0)
"a_i:EAMxx::tms::init"                                        -       6144     6144 6.144000e+03   2.375720e-02     0.000 (     0      0)     0.000 (  5854      0)
"a_i:EAMxx::shoc::init"                                       -       6144     6144 6.144000e+03   4.321688e+01     0.077 (   595      0)     0.001 (   599      0)
"a_i:EAMxx::cld_fraction::init"                               -       6144     6144 6.144000e+03   1.726798e-01     0.000 (     0      0)     0.000 (  2302      0)
"a_i:EAMxx::spa::init"                                        -       6144     6144 6.144000e+03   1.078409e+05    18.442 (  5147      0)    17.174 (  2663      0)
"a_i:EAMxx::p3::init"                                         -       6144     6144 6.144000e+03   9.765838e+02     0.407 (   753      0)     0.038 (  1578      0)
"a_i:EAMxx::rrtmgp::init"                                     -       6144     6144 6.144000e+03   9.642858e+02     0.485 (  4895      0)     0.046 (  5627      0)
"a_i:EAMxx::SurfaceCouplingExporter::init"                    -       6144     6144 6.144000e+03   9.106347e+01     0.304 (  1041      0)     0.002 (  5690      0)
"a_i:EAMxx::initialize_output_managers"                       -       6144     6144 6.144000e+03   9.093947e+03     1.491 (  3840      0)     1.479 (  1523      0)
"a_i:EAMxx::IO::standard"                                     -       6144     6144 6.144000e+03   8.658029e+03     1.425 (  1596      0)     1.399 (  1995      0)
"a_i:EAMxx::IO::nooutput.yaml"                                -       6144     6144 6.144000e+03   8.658022e+03     1.425 (  1596      0)     1.399 (  1995      0)
"a_i:EAMxx::IO::standard::get_new_file"                       -       6144     6144 6.144000e+03   8.651971e+03     1.414 (  1477      0)     1.399 (  1995      0)
"a_i:PIO:PIOc_createfile"                                     -       6144     6144 6.144000e+03   8.618206e+03     1.408 (  1477      0)     1.393 (  1995      0)
"a_i:PIO:write_total"                                         -       6144     6144 2.027520e+05   8.626758e+03     1.413 (  1596      0)     1.394 (  1995      0)
"a_i:PIO:spio_put_att_tc"                                     -       6144     6144 1.843200e+05   5.039446e-01     0.000 (  1788      0)     0.000 (  3860      0)
"a_i:PIO:spio_put_vars_tc"                                    -       6144     6144 6.144000e+03   6.376181e+00     0.001 (  4536      0)     0.001 (  2116      0)
"a_i:PIO:flush_output_buffer"                                 -        512      512 1.024000e+03   1.804438e+00     0.004 (  6048      0)     0.003 (  1560      0)
"a_i:EAMxx::IO::standard::run_output_streams"                 -       6144     6144 6.144000e+03   6.890712e-04     0.000 (  2078      0)     0.000 (  1488      0)
"a_i:EAMxx::IO::standard::update_snapshot_tally"              -       6144     6144 6.144000e+03   6.030251e+00     0.011 (   444      0)     0.000 (  1474      0)
"a_i:PIO:PIOc_sync"                                           -       6144     6144 6.144000e+03   1.674686e+00     0.003 (     0      0)     0.000 (   956      0)
"CPL:comp_init_cc_lnd"                                        -       6144     6144 6.144000e+03   7.597314e+05   123.655 (  5549      0)   123.653 (  2942      0)
"l_i:comp_init"                                               -       6144     6144 6.144000e+03   7.596681e+05   123.650 (  5292      0)   123.642 (  1125      0)
"l_i:elm_init1"                                               -       6144     6144 6.144000e+03   1.751109e+05    28.541 (   516      0)    28.472 (  1905      0)
"l_i:PIO:openfile"                                            -       6144     6144 1.413120e+05   1.466314e+04     2.870 (   791      0)     1.879 (  1428      0)
"l_i:PIO:pio_inq_dimid_file_dimid"                            -       6144     6144 3.809280e+05   6.672439e+01     0.028 (  1866      0)     0.008 (   548      0)
"l_i:PIO:pio_inq_dimlen_file_dimid"                           -       6144     6144 2.285568e+06   3.575010e+02     0.080 (  1272      0)     0.017 (  2084      0)
"l_i:PIO:pio_inq_dimlen_file_dimid_offlen"                    -       6144     6144 2.285568e+06   3.568190e+02     0.080 (  1272      0)     0.017 (  2084      0)
"l_i:PIO:pio_inq_varid_file_vdesc"                            -       6144     6144 2.863104e+06   2.359430e+03     1.077 (  1564      0)     0.068 (    84      0)
"l_i:PIO:pio_inq_varid_file_vid"                              -       6144     6144 2.863104e+06   2.358269e+03     1.077 (  1564      0)     0.067 (    84      0)
"l_i:PIO:get_var_1d_int"                                      -       6144     6144 3.686400e+04   1.298192e+03     0.213 (  5234      0)     0.206 (     0      0)
"l_i:PIO:spio_get_vars_tc"                                    -       6144     6144 1.222656e+06   4.945389e+03     0.849 (  1753      0)     0.753 (  3834      0)
"l_i:PIO:closefile"                                           -       6144     6144 1.228800e+05   1.897063e+02     0.451 (  1860      0)     0.001 (  5506      0)
"l_i:PIO:PIOc_closefile"                                      -       6144     6144 1.228800e+05   1.895955e+02     0.451 (  1860      0)     0.001 (  5506      0)
"l_i:PIO:pio_inq_varndims_file_vdesc"                         -       6144     6144 1.394688e+06   4.701083e+02     1.223 (  2044      0)     0.015 (  2107      0)
"l_i:PIO:pio_inq_varndims_file_vid"                           -       6144     6144 1.394688e+06   4.697383e+02     1.223 (  2044      0)     0.015 (  2107      0)
"l_i:PIO:pio_inq_vardimid_file_vdesc"                         -       6144     6144 1.394688e+06   9.677721e+02     0.231 (     8      0)     0.038 (  2068      0)
"l_i:PIO:pio_inq_vardimid_file_vid"                           -       6144     6144 1.394688e+06   9.674600e+02     0.231 (     8      0)     0.038 (  2064      0)
"l_i:PIO:pio_inq_dimname_file_dimid"                          -       6144     6144 5.068800e+06   1.166174e+03     0.252 (    59      0)     0.062 (  2076      0)
"l_i:PIO:initdecomp"                                          -       6144     6144 1.597440e+05   4.206951e+04     6.987 (   440      0)     6.633 (  4884      0)
"l_i:PIO:PIOc_initdecomp"                                     -       6144     6144 1.597440e+05   4.205103e+04     6.983 (   440      0)     6.631 (  4884      0)
"l_i:PIO:box_rearrange_create"                                -       6144     6144 1.597440e+05   4.022735e+04     6.549 (  6042      0)     6.546 (  4722      0)
"l_i:PIO:pio_swapm"                                           -       6144     6144 1.861632e+06   6.228115e+05   107.161 (  3417      0)    37.886 (   168      0)
"l_i:PIO:read_darray_1d_double"                               -       6144     6144 5.038080e+05   2.419622e+05    39.643 (  2075      0)    38.940 (  2046      0)
"l_i:PIO:PIOc_read_darray"                                    -       6144     6144 1.382400e+06   6.219879e+05   101.995 (  3432      0)    99.671 (  2046      0)
"l_i:PIO:read_darray_nc"                                      -       6144     6144 1.382400e+06   2.926911e+04    66.978 (   168      0)     0.000 (  4343      0)
"l_i:PIO:rearrange_io2comp"                                   -       6144     6144 1.382400e+06   5.899801e+05   101.580 (  2051      0)    33.008 (   168      0)
"l_i:PIO:pio_inquire_file"                                    -       6144     6144 1.843200e+06   2.873202e+02     0.061 (  1541      0)     0.015 (  2076      0)
"l_i:PIO:pio_inq_ndims_file"                                  -       6144     6144 1.843200e+06   2.869030e+02     0.061 (  1546      0)     0.015 (  2076      0)
"l_i:PIO:read_darray_1d_int"                                  -       6144     6144 4.300800e+04   1.305439e+04     2.149 (  3432      0)     2.083 (  2041      0)
"l_i:PIO:read_darray_3d_double"                               -       6144     6144 1.105920e+05   2.607532e+04     4.303 (  2083      0)     4.135 (  2041      0)
"l_i:PIO:read_darray_3d_int"                                  -       6144     6144 6.144000e+03   1.137002e+03     0.189 (  4728      0)     0.177 (  1038      0)
"l_i:PIO:read_darray_4d_double"                               -       6144     6144 8.601600e+04   6.224104e+04    10.182 (  2051      0)    10.024 (  2040      0)
"l_i:PIO:get_var_1d_text"                                     -       6144     6144 1.228800e+04   5.248898e+01     0.012 (  1814      0)     0.006 (  4470      0)
"l_i:PIO:get_var_1d_double"                                   -       6144     6144 8.847360e+05   3.064080e+03     0.520 (     2      0)     0.484 (  6132      0)
"l_i:PIO:get_var_0d_double"                                   -       6144     6144 6.144000e+04   1.405868e+02     0.023 (  5813      0)     0.022 (  4658      0)
"l_i:PIO:read_darray_2d_double"                               -       6144     6144 6.082560e+05   2.755414e+05    45.317 (  3432      0)    44.000 (  2046      0)
"l_i:PIO:read_darray_2d_int"                                  -       6144     6144 2.457600e+04   1.979669e+03     0.338 (  1416      0)     0.309 (  5936      0)
"l_i:gather_1darray_int_total"                                -       6144     6144 3.072000e+04   2.059365e+03     1.070 (     0      0)     0.224 (    12      0)
"l_i:scatter_1darray_int_total"                               -       6144     6144 3.072000e+04   9.243973e+03     1.581 (     9      0)     0.707 (     0      0)
"l_i:init_filters"                                            -       6144     6144 6.144000e+03   7.608624e+01     0.027 (  5268      0)     0.000 (  2738      0)
"l_i:elm_init2"                                               -       6144     6144 6.144000e+03   5.828023e+05    94.863 (  5292      0)    94.855 (  2241      0)
"l_i:init_orbd"                                               -       6144     6144 6.144000e+03   5.554601e+00     0.042 (  5202      0)     0.000 (  3811      0)
"l_i:PIO:get_var_0d_int"                                      -       6144     6144 1.290240e+05   2.548004e+03     0.525 (  1084      0)     0.356 (  3743      0)
"l_i:PIO:get_var_2d_double"                                   -       6144     6144 7.372800e+04   4.235978e+02     0.070 (   293      0)     0.067 (  2136      0)
"l_i:PIO:get_var_3d_double"                                   -       6144     6144 2.457600e+04   1.072689e+02     0.019 (  5642      0)     0.015 (   252      0)
"l_i:init_accflds"                                            -       6144     6144 6.144000e+03   6.520642e+00     0.001 (  2034      0)     0.001 (  4991      0)
"l_i:init_dyn_subgrid"                                        -       6144     6144 6.144000e+03   8.032625e+01     0.023 (  1084      0)     0.003 (  2328      0)
"l_i:subgridRest_write-read"                                  -       6144     6144 6.144000e+03   6.075733e+04     9.895 (  4056      0)     9.882 (  1028      0)
"l_i:init_map2gc"                                             -       6144     6144 6.144000e+03   4.995451e+00     0.001 (  5700      0)     0.001 (  3441      0)
"l_i:init_elm_interface_data & pflotran"                      -       6144     6144 6.144000e+03   4.321113e-04     0.000 (  5602      0)     0.000 (  3076      0)
"l_i:init_wlog"                                               -       6144     6144 6.144000e+03   1.667799e-03     0.000 (     0      0)     0.000 (  1272      0)
"l_i:elm_init3"                                               -       6144     6144 6.144000e+03   9.112856e-03     0.000 (  2995      0)     0.000 (   889      0)
"CPL:comp_init_cc_rof"                                        -       6144     6144 6.144000e+03   2.914519e+01     0.005 (  4764      0)     0.004 (  5962      0)
"r_i:comp_init"                                               -       6144     6144 6.144000e+03   4.713956e-01     0.000 (  1113      0)     0.000 (  5194      0)
"CPL:comp_init_cc_ocn"                                        -       6144     6144 6.144000e+03   2.505846e+05    40.788 (  4844      0)    40.784 (  2942      0)
"o_i:comp_init"                                               -       6144     6144 6.144000e+03   2.505405e+05    40.783 (  1399      0)    40.765 (  5840      0)
"o_i:docn_readnml"                                            -       6144     6144 6.144000e+03   2.996783e+03     0.529 (  1355      0)     0.163 (     0      0)
"o_i:DOCN_INIT"                                               -       6144     6144 6.144000e+03   2.474295e+05    40.589 (     0      0)    40.240 (  1625      0)
"o_i:docn_strdata_init"                                       -       6144     6144 6.144000e+03   2.390967e+05    39.210 (     0      0)    38.682 (  1942      0)
"o_i:PIO:initdecomp"                                          -       6144     6144 1.843200e+04   2.648048e+03     0.446 (     1      0)     0.414 (     0      0)
"o_i:PIO:PIOc_initdecomp"                                     -       6144     6144 1.843200e+04   2.647992e+03     0.446 (     2      0)     0.414 (     0      0)
"o_i:PIO:box_rearrange_create"                                -       6144     6144 1.843200e+04   2.536386e+03     0.413 (  5930      0)     0.413 (   880      0)
"o_i:PIO:pio_swapm"                                           -       6144     6144 6.758400e+04   2.888299e+03     0.520 (  3083      0)     0.341 (    24      0)
"o_i:docn_initgsmaps"                                         -       6144     6144 6.144000e+03   2.071919e+00     0.000 (  6023      0)     0.000 (  6110      0)
"o_i:docn_initmctdom"                                         -       6144     6144 6.144000e+03   1.070789e+00     0.000 (  1511      0)     0.000 (  5274      0)
"o_i:docn_initmctavs"                                         -       6144     6144 6.144000e+03   1.433634e+00     0.000 (  3457      0)     0.000 (  1016      0)
"o_i:DOCN_RUN"                                                -       6144     6144 6.144000e+03   8.328161e+03     1.594 (  1939      0)     1.278 (  5819      0)
"o_i:docn_run1"                                               -       6144     6144 6.144000e+03   5.023169e-03     0.000 (  3464      0)     0.000 (  5057      0)
"o_i:docn"                                                    -       6144     6144 6.144000e+03   8.328117e+03     1.593 (  1939      0)     1.278 (  5819      0)
"o_i:docn_strdata_advance"                                    -       6144     6144 6.144000e+03   8.326571e+03     1.593 (  1939      0)     1.278 (  5819      0)
"o_i:docn_strd_adv_total"                                     -       6144     6144 6.144000e+03   8.326556e+03     1.593 (  1939      0)     1.278 (  5819      0)
"o_i:docn_strd_adv_readLBUB"                                  -       6144     6144 6.144000e+03   8.111977e+03     1.580 (  1932      0)     1.231 (   140      0)
"o_i:docn_readLBUB_setup"                                     -       6144     6144 6.144000e+03   1.804128e-03     0.000 (  1655      0)     0.000 (  1358      0)
"o_i:docn_readLBUB_fbound"                                    -       6144     6144 6.144000e+03   1.167772e+00     1.167 (     0      0)     0.000 (  4263      0)
"o_i:docn_readLBUB_bcast"                                     -       6144     6144 6.144000e+03   7.038829e+03     1.382 (  1932      0)     0.000 (     0      0)
"o_i:docn_readLBUB_LB_setup"                                  -       6144     6144 6.144000e+03   1.227969e-03     0.000 (     0      0)     0.000 (  2206      0)
"o_i:docn_readLBUB_LB_readpio"                                -       6144     6144 6.144000e+03   5.401342e+02     0.148 (   252      0)     0.079 (     4      0)
"o_i:PIO:openfile"                                            -       6144     6144 6.144000e+03   3.508961e+02     0.071 (  6037      0)     0.019 (  2900      0)
"o_i:PIO:pio_inq_varid_file_vdesc"                            -       6144     6144 2.457600e+04   4.611825e+00     0.001 (  2296      0)     0.000 (   879      0)
"o_i:PIO:pio_inq_varid_file_vid"                              -       6144     6144 2.457600e+04   4.600336e+00     0.001 (  2296      0)     0.000 (   878      0)
"o_i:PIO:pio_inq_varndims_file_vdesc"                         -       6144     6144 1.228800e+04   6.284600e+00     0.050 (  2376      0)     0.001 (    23      0)
"o_i:PIO:pio_inq_varndims_file_vid"                           -       6144     6144 1.228800e+04   6.276876e+00     0.050 (  2376      0)     0.001 (    23      0)
"o_i:PIO:pio_inq_vardimid_file_vdesc"                         -       6144     6144 1.228800e+04   9.692598e+00     0.002 (    11      0)     0.001 (  3256      0)
"o_i:PIO:pio_inq_vardimid_file_vid"                           -       6144     6144 1.228800e+04   9.686099e+00     0.002 (     4      0)     0.001 (  3263      0)
"o_i:PIO:pio_inq_dimlen_file_dimid"                           -       6144     6144 3.686400e+04   5.974386e+00     0.001 (   619      0)     0.001 (    81      0)
"o_i:PIO:pio_inq_dimlen_file_dimid_offlen"                    -       6144     6144 3.686400e+04   5.962835e+00     0.001 (   580      0)     0.001 (    81      0)
"o_i:PIO:pio_inq_vartype_file_vdesc"                          -       6144     6144 1.228800e+04   4.869953e+00     0.001 (    33      0)     0.001 (  1193      0)
"o_i:PIO:pio_inq_vartype_file_vid"                            -       6144     6144 1.228800e+04   4.862870e+00     0.001 (    33      0)     0.001 (  5509      0)
"o_i:PIO:read_darray_1d_real"                                 -       6144     6144 1.228800e+04   5.406327e+02     0.130 (  2772      0)     0.017 (   193      0)
"o_i:PIO:PIOc_read_darray"                                    -       6144     6144 1.228800e+04   5.405955e+02     0.130 (  2772      0)     0.017 (   193      0)
"o_i:PIO:read_darray_nc"                                      -       6144     6144 1.228800e+04   4.305379e+01     0.121 (  2784      0)     0.000 (  2504      0)
"o_i:PIO:rearrange_io2comp"                                   -       6144     6144 1.228800e+04   4.800021e+02     0.112 (  3083      0)     0.001 (  6132      0)
"o_i:docn_readLBUB_UB_setup"                                  -       6144     6144 6.144000e+03   4.024760e-03     0.000 (     0      0)     0.000 (   745      0)
"o_i:docn_readLBUB_UB_readpio"                                -       6144     6144 6.144000e+03   5.311763e+02     0.124 (  1978      0)     0.004 (   181      0)
"o_i:docn_readLBUB_filemgt"                                   -       6144     6144 6.144000e+03   1.293841e-03     0.000 (  2860      0)     0.000 (  1497      0)
"o_i:docn_strd_adv_fill"                                      -       6144     6144 6.144000e+03   8.343614e-01     0.000 (  4941      0)     0.000 (  1024      0)
"o_i:docn_strd_adv_map"                                       -       6144     6144 6.144000e+03   2.134629e+02     0.061 (  4910      0)     0.002 (  2784      0)
"o_i:docn_strd_adv_tint"                                      -       6144     6144 6.144000e+03   2.049635e-01     0.000 (   320      0)     0.000 (   536      0)
"o_i:docn_scatter"                                            -       6144     6144 6.144000e+03   8.666453e-01     0.000 (     0      0)     0.000 (  4068      0)
"o_i:docn_datamode"                                           -       6144     6144 6.144000e+03   2.437887e-01     0.000 (     0      0)     0.000 (  5911      0)
"o_i:docn_run2"                                               -       6144     6144 6.144000e+03   1.015335e-02     0.000 (    82      0)     0.000 (  5460      0)
"CPL:comp_init_cc_ice"                                        -       6144     6144 6.144000e+03   2.395933e+05    39.015 (  1658      0)    38.989 (  4868      0)
"i_i:comp_init"                                               -       6144     6144 6.144000e+03   2.384279e+05    39.010 (  6036      0)    38.612 (  5080      0)
"i_i:cice_init"                                               -       6144     6144 6.144000e+03   2.521095e+04     4.107 (  6080      0)     4.101 (  4717      0)
"i_i:ice_HaloUpdate2DR8"                                      -       6144     6144 2.457600e+04   8.828407e+01     0.396 (  3599      0)     0.000 (  3975      0)
"i_i:ice_HU2DR8_init"                                         -       6144     6144 2.457600e+04   1.501429e-02     0.000 (   221      0)     0.000 (  2900      0)
"i_i:state_bound_h1"                                          -       6144     6144 6.144000e+03   1.360983e+00     0.003 (  6084      0)     0.000 (  4508      0)
"i_i:ice_HaloUpdate3DR8"                                      -       6144     6144 3.072000e+04   1.874299e+00     0.003 (  6084      0)     0.000 (  3963      0)
"i_i:ice_HU3DR8_init"                                         -       6144     6144 3.072000e+04   2.490633e-02     0.000 (  3322      0)     0.000 (   590      0)
"i_i:ice_HU3DR8_recvall"                                      -       6144     6144 3.072000e+04   1.133500e+00     0.003 (  6084      0)     0.000 (  2743      0)
"i_i:state_bound_hm"                                          -       6144     6144 6.144000e+03   2.942899e+00     0.001 (  6072      0)     0.000 (     2      0)
"i_i:state_bound_hc"                                          -       6144     6144 6.144000e+03   3.431640e-02     0.000 (  2528      0)     0.000 (  3592      0)
"i_i:state_bound_h2"                                          -       6144     6144 6.144000e+03   7.979145e-01     0.000 (   982      0)     0.000 (  3965      0)
"i_i:ice_HaloUpdate4DR8"                                      -       6144     6144 6.144000e+03   2.400420e-01     0.000 (   982      0)     0.000 (  3964      0)
"i_i:ice_HU4DR8_init"                                         -       6144     6144 6.144000e+03   1.801869e-02     0.000 (  5751      0)     0.000 (  3975      0)
"i_i:ice_HU4DR8_recvall"                                      -       6144     6144 6.144000e+03   1.615031e-03     0.000 (  1007      0)     0.000 (    87      0)
"i_i:state_bound_hd"                                          -       6144     6144 6.144000e+03   3.283347e-03     0.000 (  2041      0)     0.000 (  4211      0)
"i_i:cice_mct_init"                                           -       6144     6144 6.144000e+03   2.132131e+05    34.907 (  6025      0)    34.508 (  1688      0)
"i_i:PIO:initdecomp"                                          -       6144     6144 1.843200e+04   2.720135e+03     0.729 (     1      0)     0.422 (     0      0)
"i_i:PIO:PIOc_initdecomp"                                     -       6144     6144 1.843200e+04   2.720075e+03     0.729 (     2      0)     0.422 (     0      0)
"i_i:PIO:box_rearrange_create"                                -       6144     6144 1.843200e+04   2.587310e+03     0.421 (  4605      0)     0.421 (   878      0)
"i_i:PIO:pio_swapm"                                           -       6144     6144 5.529600e+04   2.457829e+03     0.418 (  4428      0)     0.346 (   938      0)
"CPL:comp_init_cc_glc"                                        -       6144     6144 6.144000e+03   2.390540e+01     0.005 (  4896      0)     0.001 (  5227      0)
"g_i:comp_init"                                               -       6144     6144 6.144000e+03   9.022039e-03     0.000 (  4119      0)     0.000 (   853      0)
"CPL:comp_init_cc_wav"                                        -       6144     6144 6.144000e+03   2.280326e+01     0.005 (   416      0)     0.001 (  3288      0)
"w_i:comp_init"                                               -       6144     6144 6.144000e+03   2.629790e-03     0.000 (  3107      0)     0.000 (  5116      0)
"CPL:comp_init_cc_esp"                                        -       6144     6144 6.144000e+03   2.077331e+01     0.004 (  2496      0)     0.000 (  5224      0)
"e_i:comp_init"                                               -       6144     6144 6.144000e+03   4.095248e-03     0.000 (  4632      0)     0.000 (  5557      0)
"CPL:comp_init_cc_iac"                                        -       6144     6144 6.144000e+03   2.433575e+01     0.005 (  4854      0)     0.001 (  4080      0)
"z_i:comp_init"                                               -       6144     6144 6.144000e+03   3.030799e-03     0.000 (   203      0)     0.000 (  1811      0)
"CPL:comp_init_cx_all"                                        -       6144     6144 6.144000e+03   6.989674e+02     0.116 (  6108      0)     0.103 (  1690      0)
"CPL:comp_list_all"                                           -       6144     6144 6.144000e+03   2.408110e-02     0.000 (  4389      0)     0.000 (  3866      0)
"CPL:init_maps"                                               -       6144     6144 6.144000e+03   1.219385e+02     0.024 (  5422      0)     0.017 (  6122      0)
"CPL:init_aream"                                              -       6144     6144 6.144000e+03   1.098842e+01     0.006 (  2764      0)     0.000 (  1509      0)
"CPL:init_domain_check"                                       -       6144     6144 6.144000e+03   4.272357e+01     0.011 (  1426      0)     0.004 (  5856      0)
"CPL:init_areacor"                                            -       6144     6144 6.144000e+03   5.825801e+01     0.009 (  1076      0)     0.009 (  5684      0)
"CPL:init_fracs"                                              -       6144     6144 6.144000e+03   1.068979e+01     0.004 (     0      0)     0.001 (  1622      0)
"CPL:init_aoflux"                                             -       6144     6144 6.144000e+03   6.358466e+00     0.001 (  1857      0)     0.001 (     0      0)
"CPL:init_atminit"                                            -       6144     6144 3.686400e+04   2.870608e+01     0.008 (   110      0)     0.003 (  4232      0)
"CPL:comp_init_cc_atm2"                                       -       6144     6144 6.144000e+03   8.347853e+01     0.015 (  2967      0)     0.011 (   110      0)
"CPL:init_readrestart"                                        -       6144     6144 6.144000e+03   4.673603e-01     0.000 (  2406      0)     0.000 (  4012      0)
"CPL:cime_run_init"                                           -       6144     6144 6.144000e+03   7.616938e-01     0.008 (     0      0)     0.000 (  1989      0)
"CPL:INIT_sync1_tprf"                                         -       6144     6144 6.144000e+03   4.929583e+01     0.008 (  6045      0)     0.000 (     0      0)
"CPL:INIT_t_prf"                                              -       6144     6144 6.144000e+03   1.876211e+00     0.112 (     0      0)     0.000 (  1157      0)
"CPL:INIT_sync2_tprf"                                         -       6144     6144 6.144000e+03   6.840171e+02     0.112 (  1157      0)     0.000 (     0      0)
"CPL:RUN_LOOP_BSTART"                                         -       6144     6144 6.144000e+03   2.205163e-01     0.000 (  2431      0)     0.000 (     0      0)
"CPL:RUN_LOOP"                                                -       6144     6144 2.654208e+06   3.296404e+06   536.529 (  5549      0)   536.519 (  2942      0)
"CPL:CLOCK_ADVANCE"                                           -       6144     6144 2.654208e+06   2.846563e+02     0.052 (  1821      0)     0.041 (  1025      0)
"CPL:RUN"                                                     -       6144     6144 3.184435e+07   2.968772e+04     9.359 (  3852      0)     2.657 (  1904      0)
"CPL:OCNPRE1"                                                 -       6144     6144 2.654208e+06   2.357096e+03     0.444 (  1826      0)     0.321 (  2841      0)
"CPL:ocnpre1_atm2ocn"                                         -       6144     6144 2.654208e+06   2.353656e+03     0.444 (  1826      0)     0.321 (  2841      0)
"CPL:LNDPREP"                                                 -       6144     6144 2.654208e+06   5.889752e+02     0.159 (   708      0)     0.039 (  1449      0)
"CPL:lndprep_atm2lnd"                                         -       6144     6144 2.654208e+06   3.820974e+02     0.118 (   710      0)     0.026 (  1449      0)
"CPL:lndprep_mrgx2l"                                          -       6144     6144 2.654208e+06   2.006991e+02     0.049 (  4890      0)     0.003 (  2761      0)
"CPL:COMM"                                                    -       6144     6144 1.857331e+07   1.450914e+05    41.967 (  3335      0)     7.424 (   751      0)
"CPL:C2L"                                                     -       6144     6144 2.654208e+06   2.448424e+03     0.475 (  1115      0)     0.327 (  5930      0)
"CPL:c2l_lndx2lndl"                                           -       6144     6144 2.654208e+06   1.073796e+03     0.241 (  4265      0)     0.112 (  2025      0)
"CPL:c2l_infoexch"                                            -       6144     6144 2.654208e+06   1.369727e+03     0.326 (  1098      0)     0.109 (   715      0)
"CPL:ICEPREP"                                                 -       6144     6144 2.654208e+06   1.726688e+03     0.305 (  3532      0)     0.268 (   586      0)
"CPL:iceprep_ocn2ice"                                         -       6144     6144 2.654208e+06   2.910300e+02     0.052 (  1419      0)     0.043 (  2134      0)
"CPL:iceprep_atm2ice"                                         -       6144     6144 2.654208e+06   5.138771e+02     0.089 (  5100      0)     0.080 (  1702      0)
"CPL:iceprep_mrgx2i"                                          -       6144     6144 2.654208e+06   9.078393e+02     0.170 (  3532      0)     0.140 (   585      0)
"CPL:C2I"                                                     -       6144     6144 2.654208e+06   2.017957e+03     0.350 (   586      0)     0.292 (  1422      0)
"CPL:c2i_icex2icei"                                           -       6144     6144 2.654208e+06   5.159734e+02     0.096 (  3364      0)     0.079 (  4546      0)
"CPL:ice_infoexch"                                            -       6144     6144 2.654208e+06   1.498168e+03     0.269 (   586      0)     0.202 (  1419      0)
"CPL:ICE_RUN"                                                 -       6144     6144 2.654208e+06   2.984025e+04     5.959 (  4884      0)     4.512 (  5881      0)
"i:cice_run_total"                                            -       6144     6144 2.654208e+06   2.666781e+04     5.632 (  4836      0)     4.109 (  1858      0)
"i:cice_run_import"                                           -       6144     6144 2.654208e+06   2.304932e+03     0.459 (  4887      0)     0.330 (  4249      0)
"i:cice_imp_ocn"                                              -       6144     6144 2.654208e+06   1.816553e+02     0.051 (  4334      0)     0.027 (   680      0)
"i:cice_imp_atm"                                              -       6144     6144 2.654208e+06   1.841386e+02     0.067 (  4334      0)     0.027 (  1010      0)
"i:cice_run_initmd"                                           -       6144     6144 2.654208e+06   6.725532e+03     1.180 (  6136      0)     0.978 (  2531      0)
"i:cice_run_presc"                                            -       6144     6144 2.654208e+06   6.351681e+03     1.063 (  4347      0)     0.985 (  5893      0)
"i:cice_pice_strd_adv_total"                                  -       6144     6144 2.654208e+06   4.065203e+03     0.674 (  4740      0)     0.636 (   346      0)
"i:cice_pice_strd_adv_readLBUB"                               -       6144     6144 2.654208e+06   3.691715e+03     0.639 (  2916      0)     0.559 (     6      0)
"i:cice_pice_readLBUB_setup"                                  -       6144     6144 2.654208e+06   8.250427e-01     0.000 (  5684      0)     0.000 (  1090      0)
"i:cice_pice_readLBUB_fbound"                                 -       6144     6144 1.228800e+04   2.703747e-01     0.269 (     0      0)     0.000 (  3501      0)
"i:cice_pice_readLBUB_bcast"                                  -       6144     6144 1.228800e+04   1.655901e+03     0.270 (  2420      0)     0.001 (     0      0)
"i:cice_pice_readLBUB_LB_setup"                               -       6144     6144 6.144000e+03   2.040715e-03     0.000 (     0      0)     0.000 (  4970      0)
"i:cice_pice_readLBUB_LB_readpio"                             -       6144     6144 6.144000e+03   3.199932e+02     0.112 (  1872      0)     0.021 (     0      0)
"i:PIO:openfile"                                              -       6144     6144 6.144000e+03   7.901456e+01     0.013 (  6132      0)     0.013 (     0      0)
"i:PIO:pio_inq_varid_file_vdesc"                              -       6144     6144 3.686400e+04   3.607123e+02     0.150 (  5748      0)     0.001 (    19      0)
"i:PIO:pio_inq_varid_file_vid"                                -       6144     6144 3.686400e+04   3.606971e+02     0.150 (  5750      0)     0.001 (    19      0)
"i:PIO:pio_inq_varndims_file_vdesc"                           -       6144     6144 1.843200e+04   1.130363e+01     0.052 (  6136      0)     0.001 (  2675      0)
"i:PIO:pio_inq_varndims_file_vid"                             -       6144     6144 1.843200e+04   1.129388e+01     0.052 (  6136      0)     0.001 (  2675      0)
"i:PIO:pio_inq_vardimid_file_vdesc"                           -       6144     6144 1.843200e+04   1.415099e+01     0.003 (     8      0)     0.001 (  3899      0)
"i:PIO:pio_inq_vardimid_file_vid"                             -       6144     6144 1.843200e+04   1.414288e+01     0.003 (     8      0)     0.001 (  3888      0)
"i:PIO:pio_inq_dimlen_file_dimid"                             -       6144     6144 5.529600e+04   8.608462e+00     0.008 (  1651      0)     0.001 (  1236      0)
"i:PIO:pio_inq_dimlen_file_dimid_offlen"                      -       6144     6144 5.529600e+04   8.592630e+00     0.008 (  1645      0)     0.001 (  1243      0)
"i:PIO:pio_inq_vartype_file_vdesc"                            -       6144     6144 1.843200e+04   6.840382e+00     0.002 (     6      0)     0.001 (  1091      0)
"i:PIO:pio_inq_vartype_file_vid"                              -       6144     6144 1.843200e+04   6.831793e+00     0.001 (    11      0)     0.001 (  1082      0)
"i:PIO:read_darray_1d_real"                                   -       6144     6144 1.843200e+04   1.449291e+03     0.346 (  2928      0)     0.092 (  1864      0)
"i:PIO:PIOc_read_darray"                                      -       6144     6144 1.843200e+04   1.449245e+03     0.346 (  2928      0)     0.092 (  1864      0)
"i:PIO:read_darray_nc"                                        -       6144     6144 1.843200e+04   1.191388e+02     0.338 (  2928      0)     0.000 (  4629      0)
"i:PIO:rearrange_io2comp"                                     -       6144     6144 1.843200e+04   1.311406e+03     0.339 (   553      0)     0.000 (     0      0)
"i:PIO:pio_swapm"                                             -       6144     6144 1.843200e+04   1.310884e+03     0.339 (   550      0)     0.000 (     0      0)
"i:cice_pice_readLBUB_UB_setup"                               -       6144     6144 1.228800e+04   5.073917e-03     0.000 (     0      0)     0.000 (  2706      0)
"i:cice_pice_readLBUB_UB_readpio"                             -       6144     6144 1.228800e+04   1.706414e+03     0.316 (    24      0)     0.208 (  1360      0)
"i:cice_pice_readLBUB_filemgt"                                -       6144     6144 2.654208e+06   5.729244e-01     0.000 (  3017      0)     0.000 (   429      0)
"i:cice_pice_strd_adv_map"                                    -       6144     6144 1.228800e+04   3.005319e+02     0.090 (     7      0)     0.009 (   648      0)
"i:cice_pice_strd_adv_tint"                                   -       6144     6144 2.654208e+06   6.188200e+01     0.012 (  2864      0)     0.009 (   812      0)
"i:cice_run_initflux"                                         -       6144     6144 2.654208e+06   2.263311e+02     0.050 (     5      0)     0.033 (  1931      0)
"i:cice_run_prepradiation"                                    -       6144     6144 2.654208e+06   8.646020e+01     0.022 (  4837      0)     0.013 (  5159      0)
"i:cice_run_therm1"                                           -       6144     6144 2.654208e+06   3.460132e+03     1.132 (  4839      0)     0.495 (  5351      0)
"i:cice_run_dyn"                                              -       6144     6144 2.654208e+06   1.367445e-01     0.000 (  4226      0)     0.000 (  4303      0)
"i:cice_run_radiation"                                        -       6144     6144 2.654208e+06   2.118529e+03     1.168 (  4955      0)     0.250 (  5878      0)
"i:cice_step_radiationib"                                     -       6144     6144 2.654208e+06   1.902410e+03     1.133 (  4955      0)     0.215 (  5878      0)
"i:cice_step_rib_swdedd1"                                     -       6144     6144 2.654208e+06   1.693743e+02     0.036 (     5      0)     0.011 (  5901      0)
"i:cice_step_rib_swdedd2"                                     -       6144     6144 2.654208e+06   1.310256e+02     0.024 (  4884      0)     0.020 (  1546      0)
"i:cice_step_rib_swdedd7"                                     -       6144     6144 2.654208e+06   1.494000e+03     1.058 (  4957      0)     0.162 (  2363      0)
"i:cice_run_couplingprep"                                     -       6144     6144 2.654208e+06   1.491346e+03     0.324 (  4295      0)     0.225 (  4375      0)
"i:ice_HaloUpdate2DR8"                                        -       6144     6144 2.654208e+06   1.294567e+02     0.106 (  4295      0)     0.008 (  5768      0)
"i:ice_HU2DR8_init"                                           -       6144     6144 2.654208e+06   2.249324e+00     0.001 (  4979      0)     0.000 (  5125      0)
"i:cice_run_diag"                                             -       6144     6144 2.654208e+06   1.747766e+03     0.300 (  5877      0)     0.221 (  4860      0)
"i:cice_run_hist"                                             -       6144     6144 2.654208e+06   1.371835e+03     0.246 (  2978      0)     0.179 (  5890      0)
"i:cice_run_accum"                                            -       6144     6144 2.654208e+06   2.836053e+01     0.005 (  5603      0)     0.004 (   603      0)
"i:cice_run_export"                                           -       6144     6144 2.654208e+06   6.979534e+02     0.129 (  4875      0)     0.105 (  5531      0)
"CPL:LND_RUN"                                                 -       6144     6144 2.654208e+06   3.188494e+05    62.386 (   379      0)    43.259 (  6052      0)
"l:lc_lnd_import"                                             -       6144     6144 2.654208e+06   9.970214e+02     0.219 (  1115      0)     0.084 (  1095      0)
"l:elm_run"                                                   -       6144     6144 2.660352e+06   3.169614e+05    62.059 (   379      0)    42.928 (  6052      0)
"l:shr_orb_decl"                                              -       6144     6144 2.660352e+06   2.842202e+00     0.001 (  5891      0)     0.000 (  3571      0)
"l:decomp_vert"                                               -       6144     6144 2.660352e+06   4.296149e+01     0.012 (  5377      0)     0.003 (  2094      0)
"l:beggridwbal"                                               -       6144     6144 2.660352e+06   1.572277e+03     0.308 (   430      0)     0.216 (  4380      0)
"l:cnpinit"                                                   -       6144     6144 2.660352e+06   2.407096e+00     0.001 (  1426      0)     0.000 (  2611      0)
"l:cnpvegsumm"                                                -       6144     6144 2.660352e+06   2.892632e-01     0.000 (  1330      0)     0.000 (  1743      0)
"l:dyn_subgrid"                                               -       6144     6144 2.660352e+06   9.862611e+03     1.853 (   654      0)     1.400 (  3441      0)
"l:begwbal"                                                   -       6144     6144 2.660352e+06   1.990846e+02     0.051 (   430      0)     0.021 (  4919      0)
"l:begcnpbal"                                                 -       6144     6144 2.660352e+06   5.181153e-01     0.000 (  5726      0)     0.000 (  1455      0)
"l:drvinit"                                                   -       6144     6144 2.660352e+06   8.784916e+02     0.161 (   654      0)     0.129 (  1737      0)
"l:canhydro"                                                  -       6144     6144 2.660352e+06   1.713697e+03     0.360 (   653      0)     0.210 (  3312      0)
"l:surfrad"                                                   -       6144     6144 2.660352e+06   3.388214e+03     0.677 (  1117      0)     0.461 (  2885      0)
"l:bgp1"                                                      -       6144     6144 2.660352e+06   1.917628e+03     0.440 (   430      0)     0.239 (  3441      0)
"l:bgflux"                                                    -       6144     6144 2.660352e+06   2.659861e+03     0.570 (  4664      0)     0.271 (  1382      0)
"l:canflux"                                                   -       6144     6144 2.660352e+06   1.033747e+05    24.614 (  5034      0)    10.817 (  4067      0)
"l:can_iter"                                                  -       6144     6144 2.660352e+06   8.442407e+04    21.089 (  5034      0)     8.200 (  3049      0)
"l:uflux"                                                     -       6144     6144 2.660352e+06   1.517063e+03     0.485 (  6075      0)     0.099 (  5491      0)
"l:bgplake"                                                   -       6144     6144 2.660352e+06   7.621411e+03     1.759 (   186      0)     0.828 (  3860      0)
"l:bgc"                                                       -       6144     6144 2.660352e+06   5.681378e+03     1.269 (  4891      0)     0.711 (  3099      0)
"l:soiltemperature"                                           -       6144     6144 2.660352e+06   6.892285e+04    13.363 (  6075      0)     9.663 (  3280      0)
"l:SoilThermProp"                                             -       6144     6144 2.660352e+06   3.403326e+03     0.811 (  3007      0)     0.385 (  5491      0)
"l:SoilTempBandDiag"                                          -       6144     6144 5.320704e+06   6.316322e+03     1.678 (   100      0)     0.673 (  5491      0)
"l:PhaseChangeH2osfc"                                         -       6144     6144 2.660352e+06   3.264634e+01     0.010 (   430      0)     0.003 (  3151      0)
"l:PhaseChangebeta"                                           -       6144     6144 2.660352e+06   1.262758e+03     0.324 (   654      0)     0.109 (  4921      0)
"l:bgp2"                                                      -       6144     6144 2.660352e+06   2.732692e+03     0.561 (  6075      0)     0.348 (  1190      0)
"l:bgp2_loop_1"                                               -       6144     6144 2.660352e+06   4.889134e+02     0.099 (   430      0)     0.064 (  1190      0)
"l:bgp2_loop_2"                                               -       6144     6144 2.660352e+06   8.859195e+02     0.176 (   566      0)     0.117 (  4021      0)
"l:bgp2_loop_3"                                               -       6144     6144 2.660352e+06   1.043063e+03     0.229 (  5346      0)     0.118 (  3099      0)
"l:bgp2_loop_4"                                               -       6144     6144 2.660352e+06   2.989697e+02     0.060 (  1039      0)     0.040 (  3441      0)
"l:patch2col"                                                 -       6144     6144 2.660352e+06   1.549699e+03     0.366 (   279      0)     0.203 (  1737      0)
"l:hydro without drainage"                                    -       6144     6144 2.660352e+06   2.195367e+04     4.678 (  6075      0)     2.847 (  3442      0)
"l:hylake"                                                    -       6144     6144 2.660352e+06   1.990016e+03     0.779 (   192      0)     0.252 (    82      0)
"l:snow_init"                                                 -       6144     6144 2.660352e+06   1.339828e+02     0.052 (  1185      0)     0.009 (  5487      0)
"l:ecosysdyn"                                                 -       6144     6144 2.660352e+06   5.032176e+02     0.096 (  6075      0)     0.067 (  4021      0)
"l:depvel"                                                    -       6144     6144 5.320704e+06   2.937565e+00     0.001 (  1800      0)     0.000 (  4794      0)
"l:hydro2 drainage"                                           -       6144     6144 2.660352e+06   1.448664e+03     0.341 (   768      0)     0.172 (  5491      0)
"l:balchk"                                                    -       6144     6144 2.660352e+06   1.651531e+03     0.304 (  1039      0)     0.240 (  3442      0)
"l:gridbalchk"                                                -       6144     6144 2.660352e+06   1.059156e+03     0.190 (   654      0)     0.155 (  2133      0)
"l:lnd2atm"                                                   -       6144     6144 2.660352e+06   7.849464e+03     1.421 (   383      0)     1.138 (  3151      0)
"l:wrtdiag"                                                   -       6144     6144 2.660352e+06   3.030280e+01     0.021 (     0      0)     0.004 (  3534      0)
"l:hbuf"                                                      -       6144     6144 2.660352e+06   2.958935e+04     5.361 (   873      0)     4.336 (  1190      0)
"l:elm_drv_io"                                                -       6144     6144 2.660352e+06   8.378357e+00     0.002 (  1359      0)     0.001 (  2267      0)
"l:elm_drv_io_htapes"                                         -       6144     6144 2.660352e+06   6.945302e+00     0.002 (  1057      0)     0.001 (  5392      0)
"l:lc_lnd_export"                                             -       6144     6144 2.660352e+06   2.478127e+02     0.042 (  4610      0)     0.039 (  1378      0)
"l:lc_elm2_adv_timestep"                                      -       6144     6144 2.660352e+06   1.963727e+00     0.001 (  1615      0)     0.000 (  5328      0)
"l:accum"                                                     -       6144     6144 2.654208e+06   5.704742e+03     0.968 (    32      0)     0.873 (  1390      0)
"CPL:ATMOCNP"                                                 -       6144     6144 2.654208e+06   4.433149e+03     1.059 (  1383      0)     0.169 (  5900      0)
"CPL:atmocnp_fluxo"                                           -       6144     6144 2.654208e+06   3.769010e+03     0.936 (  1383      0)     0.060 (  5900      0)
"CPL:atmocnp_ocnalb"                                          -       6144     6144 2.654208e+06   6.558265e+02     0.165 (  1899      0)     0.079 (  3723      0)
"CPL:L2C"                                                     -       6144     6144 2.654208e+06   2.959597e+04    10.298 (  5541      0)     0.192 (  1071      0)
"CPL:l2c_lndl2lndx"                                           -       6144     6144 2.654208e+06   2.958446e+04    10.296 (  5541      0)     0.190 (  1071      0)
"lnd2cpl_run"                                                 -       6144     6144 2.654208e+06   7.491660e+00     0.001 (  1037      0)     0.001 (  2788      0)
"CPL:LNDPOST"                                                 -       6144     6144 2.654208e+06   2.448693e+00     0.000 (  1887      0)     0.000 (  3128      0)
"CPL:I2C"                                                     -       6144     6144 2.654208e+06   5.236586e+02     0.090 (  3186      0)     0.079 (    50      0)
"CPL:i2c_icei2icex"                                           -       6144     6144 2.654208e+06   5.137533e+02     0.089 (  3186      0)     0.078 (    50      0)
"CPL:i2c_infoexch"                                            -       6144     6144 2.654208e+06   4.928066e+00     0.001 (  4359      0)     0.001 (   332      0)
"CPL:ICEPOST"                                                 -       6144     6144 2.654208e+06   5.491848e-01     0.000 (  4490      0)     0.000 (  2313      0)
"CPL:FRACSET"                                                 -       6144     6144 2.654208e+06   6.207604e+02     0.106 (  1298      0)     0.097 (   980      0)
"CPL:fracset_fracset"                                         -       6144     6144 2.654208e+06   6.195157e+02     0.105 (  1298      0)     0.097 (   980      0)
"CPL:ATMPREP"                                                 -       6144     6144 2.654208e+06   1.992505e+04     7.654 (  3852      0)     1.278 (  1449      0)
"CPL:atmprep_xao2atm"                                         -       6144     6144 2.654208e+06   1.692430e+03     0.322 (  5454      0)     0.246 (  1024      0)
"CPL:atmprep_ocn2atm"                                         -       6144     6144 2.654208e+06   1.061332e+03     0.202 (  2046      0)     0.157 (  3322      0)
"CPL:atmprep_alb2atm"                                         -       6144     6144 2.654208e+06   4.380636e+02     0.086 (  1995      0)     0.062 (  5880      0)
"CPL:atmprep_ice2atm"                                         -       6144     6144 2.654208e+06   1.809300e+03     0.326 (  6039      0)     0.267 (   994      0)
"CPL:atmprep_lnd2atm"                                         -       6144     6144 2.654208e+06   1.308252e+04     6.572 (  3852      0)     0.182 (  1449      0)
"CPL:atmprep_mrgx2a"                                          -       6144     6144 2.654208e+06   1.824823e+03     0.340 (  5631      0)     0.275 (  4232      0)
"CPL:C2A"                                                     -       6144     6144 2.654208e+06   2.212975e+04     6.334 (  1648      0)     0.746 (  3919      0)
"CPL:c2a_atmx2atmg"                                           -       6144     6144 2.654208e+06   1.900583e+04     5.979 (  1666      0)     0.565 (  3919      0)
"CPL:c2a_infoexch"                                            -       6144     6144 2.654208e+06   3.120058e+03     2.040 (  1263      0)     0.129 (  2161      0)
"CPL:ATM_RUN"                                                 -       6144     6144 2.654208e+06   2.751378e+06   459.025 (  1126      0)   437.856 (  3326      0)
"a:EAMxx::run"                                                -       6144     6144 2.654208e+06   2.749649e+06   458.748 (  1126      0)   437.571 (  3326      0)
"a:EAMxx::EAMxx::run"                                         -       6144     6144 2.654208e+06   2.749145e+06   458.664 (  1126      0)   437.489 (  3326      0)
"a:EAMxx::EAMxx::run-precondition-checks"                     -       6144     6144 2.654208e+06   1.069369e+00     0.000 (  4582      0)     0.000 (   952      0)
"a:EAMxx::SurfaceCouplingImporter::run"                       -       6144     6144 2.654208e+06   2.488569e+03     0.603 (  1491      0)     0.288 (  3536      0)
"a:EAMxx::SurfaceCouplingImporter::run-precondition-checks"   -       6144     6144 2.654208e+06   4.979494e-01     0.000 (  3178      0)     0.000 (  3405      0)
"a:EAMxx::SurfaceCouplingImporter::run-postcondition-checks"  -       6144     6144 2.654208e+06   2.046033e+03     0.529 (  2253      0)     0.217 (  3536      0)
"a:EAMxx::homme::run"                                         -       6144     6144 2.654208e+06   2.521229e+06   411.726 (  2027      0)   409.559 (  3014      0)
"a:EAMxx::homme::run-precondition-checks"                     -       6144     6144 2.654208e+06   5.140868e-01     0.000 (  1815      0)     0.000 (   105      0)
"a:tl-sc prim_run_subcycle_c"                                 -       6144     6144 5.308416e+06   2.466305e+06   402.069 (  4230      0)   400.771 (  2026      0)
"a:tl-s prim_step_flexible"                                   -       6144     6144 5.308416e+06   2.466280e+06   402.065 (  4230      0)   400.767 (  2026      0)
"a:ApplyCAMForcing_tracers"                                   -       6144     6144 2.654208e+06   8.318481e+03     3.036 (  2598      0)     0.683 (  3954      0)
"a:tl-s deep_copy+derived_dp"                                 -       6144     6144 5.308416e+06   8.797479e+02     0.178 (   541      0)     0.132 (   508      0)
"a:ApplyCAMForcing_dynamics"                                  -       6144     6144 1.592525e+07   5.112421e+03     1.071 (  3126      0)     0.742 (  3014      0)
"a:tl-ae prim_advance_exp"                                    -       6144     6144 3.185050e+07   2.009108e+06   333.245 (   494      0)   321.964 (  3281      0)
"a:ttype9_imex_timestep"                                      -       6144     6144 3.185050e+07   1.711241e+06   288.207 (  2026      0)   272.179 (  2802      0)
"a:caar compute"                                              -       6144     6144 3.185050e+08   5.464556e+05    95.595 (  4475      0)    80.886 (  3015      0)
"a:caar_bexchV"                                               -       6144     6144 1.592525e+08   3.598515e+05    73.702 (  3014      0)    45.289 (  1383      0)
"a:caar limiter"                                              -       6144     6144 1.911030e+08   1.258084e+05    23.697 (  2101      0)    18.239 (  3034      0)
"a:compute_stage_value_dirk"                                  -       6144     6144 1.592525e+08   6.649403e+05   117.460 (  5830      0)   102.543 (  3014      0)
"a:tl-ae advance_hypervis_dp"                                 -       6144     6144 3.185050e+07   2.968070e+05    57.353 (   450      0)    40.985 (  6047      0)
"a:hvf-bhwk"                                                  -       6144     6144 3.185050e+07   1.710220e+05    31.618 (   456      0)    25.053 (  6047      0)
"a:hvf-bexch"                                                 -       6144     6144 9.555149e+07   1.439592e+05    33.515 (   450      0)    16.230 (  6047      0)
"a:tl-sc vertical_remap"                                      -       6144     6144 1.592525e+07   1.406724e+05    29.122 (  2027      0)    18.997 (  3014      0)
"a:Remap Thickness Functor"                                   -       6144     6144 1.592525e+07   3.241749e+03     0.664 (  3141      0)     0.453 (  3014      0)
"a:Remap Scale States Functor"                                -       6144     6144 1.592525e+07   1.288702e+03     0.386 (  2741      0)     0.181 (  5863      0)
"a:Remap Compute Grids Functor"                               -       6144     6144 1.592525e+07   1.146712e+04     2.249 (  5533      0)     1.594 (   448      0)
"a:Remap Compute Remap Functor"                               -       6144     6144 1.592525e+07   9.905717e+04    21.731 (  2027      0)    13.085 (  3014      0)
"a:Remap Rescale States Functor"                              -       6144     6144 1.592525e+07   2.231902e+03     0.435 (  5691      0)     0.307 (  3014      0)
"a:tl-at prim_advec_tracers_compose"                          -       6144     6144 5.308416e+06   2.778073e+05    49.184 (  4210      0)    39.279 (  2027      0)
"a:compose_transport"                                         -       6144     6144 5.308416e+06   2.777386e+05    49.173 (  4210      0)    39.268 (  2027      0)
"a:compose_calc_trajectory"                                   -       6144     6144 5.308416e+06   3.493367e+04     8.127 (  2026      0)     4.959 (  4039      0)
"a:compose_3d_levels"                                         -       6144     6144 5.308416e+06   2.113002e+04     4.051 (   612      0)     2.900 (  1626      0)
"a:compose_v_bexchv"                                          -       6144     6144 5.308416e+06   1.250230e+04     4.526 (  2026      0)     1.295 (  2027      0)
"a:compose_v2x"                                               -       6144     6144 5.308416e+06   1.278658e+03     0.541 (  4168      0)     0.146 (  3015      0)
"a:compose_isl"                                               -       6144     6144 5.308416e+06   7.745573e+04    15.819 (  3009      0)    10.451 (  5647      0)
"a:compose_hypervis_scalar"                                   -       6144     6144 5.308416e+06   7.926038e+04    16.693 (  2969      0)     8.511 (  1818      0)
"a:compose_cedr_global"                                       -       6144     6144 5.308416e+06   6.222948e+04    13.217 (  3576      0)     7.469 (  2411      0)
"a:repro_sum_int"                                             -       6144     6144 5.308416e+06   4.867576e+04    11.071 (  3576      0)     5.263 (   944      0)
"a:compose_cedr_local"                                        -       6144     6144 5.308416e+06   8.320749e+03     1.564 (  1843      0)     1.136 (  3015      0)
"a:compose_dss_q"                                             -       6144     6144 5.308416e+06   1.549863e+04     2.785 (  5061      0)     2.247 (  1699      0)
"a:compose_vertical_remap"                                    -       6144     6144 5.308416e+06   2.415228e+04     5.143 (  2027      0)     3.428 (  3014      0)
"a:EAMxx::homme::run-postcondition-checks"                    -       6144     6144 2.654208e+06   4.534540e+03     0.901 (   727      0)     0.625 (  5446      0)
"a:EAMxx::physics::run"                                       -       6144     6144 2.654208e+06   2.225841e+05    47.261 (  1126      0)    26.297 (  3344      0)
"a:EAMxx::physics::run-precondition-checks"                   -       6144     6144 2.654208e+06   7.953702e-01     0.000 (  2390      0)     0.000 (  2781      0)
"a:EAMxx::mac_aero_mic::run"                                  -       6144     6144 2.654208e+06   6.775753e+04    14.498 (  1950      0)     8.934 (  1676      0)
"a:EAMxx::mac_aero_mic::run-precondition-checks"              -       6144     6144 2.654208e+06   4.719375e-01     0.000 (  5361      0)     0.000 (   284      0)
"a:EAMxx::tms::run"                                           -       6144     6144 2.654208e+06   2.404515e+03     0.760 (  6093      0)     0.058 (  1412      0)
"a:EAMxx::tms::run-precondition-checks"                       -       6144     6144 2.654208e+06   4.071202e-01     0.000 (  5179      0)     0.000 (  6100      0)
"a:EAMxx::tms::run-postcondition-checks"                      -       6144     6144 2.654208e+06   2.893715e+02     0.079 (  5039      0)     0.042 (  4564      0)
"a:EAMxx::shoc::run"                                          -       6144     6144 2.654208e+06   2.323823e+04     4.781 (  3758      0)     3.146 (   980      0)
"a:EAMxx::shoc::run-precondition-checks"                      -       6144     6144 2.654208e+06   4.444386e-01     0.000 (   600      0)     0.000 (  1480      0)
"a:EAMxx::shoc::preprocess"                                   -       6144     6144 2.654208e+06   1.731905e+03     0.722 (  4163      0)     0.007 (  6137      0)
"a:EAMxx::shoc::shoc_main"                                    -       6144     6144 2.654208e+06   8.515243e+03     2.179 (  3758      0)     0.842 (  2678      0)
"a:EAMxx::shoc::postprocess"                                  -       6144     6144 2.654208e+06   1.634154e+03     0.520 (  2386      0)     0.236 (  2271      0)
"a:EAMxx::shoc::run-postcondition-checks"                     -       6144     6144 2.654208e+06   7.309428e+03     1.276 (  2545      0)     0.733 (  3472      0)
"a:EAMxx::cld_fraction::run"                                  -       6144     6144 2.654208e+06   1.576776e+03     0.382 (  3556      0)     0.239 (  3792      0)
"a:EAMxx::cld_fraction::run-precondition-checks"              -       6144     6144 2.654208e+06   1.012140e+00     0.000 (  3654      0)     0.000 (  3077      0)
"a:EAMxx::cld_fraction::run-postcondition-checks"             -       6144     6144 2.654208e+06   1.418630e+03     0.249 (  1383      0)     0.215 (  3792      0)
"a:EAMxx::spa::run"                                           -       6144     6144 2.654208e+06   1.108610e+04     2.257 (  2484      0)     1.664 (  5058      0)
"a:EAMxx::spa::run-precondition-checks"                       -       6144     6144 2.654208e+06   5.719779e-01     0.000 (  1550      0)     0.000 (  3077      0)
"a:EAMxx::spa::run-postcondition-checks"                      -       6144     6144 2.654208e+06   7.097982e+03     1.234 (  1250      0)     1.059 (   576      0)
"a:EAMxx::p3::run"                                            -       6144     6144 2.654208e+06   2.934575e+04     8.389 (  1950      0)     2.804 (  3765      0)
"a:EAMxx::p3::run-precondition-checks"                        -       6144     6144 2.654208e+06   8.141497e+02     0.405 (   268      0)     0.071 (  4070      0)
"a:EAMxx::p3::run-postcondition-checks"                       -       6144     6144 2.654208e+06   7.300008e+03     1.587 (  3386      0)     0.942 (  3472      0)
"a:EAMxx::mac_aero_mic::run-postcondition-checks"             -       6144     6144 2.654208e+06   8.041819e-01     0.000 (  3625      0)     0.000 (   134      0)
"a:EAMxx::rrtmgp::run"                                        -       6144     6144 2.654208e+06   1.547243e+05    34.237 (  1620      0)    16.274 (  3335      0)
"a:EAMxx::rrtmgp::run-precondition-checks"                    -       6144     6144 2.654208e+06   2.335971e+02     0.041 (  2967      0)     0.033 (  3346      0)
"a:EAMxx::rrtmgp::run-postcondition-checks"                   -       6144     6144 2.654208e+06   5.487087e+03     1.028 (  3580      0)     0.821 (  3302      0)
"a:EAMxx::physics::run-postcondition-checks"                  -       6144     6144 2.654208e+06   6.377877e-01     0.000 (   178      0)     0.000 (  6063      0)
"a:EAMxx::SurfaceCouplingExporter::run"                       -       6144     6144 2.654208e+06   2.608842e+03     0.494 (  2565      0)     0.374 (  4414      0)
"a:EAMxx::SurfaceCouplingExporter::run-precondition-checks"   -       6144     6144 2.654208e+06   9.591108e-01     0.000 (  1914      0)     0.000 (  5237      0)
"a:EAMxx::SurfaceCouplingExporter::run-postcondition-checks"  -       6144     6144 2.654208e+06   1.096084e+00     0.001 (  5088      0)     0.000 (  1582      0)
"a:EAMxx::EAMxx::run-postcondition-checks"                    -       6144     6144 2.654208e+06   4.831601e-01     0.000 (  5282      0)     0.000 (   680      0)
"a:EAMxx::IO::restart"                                        -       6144     6144 2.654208e+06   1.518877e+01     0.003 (  1753      0)     0.002 (   720      0)
"a:EAMxx::IO::model_restart"                                  -       6144     6144 2.654208e+06   1.242586e+01     0.003 (  1753      0)     0.002 (   720      0)
"a:EAMxx::IO::restart::get_new_file"                          -       6144     6144 2.654208e+06   4.143906e-01     0.000 (  3358      0)     0.000 (   125      0)
"a:EAMxx::IO::restart::run_output_streams"                    -       6144     6144 2.654208e+06   4.429601e+00     0.001 (  1753      0)     0.001 (  1930      0)
"a:EAMxx::IO::standard"                                       -       6144     6144 2.654208e+06   6.086233e+00     0.001 (  3820      0)     0.001 (  6017      0)
"a:EAMxx::IO::nooutput.yaml"                                  -       6144     6144 2.654208e+06   4.526476e+00     0.001 (  4977      0)     0.001 (  6017      0)
"a:EAMxx::IO::standard::get_new_file"                         -       6144     6144 2.654208e+06   2.123515e-01     0.000 (  3194      0)     0.000 (  2212      0)
"a:EAMxx::IO::standard::run_output_streams"                   -       6144     6144 2.654208e+06   4.569019e-01     0.000 (  1006      0)     0.000 (  4209      0)
"CPL:A2C"                                                     -       6144     6144 2.654208e+06   7.110714e+04    21.936 (  2580      0)     1.769 (  1945      0)
"CPL:a2c_atma2atmx"                                           -       6144     6144 2.654208e+06   5.154455e+04    19.748 (  4586      0)     0.656 (  2257      0)
"CPL:a2c_infoexch"                                            -       6144     6144 2.654208e+06   1.955467e+04    11.180 (  3518      0)     0.060 (     0      0)
"CPL:ATMPOST"                                                 -       6144     6144 2.654208e+06   1.526738e+00     0.000 (   756      0)     0.000 (   451      0)
"CPL:HISTORY"                                                 -       6144     6144 2.654208e+06   6.939477e+00     0.002 (  4197      0)     0.001 (  4358      0)
"CPL:cime_run_write_history"                                  -       6144     6144 2.654208e+06   5.396336e+00     0.002 (  4197      0)     0.001 (  4358      0)
"CPL:TSTAMP_WRITE"                                            -       6144     6144 2.654208e+06   2.041013e+00     0.001 (  3792      0)     0.000 (  5247      0)
"CPL:TPROF_WRITE"                                             -       6144     6144 2.654208e+06   1.066640e+00     0.001 (   354      0)     0.000 (  4938      0)
"CPL:C2O_INITWAIT"                                            -       6144     6144 2.648064e+06   1.978484e+04     6.858 (    12      0)     1.022 (  1127      0)
"l:interpMonthlyVeg"                                          -       6144     6144 2.648064e+06   1.266633e+04     2.067 (  5412      0)     2.051 (   956      0)
"l:readMonthlyVeg"                                            -       6144     6144 6.144000e+03   1.266460e+04     2.067 (  5424      0)     2.051 (   956      0)
"l:PIO:openfile"                                              -       6144     6144 6.144000e+03   2.495441e+02     0.065 (  5883      0)     0.017 (  5658      0)
"l:PIO:pio_inq_varid_file_vdesc"                              -       6144     6144 4.915200e+04   2.419905e+01     0.009 (  5408      0)     0.000 (  2081      0)
"l:PIO:pio_inq_varid_file_vid"                                -       6144     6144 4.915200e+04   2.417848e+01     0.009 (  5408      0)     0.000 (  2081      0)
"l:PIO:pio_inq_varndims_file_vdesc"                           -       6144     6144 4.915200e+04   1.696399e+01     0.091 (  2045      0)     0.001 (  2051      0)
"l:PIO:pio_inq_varndims_file_vid"                             -       6144     6144 4.915200e+04   1.694874e+01     0.091 (  2044      0)     0.001 (  2051      0)
"l:PIO:pio_inq_vardimid_file_vdesc"                           -       6144     6144 4.915200e+04   4.110941e+01     0.009 (   505      0)     0.002 (  2045      0)
"l:PIO:pio_inq_vardimid_file_vid"                             -       6144     6144 4.915200e+04   4.109627e+01     0.009 (   542      0)     0.002 (  2045      0)
"l:PIO:pio_inq_dimname_file_dimid"                            -       6144     6144 4.177920e+05   1.049216e+02     0.021 (  1967      0)     0.003 (  2076      0)
"l:PIO:pio_inq_dimlen_file_dimid"                             -       6144     6144 9.830400e+04   1.663536e+01     0.003 (  1930      0)     0.001 (  2076      0)
"l:PIO:pio_inq_dimlen_file_dimid_offlen"                      -       6144     6144 9.830400e+04   1.661226e+01     0.003 (  1930      0)     0.001 (  2076      0)
"l:PIO:pio_inquire_file"                                      -       6144     6144 1.843200e+05   3.083858e+01     0.006 (  1661      0)     0.001 (  2052      0)
"l:PIO:pio_inq_ndims_file"                                    -       6144     6144 1.843200e+05   3.079742e+01     0.006 (  1694      0)     0.001 (  2052      0)
"l:PIO:initdecomp"                                            -       6144     6144 6.144000e+03   1.574901e+03     0.257 (  6024      0)     0.256 (  1667      0)
"l:PIO:PIOc_initdecomp"                                       -       6144     6144 6.144000e+03   1.574459e+03     0.256 (  5833      0)     0.256 (  1667      0)
"l:PIO:box_rearrange_create"                                  -       6144     6144 6.144000e+03   1.572012e+03     0.256 (  4017      0)     0.256 (   781      0)
"l:PIO:pio_swapm"                                             -       6144     6144 6.758400e+04   1.143379e+04     1.971 (  2082      0)     0.925 (  1980      0)
"l:PIO:read_darray_3d_double"                                 -       6144     6144 4.915200e+04   1.044011e+04     1.735 (  2087      0)     1.626 (  2044      0)
"l:PIO:PIOc_read_darray"                                      -       6144     6144 4.915200e+04   1.043998e+04     1.735 (  2087      0)     1.626 (  2044      0)
"l:PIO:read_darray_nc"                                        -       6144     6144 4.915200e+04   3.589552e+02     0.954 (  1980      0)     0.000 (  1185      0)
"l:PIO:rearrange_io2comp"                                     -       6144     6144 4.915200e+04   1.001857e+04     1.731 (  2087      0)     0.717 (  1980      0)
"l:PIO:closefile"                                             -       6144     6144 6.144000e+03   2.972685e+00     0.014 (  1980      0)     0.000 (  1846      0)
"l:PIO:PIOc_closefile"                                        -       6144     6144 6.144000e+03   2.964025e+00     0.014 (  1980      0)     0.000 (  1846      0)
"l:surfalb"                                                   -       6144     6144 2.648064e+06   1.970956e+04     3.722 (  3021      0)     2.845 (    49      0)
"l:urbsurfalb"                                                -       6144     6144 2.648064e+06   4.059097e+03     0.765 (  3999      0)     0.549 (    49      0)
"CPL:OCNT_RUN"                                                -       6144     6144 2.648064e+06   1.396168e+03     0.305 (     0      0)     0.171 (  5700      0)
"o:DOCN_RUN"                                                  -       6144     6144 2.648064e+06   1.244401e+03     0.238 (  6052      0)     0.146 (  5700      0)
"o:docn_run1"                                                 -       6144     6144 2.648064e+06   2.415746e+00     0.000 (  2608      0)     0.000 (  1497      0)
"o:docn"                                                      -       6144     6144 2.648064e+06   1.236999e+03     0.237 (  6052      0)     0.145 (  5700      0)
"o:docn_strdata_advance"                                      -       6144     6144 2.648064e+06   7.268872e+02     0.148 (  6052      0)     0.064 (  5700      0)
"o:docn_strd_adv_total"                                       -       6144     6144 2.648064e+06   7.234260e+02     0.147 (  6052      0)     0.063 (  5700      0)
"o:docn_strd_adv_readLBUB"                                    -       6144     6144 2.648064e+06   4.021131e+02     0.120 (  1193      0)     0.020 (   848      0)
"o:docn_readLBUB_setup"                                       -       6144     6144 2.648064e+06   8.395186e-01     0.000 (  1057      0)     0.000 (  1356      0)
"o:docn_readLBUB_filemgt"                                     -       6144     6144 2.648064e+06   5.743190e-01     0.000 (  5601      0)     0.000 (  5389      0)
"o:docn_strd_adv_tint"                                        -       6144     6144 2.648064e+06   5.559298e+01     0.012 (   695      0)     0.008 (  3439      0)
"o:docn_scatter"                                              -       6144     6144 2.648064e+06   2.626490e+02     0.049 (  5408      0)     0.039 (   959      0)
"o:docn_datamode"                                             -       6144     6144 2.648064e+06   5.759034e+01     0.011 (     0      0)     0.008 (  1165      0)
"o:docn_run2"                                                 -       6144     6144 2.648064e+06   2.494809e-01     0.004 (     0      0)     0.000 (  3740      0)
"CPL:O2CT"                                                    -       6144     6144 2.648064e+06   1.725714e+04    12.162 (  1193      0)     0.043 (   535      0)
"CPL:o2c_ocno2ocnx"                                           -       6144     6144 2.648064e+06   2.343065e+02     0.042 (  3186      0)     0.035 (  2638      0)
"CPL:o2c_infoexch"                                            -       6144     6144 2.648064e+06   1.701830e+04    12.123 (  1193      0)     0.006 (    63      0)
"CPL:OCNPOSTT"                                                -       6144     6144 2.648064e+06   1.755759e+00     0.000 (     0      0)     0.000 (  2541      0)
"i:cice_pice_readLBUB_LB_copy"                                -       6144     6144 6.144000e+03   8.095775e-03     0.000 (  5525      0)     0.000 (  2836      0)
"o:docn_readLBUB_fbound"                                      -       6144     6144 6.144000e+03   9.585107e-04     0.000 (     0      0)     0.000 (  4841      0)
"o:docn_readLBUB_bcast"                                       -       6144     6144 6.144000e+03   8.013515e+01     0.039 (  5710      0)     0.000 (    65      0)
"o:docn_readLBUB_LB_copy"                                     -       6144     6144 6.144000e+03   8.053507e-03     0.000 (  5874      0)     0.000 (  4487      0)
"o:docn_readLBUB_UB_setup"                                    -       6144     6144 6.144000e+03   2.259705e-03     0.000 (     0      0)     0.000 (  1563      0)
"o:docn_readLBUB_UB_readpio"                                  -       6144     6144 6.144000e+03   3.145056e+02     0.089 (  4836      0)     0.019 (   848      0)
"o:PIO:pio_inq_varid_file_vdesc"                              -       6144     6144 1.228800e+04   2.669296e+01     0.020 (  5542      0)     0.000 (   177      0)
"o:PIO:pio_inq_varid_file_vid"                                -       6144     6144 1.228800e+04   2.668440e+01     0.020 (  5542      0)     0.000 (   121      0)
"o:PIO:pio_inq_varndims_file_vdesc"                           -       6144     6144 6.144000e+03   2.167863e+00     0.000 (   826      0)     0.000 (   572      0)
"o:PIO:pio_inq_varndims_file_vid"                             -       6144     6144 6.144000e+03   2.162583e+00     0.000 (   825      0)     0.000 (   571      0)
"o:PIO:pio_inq_vardimid_file_vdesc"                           -       6144     6144 6.144000e+03   5.340963e+00     0.001 (  5689      0)     0.000 (   128      0)
"o:PIO:pio_inq_vardimid_file_vid"                             -       6144     6144 6.144000e+03   5.336070e+00     0.001 (  5689      0)     0.000 (   128      0)
"o:PIO:pio_inq_dimlen_file_dimid"                             -       6144     6144 1.843200e+04   3.369134e+00     0.001 (  5270      0)     0.000 (   455      0)
"o:PIO:pio_inq_dimlen_file_dimid_offlen"                      -       6144     6144 1.843200e+04   3.358581e+00     0.001 (  5272      0)     0.000 (   455      0)
"o:PIO:pio_inq_vartype_file_vdesc"                            -       6144     6144 6.144000e+03   2.698289e+00     0.001 (  3506      0)     0.000 (  2677      0)
"o:PIO:pio_inq_vartype_file_vid"                              -       6144     6144 6.144000e+03   2.693647e+00     0.001 (  3513      0)     0.000 (  2681      0)
"o:PIO:read_darray_1d_real"                                   -       6144     6144 6.144000e+03   2.705073e+02     0.081 (  4836      0)     0.015 (   750      0)
"o:PIO:PIOc_read_darray"                                      -       6144     6144 6.144000e+03   2.704878e+02     0.081 (  4836      0)     0.015 (   750      0)
"o:PIO:read_darray_nc"                                        -       6144     6144 6.144000e+03   2.204113e+01     0.080 (  4836      0)     0.000 (  4144      0)
"o:PIO:rearrange_io2comp"                                     -       6144     6144 6.144000e+03   2.461532e+02     0.080 (  4283      0)     0.000 (     0      0)
"o:PIO:pio_swapm"                                             -       6144     6144 6.144000e+03   2.460657e+02     0.080 (  4283      0)     0.000 (     0      0)
"o:docn_strd_adv_fill"                                        -       6144     6144 6.144000e+03   5.420577e-01     0.000 (  4422      0)     0.000 (   989      0)
"o:docn_strd_adv_map"                                         -       6144     6144 6.144000e+03   2.496572e+02     0.066 (     6      0)     0.003 (  1836      0)
"CPL:RUN_LOOP_BSTOP"                                          -       6144     6144 6.144000e+03   1.841004e+01     0.004 (   759      0)     0.000 (  2981      0)
"CPL:FINAL"                                                   -       6144     6144 6.144000e+03   3.733259e+03     0.609 (     0      0)     0.608 (   910      0)
"CPL:cime_final"                                              -       6144     6144 6.144000e+03   3.733250e+03     0.609 (     0      0)     0.608 (   910      0)
"o_f:DOCN_FINAL"                                              -       6144     6144 6.144000e+03   1.705389e-03     0.000 (     0      0)     0.000 (  5645      0)
"a_f:EAMxx::finalize"                                         y       6144     6144 6.144000e+03   1.889768e+03     0.586 (   757      0)     0.241 (  2827      0)
"a_f:PIO:PIOc_sync"                                           -       6144     6144 6.144000e+03   1.388925e-01     0.000 (  5676      0)     0.000 (  2360      0)
"a_f:PIO:write_total"                                         -       6144     6144 1.228800e+04   4.793700e+01     0.095 (  1596      0)     0.000 (  2360      0)
"a_f:PIO:flush_output_buffer"                                 -        512      512 1.024000e+03   6.489448e-02     0.000 (  2520      0)     0.000 (  3900      0)
"a_f:PIO:PIOc_closefile"                                      -       6144     6144 1.228800e+04   1.197777e+02     0.250 (  3312      0)     0.000 (  5687      0)
"a_f:PIO:PIOc_closefile_write_mode"                           -       6144     6144 6.144000e+03   4.780763e+01     0.095 (  1596      0)     0.000 (  5471      0)
"a_f:PIO:PIOc_freedecomp"                                     -       6144     6144 7.987200e+04   1.015328e+00     0.002 (   696      0)     0.000 (   463      0)
"PIO:finalize"                                                -       6144     6144 6.144000e+04   1.179857e+03     0.334 (   751      0)     0.001 (  1593      0)
"PIO:PIOc_finalize"                                           -       6144     6144 6.144000e+04   1.179167e+03     0.334 (   751      0)     0.001 (  5109      0)
"CPL:FINAL_sync1_tprf"                                        -       6144     6144 6.144000e+03   7.331933e+00     0.001 (   824      0)     0.000 (     0      0)
"CPL:FINAL_t_prf"                                             y          0        0 0.000000e+00   0.000000e+00     0.000 (     0      0)     0.000 (     0      0)

