
***** GLOBAL STATISTICS (    48 MPI TASKS) *****

$Id: gptl.c,v 1.157 2011-03-28 20:55:18 rosinski Exp $
'count' is cumulative. All other stats are max/min
'on' indicates whether the timer was active during output, and so stats are lower or upper bounds.

name                                                         on  processes  threads        count      walltotal   wallmax (proc   thrd  )   wallmin (proc   thrd  )
"CPL:INIT"                                                    -         48       48 4.800000e+01   6.023784e+02    13.061 (    12      0)    11.944 (     5      0)
"CPL:cime_pre_init1"                                          -         48       48 4.800000e+01   7.123951e+01     1.995 (    12      0)     0.878 (     5      0)
"CPL:mpi_init"                                                -         48       48 4.800000e+01   6.720350e+01     1.911 (    12      0)     0.795 (     0      0)
"CPL:ESMF_Initialize"                                         -         48       48 4.800000e+01   6.902433e-03     0.000 (    34      0)     0.000 (    37      0)
"CPL:cime_pre_init2"                                          -         48       48 4.800000e+01   7.546347e+00     0.157 (    40      0)     0.157 (    33      0)
"CPL:seq_infodata_init"                                       -         48       48 4.800000e+01   4.125327e-01     0.014 (     8      0)     0.004 (    28      0)
"CPL:seq_timemgr_clockInit"                                   -         48       48 4.800000e+01   2.575882e-01     0.006 (     9      0)     0.005 (    16      0)
"CPL:cime_init"                                               -         48       48 4.800000e+01   5.235853e+02    10.908 (    33      0)    10.908 (     5      0)
"CPL:init_comps"                                              -         48       48 4.800000e+01   5.229152e+02    10.894 (    33      0)    10.894 (     5      0)
"CPL:comp_init_pre_all"                                       -         48       48 4.800000e+01   2.665674e-03     0.000 (     4      0)     0.000 (    31      0)
"CPL:comp_init_cc_atm"                                        -         48       48 4.800000e+01   4.100589e+02     8.543 (    33      0)     8.543 (    45      0)
"a_i:comp_init"                                               -         48       48 9.600000e+01   4.099210e+02     8.542 (    36      0)     8.540 (    34      0)
"a_i:EAMxx::init"                                             -         48       48 3.360000e+02   4.067969e+02     8.516 (    11      0)     8.448 (    39      0)
"a_i:EAMxx::create_output_managers"                           -         48       48 4.800000e+01   1.566286e+00     0.044 (    35      0)     0.000 (     0      0)
"a_i:EAMxx::create_atm_processes"                             -         48       48 4.800000e+01   1.546208e+00     0.093 (     6      0)     0.012 (    36      0)
"a_i:EAMxx::create_grids"                                     -         48       48 4.800000e+01   5.092414e+01     1.068 (     5      0)     1.057 (    39      0)
"a_i:EAMxx::build_grids"                                      -         48       48 4.800000e+01   3.189853e+01     0.665 (    42      0)     0.664 (    47      0)
"a_i:PartitioningTime"                                        -         48       48 4.800000e+01   1.501631e-05     0.000 (    39      0)     0.000 (     5      0)
"a_i:repro_sum_int"                                           -         48       48 4.800000e+01   7.276184e-02     0.004 (    46      0)     0.000 (     6      0)
"a_i:PIO:spio_get_att_tc"                                     -         48       48 4.704000e+03   2.968113e-01     0.006 (     4      0)     0.006 (    13      0)
"a_i:PIO:spio_get_vars_tc"                                    -         48       48 9.600000e+02   1.196587e+01     0.249 (     8      0)     0.249 (    17      0)
"a_i:PIO:PIOc_closefile"                                      -         48       48 5.760000e+02   1.070552e-01     0.039 (    24      0)     0.000 (    34      0)
"a_i:EAMxx::SurfaceCouplingImporter::set_grids"               -         48       48 4.800000e+01   2.867966e-02     0.001 (     1      0)     0.000 (    32      0)
"a_i:EAMxx::homme::set_grids"                                 -         48       48 4.800000e+01   8.973502e+00     0.201 (    20      0)     0.172 (    25      0)
"a_i:EAMxx::physics::set_grids"                               -         48       48 4.800000e+01   9.179604e+00     0.207 (    32      0)     0.177 (    17      0)
"a_i:EAMxx::mac_aero_mic::set_grids"                          -         48       48 4.800000e+01   3.390860e+00     0.086 (    25      0)     0.056 (    12      0)
"a_i:EAMxx::tms::set_grids"                                   -         48       48 4.800000e+01   4.357059e-02     0.002 (     5      0)     0.000 (    19      0)
"a_i:EAMxx::shoc::set_grids"                                  -         48       48 4.800000e+01   5.877490e-02     0.002 (    10      0)     0.000 (    19      0)
"a_i:EAMxx::cld_fraction::set_grids"                          -         48       48 4.800000e+01   1.291552e-02     0.001 (     2      0)     0.000 (    43      0)
"a_i:EAMxx::spa::set_grids"                                   -         48       48 4.800000e+01   3.093736e+00     0.082 (    32      0)     0.049 (    12      0)
"a_i:EAMxx::p3::set_grids"                                    -         48       48 4.800000e+01   1.786739e-01     0.004 (    45      0)     0.003 (    35      0)
"a_i:EAMxx::rrtmgp::set_grids"                                -         48       48 4.800000e+01   5.784948e+00     0.122 (    12      0)     0.119 (    45      0)
"a_i:EAMxx::SurfaceCouplingExporter::set_grids"               -         48       48 4.800000e+01   6.624429e-01     0.017 (     5      0)     0.011 (    39      0)
"a_i:EAMxx::create_fields"                                    -         48       48 4.800000e+01   6.840275e+00     0.147 (    11      0)     0.128 (    39      0)
"a_i:EAMxx::initialize_fields"                                -         48       48 4.800000e+01   3.964709e+01     0.841 (    11      0)     0.810 (     8      0)
"a_i:PIO:PIOc_initdecomp"                                     -         48       48 4.800000e+02   9.236726e+00     0.193 (    19      0)     0.192 (    25      0)
"a_i:PIO:box_rearrange_create"                                -         48       48 4.800000e+02   8.978568e+00     0.188 (    32      0)     0.186 (    35      0)
"a_i:PIO:pio_swapm"                                           -         48       48 2.544000e+03   5.523703e+01     1.386 (    10      0)     0.141 (    36      0)
"a_i:PIO:PIOc_read_darray"                                    -         48       48 1.104000e+03   6.312777e+01     1.338 (    10      0)     1.301 (     8      0)
"a_i:PIO:read_darray_nc"                                      -         48       48 1.104000e+03   4.298205e+00     1.112 (     0      0)     0.000 (     6      0)
"a_i:PIO:rearrange_io2comp"                                   -         48       48 1.104000e+03   5.281443e+01     1.319 (    10      0)     0.123 (    36      0)
"a_i:EAMxx::initialize_atm_procs"                             -         48       48 4.800000e+01   2.975523e+02     6.218 (     8      0)     6.185 (    13      0)
"a_i:EAMxx::SurfaceCouplingImporter::init"                    -         48       48 4.800000e+01   1.464075e-02     0.002 (    46      0)     0.000 (    36      0)
"a_i:EAMxx::homme::init"                                      -         48       48 4.800000e+01   2.041581e+02     4.281 (    42      0)     4.226 (     2      0)
"a_i:compose_init"                                            -         48       48 4.800000e+01   9.176905e-01     0.040 (     8      0)     0.006 (     0      0)
"a_i:sl_init1"                                                -         48       48 4.800000e+01   2.226000e+01     0.483 (    23      0)     0.393 (    46      0)
"a_i:EAMxx::tms::init"                                        -         48       48 4.800000e+01   5.768229e-04     0.000 (    41      0)     0.000 (     4      0)
"a_i:EAMxx::shoc::init"                                       -         48       48 4.800000e+01   4.647906e-01     0.014 (    34      0)     0.004 (    11      0)
"a_i:EAMxx::cld_fraction::init"                               -         48       48 4.800000e+01   1.142766e-03     0.000 (     0      0)     0.000 (    22      0)
"a_i:EAMxx::spa::init"                                        -         48       48 4.800000e+01   5.219065e+01     1.102 (     8      0)     1.067 (    37      0)
"a_i:EAMxx::p3::init"                                         -         48       48 4.800000e+01   8.705091e+00     0.184 (     6      0)     0.180 (    35      0)
"a_i:EAMxx::rrtmgp::init"                                     -         48       48 4.800000e+01   3.140875e+01     0.658 (    30      0)     0.650 (    46      0)
"a_i:EAMxx::SurfaceCouplingExporter::init"                    -         48       48 4.800000e+01   3.959181e-01     0.012 (    39      0)     0.003 (    13      0)
"a_i:EAMxx::initialize_output_managers"                       -         48       48 4.800000e+01   8.720075e+00     0.183 (    24      0)     0.181 (     1      0)
"a_i:EAMxx::IO::standard"                                     -         48       48 4.800000e+01   7.897026e+00     0.169 (     0      0)     0.162 (    19      0)
"a_i:EAMxx::IO::nooutput.yaml"                                -         48       48 4.800000e+01   7.896963e+00     0.169 (     0      0)     0.162 (    19      0)
"a_i:EAMxx::IO::standard::get_new_file"                       -         48       48 4.800000e+01   7.886553e+00     0.168 (     8      0)     0.162 (    19      0)
"a_i:PIO:PIOc_createfile"                                     -         48       48 4.800000e+01   7.678859e+00     0.164 (     8      0)     0.157 (    19      0)
"a_i:PIO:write_total"                                         -         48       48 1.584000e+03   7.698048e+00     0.164 (     8      0)     0.157 (    19      0)
"a_i:PIO:spio_put_att_tc"                                     -         48       48 1.440000e+03   1.057981e-02     0.003 (    36      0)     0.000 (    47      0)
"a_i:PIO:spio_put_vars_tc"                                    -         48       48 4.800000e+01   6.492830e-03     0.000 (     0      0)     0.000 (    18      0)
"a_i:PIO:flush_output_buffer"                                 -          4        4 8.000000e+00   2.230838e-03     0.001 (    36      0)     0.001 (    12      0)
"a_i:EAMxx::IO::standard::run_output_streams"                 -         48       48 4.800000e+01   4.785776e-06     0.000 (    28      0)     0.000 (    18      0)
"a_i:EAMxx::IO::standard::update_snapshot_tally"              -         48       48 4.800000e+01   1.026458e-02     0.002 (     0      0)     0.000 (    13      0)
"a_i:PIO:PIOc_sync"                                           -         48       48 4.800000e+01   2.140728e-03     0.001 (     0      0)     0.000 (    21      0)
"CPL:comp_init_cc_lnd"                                        -         48       48 4.800000e+01   8.837933e+01     1.842 (    18      0)     1.841 (     0      0)
"l_i:comp_init"                                               -         48       48 4.800000e+01   8.830446e+01     1.841 (    23      0)     1.839 (    38      0)
"l_i:elm_init1"                                               -         48       48 4.800000e+01   6.347211e+01     1.328 (     7      0)     1.319 (    23      0)
"l_i:PIO:openfile"                                            -         48       48 1.056000e+03   1.465830e+01     0.344 (     0      0)     0.275 (    16      0)
"l_i:PIO:pio_inq_dimid_file_dimid"                            -         48       48 2.544000e+03   7.019324e-02     0.002 (     6      0)     0.001 (    36      0)
"l_i:PIO:pio_inq_dimlen_file_dimid"                           -         48       48 6.384000e+03   1.791168e-01     0.004 (     0      0)     0.003 (    14      0)
"l_i:PIO:pio_inq_dimlen_file_dimid_offlen"                    -         48       48 6.384000e+03   1.779248e-01     0.004 (     0      0)     0.003 (    14      0)
"l_i:PIO:pio_inq_varid_file_vdesc"                            -         48       48 1.334400e+04   6.781910e-01     0.018 (    14      0)     0.009 (     0      0)
"l_i:PIO:pio_inq_varid_file_vid"                              -         48       48 1.334400e+04   6.686845e-01     0.018 (    14      0)     0.009 (     0      0)
"l_i:PIO:get_var_1d_int"                                      -         48       48 2.880000e+02   1.478191e+00     0.031 (    12      0)     0.031 (    37      0)
"l_i:PIO:spio_get_vars_tc"                                    -         48       48 8.448000e+03   3.688819e+00     0.079 (    40      0)     0.075 (    24      0)
"l_i:PIO:closefile"                                           -         48       48 9.120000e+02   5.372835e-02     0.009 (    24      0)     0.001 (     2      0)
"l_i:PIO:PIOc_closefile"                                      -         48       48 9.120000e+02   5.304869e-02     0.009 (    24      0)     0.001 (     2      0)
"l_i:PIO:pio_inq_varndims_file_vdesc"                         -         48       48 2.880000e+03   1.932696e-01     0.005 (     9      0)     0.003 (    35      0)
"l_i:PIO:pio_inq_varndims_file_vid"                           -         48       48 2.880000e+03   1.925957e-01     0.005 (     9      0)     0.003 (    35      0)
"l_i:PIO:pio_inq_vardimid_file_vdesc"                         -         48       48 2.880000e+03   4.030214e-01     0.010 (     4      0)     0.008 (    14      0)
"l_i:PIO:pio_inq_vardimid_file_vid"                           -         48       48 2.880000e+03   4.024004e-01     0.010 (     4      0)     0.008 (    14      0)
"l_i:PIO:pio_inq_dimname_file_dimid"                          -         48       48 1.171200e+04   5.273715e-01     0.012 (     7      0)     0.011 (    17      0)
"l_i:PIO:initdecomp"                                          -         48       48 4.800000e+02   7.311768e-01     0.016 (     9      0)     0.014 (    13      0)
"l_i:PIO:PIOc_initdecomp"                                     -         48       48 4.800000e+02   7.277866e-01     0.016 (     9      0)     0.014 (    13      0)
"l_i:PIO:box_rearrange_create"                                -         48       48 4.800000e+02   6.458885e-01     0.014 (    42      0)     0.013 (    12      0)
"l_i:PIO:pio_swapm"                                           -         48       48 4.320000e+03   3.960950e+01     0.876 (    39      0)     0.217 (    12      0)
"l_i:PIO:read_darray_1d_double"                               -         48       48 3.840000e+02   5.850986e+00     0.123 (    12      0)     0.121 (    13      0)
"l_i:PIO:PIOc_read_darray"                                    -         48       48 2.880000e+03   4.276506e+01     0.897 (    36      0)     0.887 (    13      0)
"l_i:PIO:read_darray_nc"                                      -         48       48 2.880000e+03   2.323307e+00     0.661 (    12      0)     0.000 (    18      0)
"l_i:PIO:rearrange_io2comp"                                   -         48       48 2.880000e+03   3.932908e+01     0.869 (    43      0)     0.210 (    12      0)
"l_i:PIO:pio_inquire_file"                                    -         48       48 4.416000e+03   1.400871e-01     0.003 (     7      0)     0.003 (    12      0)
"l_i:PIO:pio_inq_ndims_file"                                  -         48       48 4.416000e+03   1.366347e-01     0.003 (     7      0)     0.003 (    12      0)
"l_i:PIO:read_darray_1d_int"                                  -         48       48 9.600000e+01   1.804598e+00     0.038 (    36      0)     0.037 (     5      0)
"l_i:PIO:read_darray_3d_double"                               -         48       48 8.640000e+02   1.381025e+01     0.290 (    24      0)     0.287 (     8      0)
"l_i:PIO:read_darray_3d_int"                                  -         48       48 4.800000e+01   1.520786e+00     0.032 (    12      0)     0.032 (    14      0)
"l_i:PIO:read_darray_4d_double"                               -         48       48 6.720000e+02   1.129047e+01     0.237 (    36      0)     0.235 (    13      0)
"l_i:PIO:get_var_1d_text"                                     -         48       48 9.600000e+01   9.566010e-02     0.004 (    36      0)     0.001 (    34      0)
"l_i:PIO:get_var_1d_double"                                   -         48       48 6.768000e+03   3.443489e+00     0.075 (     0      0)     0.068 (    41      0)
"l_i:PIO:get_var_0d_double"                                   -         48       48 4.800000e+02   1.661624e-01     0.004 (    36      0)     0.003 (    31      0)
"l_i:PIO:read_darray_2d_double"                               -         48       48 6.240000e+02   7.932185e+00     0.167 (     0      0)     0.164 (    13      0)
"l_i:PIO:read_darray_2d_int"                                  -         48       48 1.920000e+02   5.596736e-01     0.012 (    36      0)     0.011 (    13      0)
"l_i:gather_1darray_int_total"                                -         48       48 2.400000e+02   1.615348e-01     0.006 (     0      0)     0.003 (     4      0)
"l_i:scatter_1darray_int_total"                               -         48       48 2.400000e+02   1.753973e-01     0.005 (     9      0)     0.002 (     0      0)
"l_i:init_filters"                                            -         48       48 4.800000e+01   3.931495e-02     0.002 (     7      0)     0.000 (    30      0)
"l_i:elm_init2"                                               -         48       48 4.800000e+01   2.438396e+01     0.509 (    21      0)     0.507 (    38      0)
"l_i:init_orbd"                                               -         48       48 4.800000e+01   1.811413e-03     0.000 (    16      0)     0.000 (     0      0)
"l_i:PIO:get_var_0d_int"                                      -         48       48 4.800000e+01   7.070876e-02     0.002 (    38      0)     0.001 (    30      0)
"l_i:PIO:get_var_2d_double"                                   -         48       48 5.760000e+02   1.354143e+00     0.028 (    40      0)     0.028 (    17      0)
"l_i:PIO:get_var_3d_double"                                   -         48       48 1.920000e+02   1.312288e-01     0.003 (     1      0)     0.003 (    12      0)
"l_i:init_accflds"                                            -         48       48 4.800000e+01   1.010949e-02     0.000 (    31      0)     0.000 (    11      0)
"l_i:init_dyn_subgrid"                                        -         48       48 4.800000e+01   5.551842e-02     0.002 (    14      0)     0.000 (    10      0)
"l_i:init_map2gc"                                             -         48       48 4.800000e+01   9.464154e-03     0.000 (     3      0)     0.000 (    20      0)
"l_i:init_elm_interface_data & pflotran"                      -         48       48 4.800000e+01   5.705748e-06     0.000 (    21      0)     0.000 (     5      0)
"l_i:init_wlog"                                               -         48       48 4.800000e+01   2.378879e-05     0.000 (     0      0)     0.000 (     2      0)
"l_i:elm_init3"                                               -         48       48 4.800000e+01   6.683847e-05     0.000 (    20      0)     0.000 (    26      0)
"CPL:comp_init_cc_rof"                                        -         48       48 4.800000e+01   4.995498e-02     0.001 (     2      0)     0.001 (    16      0)
"r_i:comp_init"                                               -         48       48 4.800000e+01   3.175619e-03     0.000 (    39      0)     0.000 (     5      0)
"CPL:comp_init_cc_ocn"                                        -         48       48 4.800000e+01   1.564228e+01     0.326 (    10      0)     0.326 (    20      0)
"o_i:comp_init"                                               -         48       48 4.800000e+01   1.558975e+01     0.325 (    46      0)     0.325 (    18      0)
"o_i:docn_readnml"                                            -         48       48 4.800000e+01   5.478479e+00     0.114 (    44      0)     0.110 (     0      0)
"o_i:DOCN_INIT"                                               -         48       48 4.800000e+01   1.003852e+01     0.209 (    31      0)     0.209 (     3      0)
"o_i:docn_strdata_init"                                       -         48       48 4.800000e+01   8.079892e+00     0.171 (    26      0)     0.167 (    16      0)
"o_i:PIO:initdecomp"                                          -         48       48 1.440000e+02   1.659720e-01     0.004 (    12      0)     0.003 (     0      0)
"o_i:PIO:PIOc_initdecomp"                                     -         48       48 1.440000e+02   1.656333e-01     0.004 (    12      0)     0.003 (     0      0)
"o_i:PIO:box_rearrange_create"                                -         48       48 1.440000e+02   1.454623e-01     0.003 (    44      0)     0.003 (    13      0)
"o_i:PIO:pio_swapm"                                           -         48       48 5.280000e+02   5.468977e-01     0.022 (    19      0)     0.002 (    24      0)
"o_i:docn_initgsmaps"                                         -         48       48 4.800000e+01   1.358282e-03     0.000 (    10      0)     0.000 (     7      0)
"o_i:docn_initmctdom"                                         -         48       48 4.800000e+01   7.236375e-03     0.000 (    37      0)     0.000 (     0      0)
"o_i:docn_initmctavs"                                         -         48       48 4.800000e+01   3.374395e-03     0.000 (     1      0)     0.000 (     9      0)
"o_i:DOCN_RUN"                                                -         48       48 4.800000e+01   1.946002e+00     0.042 (    23      0)     0.038 (    29      0)
"o_i:docn_run1"                                               -         48       48 4.800000e+01   4.151787e-05     0.000 (     6      0)     0.000 (    22      0)
"o_i:docn"                                                    -         48       48 4.800000e+01   1.945868e+00     0.042 (    23      0)     0.038 (    29      0)
"o_i:docn_strdata_advance"                                    -         48       48 4.800000e+01   1.942964e+00     0.042 (    23      0)     0.038 (    29      0)
"o_i:docn_strd_adv_total"                                     -         48       48 4.800000e+01   1.942876e+00     0.042 (    23      0)     0.038 (    29      0)
"o_i:docn_strd_adv_readLBUB"                                  -         48       48 4.800000e+01   1.430747e+00     0.041 (    12      0)     0.025 (     5      0)
"o_i:docn_readLBUB_setup"                                     -         48       48 4.800000e+01   9.877549e-06     0.000 (    46      0)     0.000 (    24      0)
"o_i:docn_readLBUB_fbound"                                    -         48       48 4.800000e+01   7.898950e-03     0.008 (     0      0)     0.000 (    16      0)
"o_i:docn_readLBUB_bcast"                                     -         48       48 4.800000e+01   3.252584e-01     0.008 (    14      0)     0.000 (     0      0)
"o_i:docn_readLBUB_LB_setup"                                  -         48       48 4.800000e+01   3.003349e-05     0.000 (     0      0)     0.000 (    36      0)
"o_i:docn_readLBUB_LB_readpio"                                -         48       48 4.800000e+01   7.119496e-01     0.016 (    12      0)     0.012 (     7      0)
"o_i:PIO:openfile"                                            -         48       48 4.800000e+01   4.870303e-01     0.011 (     0      0)     0.009 (    41      0)
"o_i:PIO:pio_inq_varid_file_vdesc"                            -         48       48 1.920000e+02   5.817291e-03     0.000 (     8      0)     0.000 (    43      0)
"o_i:PIO:pio_inq_varid_file_vid"                              -         48       48 1.920000e+02   5.741383e-03     0.000 (     8      0)     0.000 (    39      0)
"o_i:PIO:pio_inq_varndims_file_vdesc"                         -         48       48 9.600000e+01   5.779507e-03     0.000 (     3      0)     0.000 (    44      0)
"o_i:PIO:pio_inq_varndims_file_vid"                           -         48       48 9.600000e+01   5.736860e-03     0.000 (     3      0)     0.000 (    44      0)
"o_i:PIO:pio_inq_vardimid_file_vdesc"                         -         48       48 9.600000e+01   1.216609e-02     0.000 (     5      0)     0.000 (    36      0)
"o_i:PIO:pio_inq_vardimid_file_vid"                           -         48       48 9.600000e+01   1.213164e-02     0.000 (     3      0)     0.000 (    36      0)
"o_i:PIO:pio_inq_dimlen_file_dimid"                           -         48       48 2.880000e+02   7.441999e-03     0.000 (     9      0)     0.000 (    42      0)
"o_i:PIO:pio_inq_dimlen_file_dimid_offlen"                    -         48       48 2.880000e+02   7.374205e-03     0.000 (     7      0)     0.000 (    42      0)
"o_i:PIO:pio_inq_vartype_file_vdesc"                          -         48       48 9.600000e+01   5.907946e-03     0.000 (    11      0)     0.000 (    24      0)
"o_i:PIO:pio_inq_vartype_file_vid"                            -         48       48 9.600000e+01   5.866157e-03     0.000 (    11      0)     0.000 (    31      0)
"o_i:PIO:read_darray_1d_real"                                 -         48       48 9.600000e+01   5.320372e-01     0.021 (    17      0)     0.005 (     3      0)
"o_i:PIO:PIOc_read_darray"                                    -         48       48 9.600000e+01   5.318253e-01     0.021 (    17      0)     0.005 (     3      0)
"o_i:PIO:read_darray_nc"                                      -         48       48 9.600000e+01   3.935345e-02     0.020 (    12      0)     0.000 (    41      0)
"o_i:PIO:rearrange_io2comp"                                   -         48       48 9.600000e+01   4.712107e-01     0.021 (    19      0)     0.001 (     0      0)
"o_i:docn_readLBUB_UB_setup"                                  -         48       48 4.800000e+01   5.314825e-05     0.000 (     0      0)     0.000 (    20      0)
"o_i:docn_readLBUB_UB_readpio"                                -         48       48 4.800000e+01   3.806776e-01     0.017 (    13      0)     0.004 (     3      0)
"o_i:docn_readLBUB_filemgt"                                   -         48       48 4.800000e+01   1.044845e-05     0.000 (    37      0)     0.000 (    36      0)
"o_i:docn_strd_adv_fill"                                      -         48       48 4.800000e+01   6.642441e-03     0.000 (    15      0)     0.000 (    12      0)
"o_i:docn_strd_adv_map"                                       -         48       48 4.800000e+01   5.031013e-01     0.017 (     7      0)     0.000 (    19      0)
"o_i:docn_strd_adv_tint"                                      -         48       48 4.800000e+01   8.856265e-04     0.000 (     9      0)     0.000 (    25      0)
"o_i:docn_scatter"                                            -         48       48 4.800000e+01   1.781886e-03     0.000 (    19      0)     0.000 (    30      0)
"o_i:docn_datamode"                                           -         48       48 4.800000e+01   5.413739e-04     0.000 (    19      0)     0.000 (    39      0)
"o_i:docn_run2"                                               -         48       48 4.800000e+01   1.008742e-05     0.000 (     0      0)     0.000 (    13      0)
"CPL:comp_init_cc_ice"                                        -         48       48 4.800000e+01   8.263665e+00     0.173 (    30      0)     0.170 (     0      0)
"i_i:comp_init"                                               -         48       48 4.800000e+01   8.095315e+00     0.172 (    33      0)     0.166 (    16      0)
"i_i:cice_init"                                               -         48       48 4.800000e+01   1.731514e+00     0.036 (     7      0)     0.036 (     9      0)
"i_i:ice_HaloUpdate2DR8"                                      -         48       48 1.920000e+02   2.237130e-02     0.006 (    23      0)     0.000 (     8      0)
"i_i:ice_HU2DR8_init"                                         -         48       48 1.920000e+02   6.562864e-05     0.000 (     0      0)     0.000 (    47      0)
"i_i:state_bound_h1"                                          -         48       48 4.800000e+01   6.590832e-03     0.000 (     8      0)     0.000 (     5      0)
"i_i:ice_HaloUpdate3DR8"                                      -         48       48 2.400000e+02   6.650308e-03     0.000 (     8      0)     0.000 (     5      0)
"i_i:ice_HU3DR8_init"                                         -         48       48 2.400000e+02   3.331508e-04     0.000 (    14      0)     0.000 (    13      0)
"i_i:ice_HU3DR8_recvall"                                      -         48       48 2.400000e+02   4.353053e-03     0.000 (    41      0)     0.000 (     9      0)
"i_i:state_bound_hm"                                          -         48       48 4.800000e+01   7.186919e-05     0.000 (    37      0)     0.000 (    17      0)
"i_i:state_bound_hc"                                          -         48       48 4.800000e+01   5.005882e-04     0.000 (    27      0)     0.000 (     0      0)
"i_i:state_bound_h2"                                          -         48       48 4.800000e+01   2.832770e-03     0.000 (    37      0)     0.000 (    18      0)
"i_i:ice_HaloUpdate4DR8"                                      -         48       48 4.800000e+01   1.985292e-03     0.000 (    37      0)     0.000 (    18      0)
"i_i:ice_HU4DR8_init"                                         -         48       48 4.800000e+01   3.372987e-04     0.000 (    27      0)     0.000 (    16      0)
"i_i:ice_HU4DR8_recvall"                                      -         48       48 4.800000e+01   1.909632e-04     0.000 (    37      0)     0.000 (    12      0)
"i_i:state_bound_hd"                                          -         48       48 4.800000e+01   2.434874e-05     0.000 (     5      0)     0.000 (    28      0)
"i_i:cice_mct_init"                                           -         48       48 4.800000e+01   6.313563e+00     0.135 (    25      0)     0.129 (    42      0)
"i_i:PIO:initdecomp"                                          -         48       48 1.440000e+02   1.684842e-01     0.004 (    12      0)     0.003 (     0      0)
"i_i:PIO:PIOc_initdecomp"                                     -         48       48 1.440000e+02   1.681583e-01     0.004 (    12      0)     0.003 (     0      0)
"i_i:PIO:box_rearrange_create"                                -         48       48 1.440000e+02   1.482800e-01     0.003 (    45      0)     0.003 (    13      0)
"i_i:PIO:pio_swapm"                                           -         48       48 4.320000e+02   9.678753e-02     0.002 (    36      0)     0.002 (    15      0)
"CPL:comp_init_cc_glc"                                        -         48       48 4.800000e+01   3.962454e-02     0.001 (     0      0)     0.001 (    30      0)
"g_i:comp_init"                                               -         48       48 4.800000e+01   4.975246e-05     0.000 (    32      0)     0.000 (    29      0)
"CPL:comp_init_cc_wav"                                        -         48       48 4.800000e+01   3.687022e-02     0.001 (    11      0)     0.001 (    36      0)
"w_i:comp_init"                                               -         48       48 4.800000e+01   2.000199e-05     0.000 (     9      0)     0.000 (    31      0)
"CPL:comp_init_cc_esp"                                        -         48       48 4.800000e+01   2.639973e-02     0.001 (     0      0)     0.000 (    32      0)
"e_i:comp_init"                                               -         48       48 4.800000e+01   3.207034e-05     0.000 (    12      0)     0.000 (    27      0)
"CPL:comp_init_cc_iac"                                        -         48       48 4.800000e+01   3.811961e-02     0.001 (     8      0)     0.001 (    20      0)
"z_i:comp_init"                                               -         48       48 4.800000e+01   2.426877e-05     0.000 (    44      0)     0.000 (    33      0)
"CPL:comp_init_cx_all"                                        -         48       48 4.800000e+01   3.768165e-01     0.009 (     6      0)     0.007 (    30      0)
"CPL:comp_list_all"                                           -         48       48 4.800000e+01   1.431026e-04     0.000 (    46      0)     0.000 (     9      0)
"CPL:init_maps"                                               -         48       48 4.800000e+01   5.862257e-02     0.001 (    36      0)     0.001 (     0      0)
"CPL:init_aream"                                              -         48       48 4.800000e+01   5.465216e-03     0.000 (    11      0)     0.000 (    10      0)
"CPL:init_domain_check"                                       -         48       48 4.800000e+01   7.150198e-02     0.002 (     6      0)     0.001 (    38      0)
"CPL:init_areacor"                                            -         48       48 4.800000e+01   1.333435e-01     0.003 (     0      0)     0.003 (    32      0)
"CPL:init_fracs"                                              -         48       48 4.800000e+01   4.489316e-02     0.001 (    11      0)     0.001 (    39      0)
"CPL:init_aoflux"                                             -         48       48 4.800000e+01   6.099561e-03     0.000 (    27      0)     0.000 (    39      0)
"CPL:init_atminit"                                            -         48       48 2.880000e+02   3.595741e-02     0.001 (    39      0)     0.001 (    10      0)
"CPL:comp_init_cc_atm2"                                       -         48       48 4.800000e+01   8.341181e-02     0.002 (    21      0)     0.002 (    35      0)
"CPL:init_readrestart"                                        -         48       48 4.800000e+01   6.723678e-03     0.000 (    33      0)     0.000 (     8      0)
"CPL:cime_run_init"                                           -         48       48 4.800000e+01   5.632282e-02     0.052 (     0      0)     0.000 (    35      0)
"CPL:INIT_sync1_tprf"                                         -         48       48 4.800000e+01   2.424317e+00     0.052 (     5      0)     0.000 (     0      0)
"CPL:INIT_t_prf"                                              -         48       48 4.800000e+01   6.395063e-01     0.192 (     0      0)     0.000 (    11      0)
"CPL:INIT_sync2_tprf"                                         -         48       48 4.800000e+01   8.596998e+00     0.192 (    11      0)     0.000 (     0      0)
"CPL:RUN_LOOP_BSTART"                                         -         48       48 4.800000e+01   4.749552e-04     0.000 (    21      0)     0.000 (     0      0)
"CPL:RUN_LOOP"                                                -         48       48 6.912000e+03   2.780913e+03    57.945 (    32      0)    57.924 (     5      0)
"CPL:CLOCK_ADVANCE"                                           -         48       48 6.912000e+03   7.338984e-01     0.017 (     0      0)     0.015 (     8      0)
"CPL:RUN"                                                     -         48       48 8.289600e+04   1.482794e+01     0.676 (    36      0)     0.182 (    42      0)
"CPL:OCNPRE1"                                                 -         48       48 6.912000e+03   5.277970e+00     0.454 (    23      0)     0.019 (     0      0)
"CPL:ocnpre1_atm2ocn"                                         -         48       48 6.912000e+03   5.270927e+00     0.454 (    23      0)     0.019 (     0      0)
"CPL:LNDPREP"                                                 -         48       48 6.912000e+03   3.794995e-01     0.013 (    16      0)     0.003 (    47      0)
"CPL:lndprep_atm2lnd"                                         -         48       48 6.912000e+03   2.784404e-01     0.010 (    16      0)     0.001 (    47      0)
"CPL:lndprep_mrgx2l"                                          -         48       48 6.912000e+03   8.777063e-02     0.002 (    17      0)     0.001 (    47      0)
"CPL:COMM"                                                    -         48       48 4.833600e+04   8.722621e+01     3.622 (    24      0)     0.408 (    29      0)
"CPL:C2L"                                                     -         48       48 6.912000e+03   2.798059e+00     0.063 (    12      0)     0.054 (    41      0)
"CPL:c2l_lndx2lndl"                                           -         48       48 6.912000e+03   1.883298e+00     0.055 (     5      0)     0.025 (    47      0)
"CPL:c2l_infoexch"                                            -         48       48 6.912000e+03   9.017818e-01     0.037 (    47      0)     0.003 (     5      0)
"CPL:ICEPREP"                                                 -         48       48 6.912000e+03   6.100001e-01     0.013 (    12      0)     0.012 (     7      0)
"CPL:iceprep_ocn2ice"                                         -         48       48 6.912000e+03   1.351069e-01     0.003 (     1      0)     0.003 (     0      0)
"CPL:iceprep_atm2ice"                                         -         48       48 6.912000e+03   2.026693e-01     0.004 (    29      0)     0.004 (     7      0)
"CPL:iceprep_mrgx2i"                                          -         48       48 6.912000e+03   2.391635e-01     0.005 (    24      0)     0.005 (    20      0)
"CPL:C2I"                                                     -         48       48 6.912000e+03   7.986229e-01     0.018 (     8      0)     0.016 (    28      0)
"CPL:c2i_icex2icei"                                           -         48       48 6.912000e+03   1.983858e-01     0.004 (    29      0)     0.004 (    11      0)
"CPL:ice_infoexch"                                            -         48       48 6.912000e+03   5.919596e-01     0.014 (     8      0)     0.011 (    24      0)
"CPL:ICE_RUN"                                                 -         48       48 6.912000e+03   9.987185e+00     0.279 (    37      0)     0.189 (     4      0)
"i:cice_run_total"                                            -         48       48 6.912000e+03   8.577796e+00     0.261 (    37      0)     0.157 (     4      0)
"i:cice_run_import"                                           -         48       48 6.912000e+03   7.144744e-01     0.016 (    37      0)     0.014 (     8      0)
"i:cice_imp_ocn"                                              -         48       48 6.912000e+03   9.214111e-02     0.002 (    28      0)     0.002 (     8      0)
"i:cice_imp_atm"                                              -         48       48 6.912000e+03   8.726681e-02     0.002 (    19      0)     0.002 (     8      0)
"i:cice_run_initmd"                                           -         48       48 6.912000e+03   2.293374e+00     0.049 (    47      0)     0.046 (    12      0)
"i:cice_run_presc"                                            -         48       48 6.912000e+03   1.298846e+00     0.028 (    24      0)     0.026 (     5      0)
"i:cice_pice_strd_adv_total"                                  -         48       48 6.912000e+03   5.868223e-01     0.012 (    12      0)     0.012 (    44      0)
"i:cice_pice_strd_adv_readLBUB"                               -         48       48 6.912000e+03   4.691517e-01     0.010 (    43      0)     0.010 (    11      0)
"i:cice_pice_readLBUB_setup"                                  -         48       48 6.912000e+03   2.510199e-03     0.000 (    10      0)     0.000 (    23      0)
"i:cice_pice_readLBUB_fbound"                                 -         48       48 4.800000e+01   2.376780e-03     0.002 (     0      0)     0.000 (    36      0)
"i:cice_pice_readLBUB_bcast"                                  -         48       48 4.800000e+01   1.142305e-01     0.002 (    13      0)     0.000 (     0      0)
"i:cice_pice_readLBUB_LB_setup"                               -         48       48 4.800000e+01   3.181733e-05     0.000 (     0      0)     0.000 (    40      0)
"i:cice_pice_readLBUB_LB_readpio"                             -         48       48 4.800000e+01   2.641414e-01     0.006 (    19      0)     0.004 (     0      0)
"i:PIO:openfile"                                              -         48       48 4.800000e+01   1.202384e-01     0.003 (    12      0)     0.002 (     0      0)
"i:PIO:pio_inq_varid_file_vdesc"                              -         48       48 1.920000e+02   5.867450e-03     0.000 (     1      0)     0.000 (    43      0)
"i:PIO:pio_inq_varid_file_vid"                                -         48       48 1.920000e+02   5.812082e-03     0.000 (    10      0)     0.000 (    43      0)
"i:PIO:pio_inq_varndims_file_vdesc"                           -         48       48 9.600000e+01   5.794403e-03     0.000 (    11      0)     0.000 (    20      0)
"i:PIO:pio_inq_varndims_file_vid"                             -         48       48 9.600000e+01   5.762484e-03     0.000 (    11      0)     0.000 (    20      0)
"i:PIO:pio_inq_vardimid_file_vdesc"                           -         48       48 9.600000e+01   1.221293e-02     0.000 (     4      0)     0.000 (    22      0)
"i:PIO:pio_inq_vardimid_file_vid"                             -         48       48 9.600000e+01   1.218046e-02     0.000 (     4      0)     0.000 (    22      0)
"i:PIO:pio_inq_dimlen_file_dimid"                             -         48       48 2.880000e+02   7.475875e-03     0.000 (    11      0)     0.000 (    31      0)
"i:PIO:pio_inq_dimlen_file_dimid_offlen"                      -         48       48 2.880000e+02   7.405984e-03     0.000 (     8      0)     0.000 (    31      0)
"i:PIO:pio_inq_vartype_file_vdesc"                            -         48       48 9.600000e+01   6.017041e-03     0.000 (     8      0)     0.000 (    22      0)
"i:PIO:pio_inq_vartype_file_vid"                              -         48       48 9.600000e+01   5.986338e-03     0.000 (     8      0)     0.000 (    22      0)
"i:PIO:read_darray_1d_real"                                   -         48       48 9.600000e+01   1.639183e-01     0.004 (    35      0)     0.003 (     1      0)
"i:PIO:PIOc_read_darray"                                      -         48       48 9.600000e+01   1.637657e-01     0.004 (    35      0)     0.003 (     1      0)
"i:PIO:read_darray_nc"                                        -         48       48 9.600000e+01   1.159499e-02     0.003 (    24      0)     0.000 (    25      0)
"i:PIO:rearrange_io2comp"                                     -         48       48 9.600000e+01   1.314729e-01     0.003 (    35      0)     0.000 (    24      0)
"i:PIO:pio_swapm"                                             -         48       48 9.600000e+01   1.307329e-01     0.003 (    35      0)     0.000 (     0      0)
"i:cice_pice_readLBUB_UB_setup"                               -         48       48 4.800000e+01   3.711418e-05     0.000 (     0      0)     0.000 (    43      0)
"i:cice_pice_readLBUB_UB_readpio"                             -         48       48 4.800000e+01   6.382343e-02     0.003 (     3      0)     0.001 (    23      0)
"i:cice_pice_readLBUB_filemgt"                                -         48       48 6.912000e+03   1.589245e-03     0.000 (    28      0)     0.000 (     6      0)
"i:cice_pice_strd_adv_map"                                    -         48       48 4.800000e+01   2.191684e-02     0.001 (     7      0)     0.000 (    45      0)
"i:cice_pice_strd_adv_tint"                                   -         48       48 6.912000e+03   6.038449e-02     0.001 (    12      0)     0.001 (     6      0)
"i:cice_run_initflux"                                         -         48       48 6.912000e+03   3.753391e-02     0.001 (    31      0)     0.001 (    11      0)
"i:cice_run_prepradiation"                                    -         48       48 6.912000e+03   3.289585e-02     0.001 (    37      0)     0.001 (     8      0)
"i:cice_run_therm1"                                           -         48       48 6.912000e+03   9.777428e-01     0.048 (    37      0)     0.015 (     8      0)
"i:cice_run_dyn"                                              -         48       48 6.912000e+03   4.659425e-04     0.000 (    43      0)     0.000 (     6      0)
"i:cice_run_radiation"                                        -         48       48 6.912000e+03   7.967020e-01     0.076 (    38      0)     0.009 (     4      0)
"i:cice_step_radiationib"                                     -         48       48 6.912000e+03   7.371240e-01     0.075 (    38      0)     0.008 (     4      0)
"i:cice_step_rib_swdedd1"                                     -         48       48 6.912000e+03   7.321650e-02     0.002 (    23      0)     0.001 (    45      0)
"i:cice_step_rib_swdedd2"                                     -         48       48 6.912000e+03   3.762698e-02     0.001 (    38      0)     0.001 (     3      0)
"i:cice_step_rib_swdedd7"                                     -         48       48 6.912000e+03   5.762194e-01     0.071 (    38      0)     0.005 (    11      0)
"i:cice_run_couplingprep"                                     -         48       48 6.912000e+03   7.677774e-01     0.079 (    39      0)     0.007 (     3      0)
"i:ice_HaloUpdate2DR8"                                        -         48       48 6.912000e+03   4.721101e-01     0.072 (    39      0)     0.001 (     7      0)
"i:ice_HU2DR8_init"                                           -         48       48 6.912000e+03   3.704251e-03     0.000 (    37      0)     0.000 (     6      0)
"i:cice_run_diag"                                             -         48       48 6.912000e+03   7.648449e-01     0.017 (     0      0)     0.013 (    36      0)
"i:cice_run_hist"                                             -         48       48 6.912000e+03   4.857574e-01     0.011 (    19      0)     0.009 (    44      0)
"i:cice_run_accum"                                            -         48       48 6.912000e+03   3.700132e-02     0.001 (    36      0)     0.001 (     8      0)
"i:cice_run_export"                                           -         48       48 6.912000e+03   2.539584e-01     0.006 (    34      0)     0.005 (    10      0)
"CPL:LND_RUN"                                                 -         48       48 6.912000e+03   1.357924e+02     3.043 (    29      0)     2.606 (    33      0)
"l:lc_lnd_import"                                             -         48       48 6.912000e+03   2.976786e-01     0.007 (    24      0)     0.006 (     5      0)
"l:elm_run"                                                   -         48       48 6.960000e+03   1.347852e+02     3.022 (    29      0)     2.585 (    33      0)
"l:shr_orb_decl"                                              -         48       48 6.960000e+03   6.984073e-03     0.000 (     5      0)     0.000 (     7      0)
"l:decomp_vert"                                               -         48       48 6.960000e+03   2.273642e-02     0.001 (    15      0)     0.000 (    36      0)
"l:beggridwbal"                                               -         48       48 6.960000e+03   9.562817e-01     0.021 (    28      0)     0.018 (    30      0)
"l:cnpinit"                                                   -         48       48 6.960000e+03   5.186383e-03     0.000 (    16      0)     0.000 (     0      0)
"l:cnpvegsumm"                                                -         48       48 6.960000e+03   9.298233e-04     0.000 (    31      0)     0.000 (    11      0)
"l:dyn_subgrid"                                               -         48       48 6.960000e+03   6.185504e+00     0.139 (    12      0)     0.120 (    20      0)
"l:begwbal"                                                   -         48       48 6.960000e+03   1.832990e-01     0.005 (    10      0)     0.003 (    20      0)
"l:begcnpbal"                                                 -         48       48 6.960000e+03   1.590414e-03     0.000 (    31      0)     0.000 (    38      0)
"l:drvinit"                                                   -         48       48 6.960000e+03   6.270199e-01     0.014 (    28      0)     0.012 (     6      0)
"l:canhydro"                                                  -         48       48 6.960000e+03   1.137048e+00     0.026 (    13      0)     0.021 (    33      0)
"l:surfrad"                                                   -         48       48 6.960000e+03   1.790307e+00     0.040 (    29      0)     0.034 (    33      0)
"l:bgp1"                                                      -         48       48 6.960000e+03   1.599080e+00     0.039 (    11      0)     0.027 (    20      0)
"l:bgflux"                                                    -         48       48 6.960000e+03   1.030104e+00     0.027 (    20      0)     0.019 (     3      0)
"l:canflux"                                                   -         48       48 6.960000e+03   4.113337e+01     1.062 (    29      0)     0.732 (     8      0)
"l:can_iter"                                                  -         48       48 6.960000e+03   3.442911e+01     0.906 (    29      0)     0.601 (     8      0)
"l:uflux"                                                     -         48       48 6.960000e+03   1.738807e+00     0.049 (    10      0)     0.025 (    20      0)
"l:bgplake"                                                   -         48       48 6.960000e+03   4.684696e+00     0.110 (    11      0)     0.082 (    33      0)
"l:bgc"                                                       -         48       48 6.960000e+03   3.160095e+00     0.075 (     2      0)     0.057 (    20      0)
"l:soiltemperature"                                           -         48       48 6.960000e+03   2.605520e+01     0.606 (     3      0)     0.490 (    20      0)
"l:SoilThermProp"                                             -         48       48 6.960000e+03   2.005603e+00     0.051 (    11      0)     0.035 (    20      0)
"l:SoilTempBandDiag"                                          -         48       48 1.392000e+04   4.804734e+00     0.136 (    10      0)     0.074 (    20      0)
"l:PhaseChangeH2osfc"                                         -         48       48 6.960000e+03   2.965122e-02     0.001 (     0      0)     0.000 (    36      0)
"l:PhaseChangebeta"                                           -         48       48 6.960000e+03   1.006534e+00     0.026 (    11      0)     0.017 (    20      0)
"l:bgp2"                                                      -         48       48 6.960000e+03   1.385573e+00     0.033 (    10      0)     0.025 (    20      0)
"l:bgp2_loop_1"                                               -         48       48 6.960000e+03   2.423356e-01     0.006 (     3      0)     0.004 (    20      0)
"l:bgp2_loop_2"                                               -         48       48 6.960000e+03   3.590487e-01     0.010 (    10      0)     0.006 (    20      0)
"l:bgp2_loop_3"                                               -         48       48 6.960000e+03   6.063153e-01     0.014 (    11      0)     0.011 (    33      0)
"l:bgp2_loop_4"                                               -         48       48 6.960000e+03   1.513008e-01     0.004 (     3      0)     0.003 (    20      0)
"l:patch2col"                                                 -         48       48 6.960000e+03   9.229565e-01     0.023 (    11      0)     0.017 (    20      0)
"l:hydro without drainage"                                    -         48       48 6.960000e+03   1.041980e+01     0.266 (     3      0)     0.179 (    20      0)
"l:hylake"                                                    -         48       48 6.960000e+03   7.944857e-01     0.020 (     3      0)     0.014 (    39      0)
"l:snow_init"                                                 -         48       48 6.960000e+03   7.870473e-02     0.002 (     9      0)     0.001 (     2      0)
"l:ecosysdyn"                                                 -         48       48 6.960000e+03   2.327116e-01     0.005 (     3      0)     0.004 (    20      0)
"l:depvel"                                                    -         48       48 1.392000e+04   4.398306e-03     0.000 (    35      0)     0.000 (    32      0)
"l:hydro2 drainage"                                           -         48       48 6.960000e+03   9.178932e-01     0.024 (    11      0)     0.015 (    20      0)
"l:balchk"                                                    -         48       48 6.960000e+03   8.508632e-01     0.019 (     2      0)     0.016 (    20      0)
"l:gridbalchk"                                                -         48       48 6.960000e+03   4.221825e-01     0.010 (     3      0)     0.008 (    31      0)
"l:lnd2atm"                                                   -         48       48 6.960000e+03   3.402948e+00     0.077 (     3      0)     0.064 (    31      0)
"l:wrtdiag"                                                   -         48       48 6.960000e+03   6.405655e-02     0.005 (     0      0)     0.001 (    38      0)
"l:hbuf"                                                      -         48       48 6.960000e+03   1.257850e+01     0.283 (     3      0)     0.241 (    31      0)
"l:elm_drv_io"                                                -         48       48 6.960000e+03   2.131705e-02     0.001 (    36      0)     0.000 (    28      0)
"l:elm_drv_io_htapes"                                         -         48       48 6.960000e+03   1.671999e-02     0.000 (    36      0)     0.000 (    27      0)
"l:lc_lnd_export"                                             -         48       48 6.960000e+03   1.019903e-01     0.002 (    36      0)     0.002 (    23      0)
"l:lc_elm2_adv_timestep"                                      -         48       48 6.960000e+03   4.261615e-03     0.000 (     9      0)     0.000 (    22      0)
"l:accum"                                                     -         48       48 6.912000e+03   1.963413e+00     0.042 (     0      0)     0.040 (    15      0)
"CPL:ATMOCNP"                                                 -         48       48 6.912000e+03   1.400734e+00     0.035 (    39      0)     0.015 (    15      0)
"CPL:atmocnp_fluxo"                                           -         48       48 6.912000e+03   1.199764e+00     0.031 (     0      0)     0.010 (    15      0)
"CPL:atmocnp_ocnalb"                                          -         48       48 6.912000e+03   1.860478e-01     0.005 (     5      0)     0.004 (    47      0)
"CPL:L2C"                                                     -         48       48 6.912000e+03   7.560699e+00     0.250 (     4      0)     0.057 (    12      0)
"CPL:l2c_lndl2lndx"                                           -         48       48 6.912000e+03   7.536966e+00     0.250 (     4      0)     0.057 (    12      0)
"lnd2cpl_run"                                                 -         48       48 6.912000e+03   1.458729e-02     0.000 (     8      0)     0.000 (    32      0)
"CPL:LNDPOST"                                                 -         48       48 6.912000e+03   4.680126e-03     0.000 (     3      0)     0.000 (     8      0)
"CPL:I2C"                                                     -         48       48 6.912000e+03   2.310707e-01     0.005 (    26      0)     0.005 (     7      0)
"CPL:i2c_icei2icex"                                           -         48       48 6.912000e+03   2.149086e-01     0.005 (    26      0)     0.004 (    41      0)
"CPL:i2c_infoexch"                                            -         48       48 6.912000e+03   6.531398e-03     0.000 (    35      0)     0.000 (    23      0)
"CPL:ICEPOST"                                                 -         48       48 6.912000e+03   4.724851e-04     0.000 (    31      0)     0.000 (    17      0)
"CPL:FRACSET"                                                 -         48       48 6.912000e+03   2.419639e+00     0.114 (    38      0)     0.005 (    21      0)
"CPL:fracset_fracset"                                         -         48       48 6.912000e+03   2.416084e+00     0.114 (    38      0)     0.005 (    21      0)
"CPL:ATMPREP"                                                 -         48       48 6.912000e+03   4.605376e+00     0.163 (     0      0)     0.067 (     1      0)
"CPL:atmprep_xao2atm"                                         -         48       48 6.912000e+03   1.157212e+00     0.093 (    13      0)     0.010 (    21      0)
"CPL:atmprep_ocn2atm"                                         -         48       48 6.912000e+03   7.436646e-01     0.109 (     2      0)     0.009 (    37      0)
"CPL:atmprep_alb2atm"                                         -         48       48 6.912000e+03   1.945541e-01     0.005 (    30      0)     0.003 (    21      0)
"CPL:atmprep_ice2atm"                                         -         48       48 6.912000e+03   7.584435e-01     0.055 (    37      0)     0.011 (    42      0)
"CPL:atmprep_lnd2atm"                                         -         48       48 6.912000e+03   1.298346e+00     0.118 (     0      0)     0.010 (    20      0)
"CPL:atmprep_mrgx2a"                                          -         48       48 6.912000e+03   4.252840e-01     0.016 (     7      0)     0.005 (    21      0)
"CPL:C2A"                                                     -         48       48 6.912000e+03   1.781614e+00     0.051 (    47      0)     0.025 (     7      0)
"CPL:c2a_atmx2atmg"                                           -         48       48 6.912000e+03   8.116774e-01     0.033 (    47      0)     0.006 (    32      0)
"CPL:c2a_infoexch"                                            -         48       48 6.912000e+03   9.615393e-01     0.031 (     3      0)     0.011 (     7      0)
"CPL:ATM_RUN"                                                 -         48       48 6.912000e+03   2.507858e+03    53.849 (    29      0)    50.479 (     0      0)
"a:EAMxx::run"                                                -         48       48 6.912000e+03   2.507071e+03    53.833 (    29      0)    50.462 (     0      0)
"a:EAMxx::EAMxx::run"                                         -         48       48 6.912000e+03   2.505874e+03    53.809 (    29      0)    50.417 (     0      0)
"a:EAMxx::EAMxx::run-precondition-checks"                     -         48       48 6.912000e+03   2.541846e-03     0.000 (    34      0)     0.000 (    45      0)
"a:EAMxx::SurfaceCouplingImporter::run"                       -         48       48 6.912000e+03   4.647789e+00     0.102 (     1      0)     0.089 (    32      0)
"a:EAMxx::SurfaceCouplingImporter::run-precondition-checks"   -         48       48 6.912000e+03   1.249390e-03     0.000 (     2      0)     0.000 (    16      0)
"a:EAMxx::SurfaceCouplingImporter::run-postcondition-checks"  -         48       48 6.912000e+03   4.085497e+00     0.090 (     1      0)     0.078 (    32      0)
"a:EAMxx::homme::run"                                         -         48       48 6.912000e+03   1.386286e+03    28.912 (    33      0)    28.862 (     4      0)
"a:EAMxx::homme::run-precondition-checks"                     -         48       48 6.912000e+03   1.225742e-03     0.000 (    42      0)     0.000 (    14      0)
"a:tl-sc prim_run_subcycle_c"                                 -         48       48 6.912000e+03   1.349717e+03    28.150 (     6      0)    28.084 (    12      0)
"a:tl-s prim_step_flexible"                                   -         48       48 6.912000e+03   1.349687e+03    28.149 (     6      0)    28.083 (    12      0)
"a:ApplyCAMForcing_tracers"                                   -         48       48 6.912000e+03   5.643247e+00     0.133 (     7      0)     0.108 (    16      0)
"a:tl-s deep_copy+derived_dp"                                 -         48       48 6.912000e+03   2.257487e-01     0.005 (    17      0)     0.004 (    44      0)
"a:ApplyCAMForcing_dynamics"                                  -         48       48 2.073600e+04   2.479854e+00     0.059 (     7      0)     0.043 (    42      0)
"a:tl-ae prim_advance_exp"                                    -         48       48 4.147200e+04   1.140961e+03    23.930 (    32      0)    23.571 (    22      0)
"a:ttype9_imex_timestep"                                      -         48       48 4.147200e+04   9.492771e+02    20.407 (    20      0)    19.054 (     8      0)
"a:caar compute"                                              -         48       48 4.147200e+05   2.440249e+02     5.292 (     8      0)     4.960 (    33      0)
"a:caar_bexchV"                                               -         48       48 2.073600e+05   1.979110e+02     5.026 (    20      0)     3.231 (     8      0)
"a:caar limiter"                                              -         48       48 2.488320e+05   1.470650e+02     3.261 (    30      0)     2.816 (    21      0)
"a:compute_stage_value_dirk"                                  -         48       48 2.073600e+05   3.561094e+02     7.632 (    30      0)     7.248 (    21      0)
"a:tl-ae advance_hypervis_dp"                                 -         48       48 4.147200e+04   1.904280e+02     4.753 (     8      0)     3.182 (    20      0)
"a:hvf-bhwk"                                                  -         48       48 4.147200e+04   8.688808e+01     1.993 (    31      0)     1.630 (    33      0)
"a:hvf-bexch"                                                 -         48       48 1.244160e+05   1.103638e+02     3.067 (    15      0)     1.558 (    22      0)
"a:tl-sc vertical_remap"                                      -         48       48 2.073600e+04   4.839748e+01     1.086 (     8      0)     0.930 (     0      0)
"a:Remap Thickness Functor"                                   -         48       48 2.073600e+04   2.789381e+00     0.072 (    30      0)     0.051 (    16      0)
"a:Remap Scale States Functor"                                -         48       48 2.073600e+04   1.244107e+00     0.032 (     1      0)     0.023 (    12      0)
"a:Remap Compute Grids Functor"                               -         48       48 2.073600e+04   4.358431e+00     0.103 (    47      0)     0.085 (    32      0)
"a:Remap Compute Remap Functor"                               -         48       48 2.073600e+04   2.596038e+01     0.616 (     8      0)     0.483 (     0      0)
"a:Remap Rescale States Functor"                              -         48       48 2.073600e+04   1.847329e+00     0.055 (    32      0)     0.030 (    28      0)
"a:tl-at prim_advec_tracers_compose"                          -         48       48 6.912000e+03   1.458158e+02     3.276 (    22      0)     2.869 (    34      0)
"a:compose_transport"                                         -         48       48 6.912000e+03   1.457209e+02     3.274 (    22      0)     2.867 (    34      0)
"a:compose_calc_trajectory"                                   -         48       48 6.912000e+03   1.679935e+01     0.505 (     7      0)     0.252 (     1      0)
"a:compose_3d_levels"                                         -         48       48 6.912000e+03   7.769600e+00     0.171 (    45      0)     0.148 (     1      0)
"a:compose_v_bexchv"                                          -         48       48 6.912000e+03   8.538080e+00     0.346 (     7      0)     0.091 (    39      0)
"a:compose_v2x"                                               -         48       48 6.912000e+03   4.620379e-01     0.011 (     8      0)     0.009 (    42      0)
"a:compose_isl"                                               -         48       48 6.912000e+03   6.910753e+01     1.566 (    37      0)     1.213 (    26      0)
"a:compose_hypervis_scalar"                                   -         48       48 6.912000e+03   4.377982e+01     1.298 (    26      0)     0.740 (    36      0)
"a:compose_cedr_global"                                       -         48       48 6.912000e+03   1.013863e+01     0.249 (    20      0)     0.168 (    33      0)
"a:repro_sum_int"                                             -         48       48 6.912000e+03   5.370954e+00     0.156 (    27      0)     0.064 (    33      0)
"a:compose_cedr_local"                                        -         48       48 6.912000e+03   1.491767e+00     0.035 (    29      0)     0.028 (    45      0)
"a:compose_dss_q"                                             -         48       48 6.912000e+03   4.349004e+00     0.118 (    12      0)     0.075 (    30      0)
"a:compose_vertical_remap"                                    -         48       48 6.912000e+03   5.840543e+00     0.133 (    43      0)     0.111 (     0      0)
"a:EAMxx::homme::run-postcondition-checks"                    -         48       48 6.912000e+03   5.163417e+00     0.115 (     1      0)     0.101 (    38      0)
"a:EAMxx::physics::run"                                       -         48       48 6.912000e+03   1.108689e+03    24.698 (    29      0)    21.322 (     0      0)
"a:EAMxx::physics::run-precondition-checks"                   -         48       48 6.912000e+03   1.749173e-03     0.000 (    24      0)     0.000 (    19      0)
"a:EAMxx::mac_aero_mic::run"                                  -         48       48 6.912000e+03   1.028592e+03    23.097 (    29      0)    19.666 (     0      0)
"a:EAMxx::mac_aero_mic::run-precondition-checks"              -         48       48 6.912000e+03   1.133188e-03     0.000 (    18      0)     0.000 (    19      0)
"a:EAMxx::tms::run"                                           -         48       48 8.294400e+04   8.618850e+00     0.190 (    30      0)     0.167 (    20      0)
"a:EAMxx::tms::run-precondition-checks"                       -         48       48 8.294400e+04   2.267286e-02     0.001 (    32      0)     0.000 (    31      0)
"a:EAMxx::tms::run-postcondition-checks"                      -         48       48 8.294400e+04   4.860511e+00     0.111 (     1      0)     0.089 (    44      0)
"a:EAMxx::shoc::run"                                          -         48       48 8.294400e+04   3.736134e+02     8.072 (    27      0)     7.526 (    36      0)
"a:EAMxx::shoc::run-precondition-checks"                      -         48       48 8.294400e+04   1.298389e-02     0.000 (    38      0)     0.000 (     3      0)
"a:EAMxx::shoc::preprocess"                                   -         48       48 8.294400e+04   1.916398e+00     0.042 (    28      0)     0.037 (    15      0)
"a:EAMxx::shoc::shoc_main"                                    -         48       48 8.294400e+04   1.170514e+02     2.538 (    27      0)     2.358 (    36      0)
"a:EAMxx::shoc::postprocess"                                  -         48       48 8.294400e+04   4.397472e+01     0.966 (    27      0)     0.878 (    36      0)
"a:EAMxx::shoc::run-postcondition-checks"                     -         48       48 8.294400e+04   1.566705e+02     3.375 (    27      0)     3.147 (    26      0)
"a:EAMxx::cld_fraction::run"                                  -         48       48 8.294400e+04   2.251482e+01     0.485 (    27      0)     0.453 (    16      0)
"a:EAMxx::cld_fraction::run-precondition-checks"              -         48       48 8.294400e+04   2.595551e-02     0.001 (    10      0)     0.000 (    20      0)
"a:EAMxx::cld_fraction::run-postcondition-checks"             -         48       48 8.294400e+04   1.952426e+01     0.421 (    33      0)     0.391 (    16      0)
"a:EAMxx::spa::run"                                           -         48       48 8.294400e+04   1.039084e+02     2.515 (    27      0)     2.031 (    12      0)
"a:EAMxx::spa::run-precondition-checks"                       -         48       48 8.294400e+04   1.679397e-02     0.001 (    35      0)     0.000 (     1      0)
"a:EAMxx::spa::run-postcondition-checks"                      -         48       48 8.294400e+04   6.589826e+01     1.609 (    27      0)     1.282 (    12      0)
"a:EAMxx::p3::run"                                            -         48       48 8.294400e+04   5.189612e+02    12.139 (    32      0)     9.119 (     0      0)
"a:EAMxx::p3::run-precondition-checks"                        -         48       48 8.294400e+04   6.380769e+00     0.154 (    14      0)     0.128 (    32      0)
"a:EAMxx::p3::run-postcondition-checks"                       -         48       48 8.294400e+04   1.712579e+02     3.674 (    43      0)     3.429 (     0      0)
"a:EAMxx::mac_aero_mic::run-postcondition-checks"             -         48       48 6.912000e+03   2.063634e-03     0.000 (    11      0)     0.000 (     8      0)
"a:EAMxx::rrtmgp::run"                                        -         48       48 6.912000e+03   7.981843e+01     1.795 (    33      0)     1.595 (    29      0)
"a:EAMxx::rrtmgp::run-precondition-checks"                    -         48       48 6.912000e+03   3.084315e-01     0.007 (    41      0)     0.006 (    34      0)
"a:EAMxx::rrtmgp::run-postcondition-checks"                   -         48       48 6.912000e+03   1.236938e+01     0.274 (    33      0)     0.242 (    40      0)
"a:EAMxx::physics::run-postcondition-checks"                  -         48       48 6.912000e+03   1.390685e-03     0.000 (     8      0)     0.000 (    12      0)
"a:EAMxx::SurfaceCouplingExporter::run"                       -         48       48 6.912000e+03   5.667671e+00     0.123 (    45      0)     0.113 (     8      0)
"a:EAMxx::SurfaceCouplingExporter::run-precondition-checks"   -         48       48 6.912000e+03   2.516905e-03     0.000 (    33      0)     0.000 (    16      0)
"a:EAMxx::SurfaceCouplingExporter::run-postcondition-checks"  -         48       48 6.912000e+03   2.904872e-03     0.000 (    24      0)     0.000 (    35      0)
"a:EAMxx::EAMxx::run-postcondition-checks"                    -         48       48 6.912000e+03   1.207175e-03     0.000 (    17      0)     0.000 (    42      0)
"a:EAMxx::IO::restart"                                        -         48       48 6.912000e+03   3.994609e-02     0.001 (    14      0)     0.001 (     5      0)
"a:EAMxx::IO::model_restart"                                  -         48       48 6.912000e+03   3.300748e-02     0.001 (    14      0)     0.001 (     5      0)
"a:EAMxx::IO::restart::get_new_file"                          -         48       48 6.912000e+03   1.141134e-03     0.000 (    28      0)     0.000 (    14      0)
"a:EAMxx::IO::restart::run_output_streams"                    -         48       48 6.912000e+03   1.335337e-02     0.000 (     0      0)     0.000 (     5      0)
"a:EAMxx::IO::standard"                                       -         48       48 6.912000e+03   1.517117e-02     0.000 (    35      0)     0.000 (    30      0)
"a:EAMxx::IO::nooutput.yaml"                                  -         48       48 6.912000e+03   1.129599e-02     0.000 (    23      0)     0.000 (    30      0)
"a:EAMxx::IO::standard::get_new_file"                         -         48       48 6.912000e+03   5.789114e-04     0.000 (    28      0)     0.000 (    35      0)
"a:EAMxx::IO::standard::run_output_streams"                   -         48       48 6.912000e+03   1.108700e-03     0.000 (    44      0)     0.000 (     3      0)
"CPL:A2C"                                                     -         48       48 6.912000e+03   6.414136e+01     3.154 (    24      0)     0.097 (    29      0)
"CPL:a2c_atma2atmx"                                           -         48       48 6.912000e+03   5.465552e+01     3.125 (    24      0)     0.023 (    29      0)
"CPL:a2c_infoexch"                                            -         48       48 6.912000e+03   9.467368e+00     1.137 (    28      0)     0.007 (    39      0)
"CPL:ATMPOST"                                                 -         48       48 6.912000e+03   3.142114e-03     0.000 (    38      0)     0.000 (     5      0)
"CPL:HISTORY"                                                 -         48       48 6.912000e+03   1.780625e-02     0.001 (    12      0)     0.000 (    40      0)
"CPL:cime_run_write_history"                                  -         48       48 6.912000e+03   1.392043e-02     0.000 (     1      0)     0.000 (     8      0)
"CPL:TSTAMP_WRITE"                                            -         48       48 6.912000e+03   5.957813e-02     0.021 (     0      0)     0.000 (    42      0)
"CPL:TPROF_WRITE"                                             -         48       48 6.912000e+03   1.220397e+01     0.265 (     5      0)     0.245 (     0      0)
"CPL:C2O_INITWAIT"                                            -         48       48 6.864000e+03   2.372161e+01     1.330 (     0      0)     0.101 (    33      0)
"l:interpMonthlyVeg"                                          -         48       48 6.864000e+03   6.028833e+00     0.126 (    24      0)     0.125 (    43      0)
"l:readMonthlyVeg"                                            -         48       48 4.800000e+01   6.022049e+00     0.126 (    24      0)     0.125 (    43      0)
"l:PIO:openfile"                                              -         48       48 4.800000e+01   3.786598e-01     0.012 (    15      0)     0.003 (    30      0)
"l:PIO:pio_inq_varid_file_vdesc"                              -         48       48 3.840000e+02   7.087101e-02     0.002 (    37      0)     0.000 (     0      0)
"l:PIO:pio_inq_varid_file_vid"                                -         48       48 3.840000e+02   7.074013e-02     0.002 (    37      0)     0.000 (     0      0)
"l:PIO:pio_inq_varndims_file_vdesc"                           -         48       48 3.840000e+02   2.626437e-02     0.001 (     8      0)     0.000 (    43      0)
"l:PIO:pio_inq_varndims_file_vid"                             -         48       48 3.840000e+02   2.616358e-02     0.001 (     8      0)     0.000 (    36      0)
"l:PIO:pio_inq_vardimid_file_vdesc"                           -         48       48 3.840000e+02   5.962154e-02     0.001 (    14      0)     0.001 (    38      0)
"l:PIO:pio_inq_vardimid_file_vid"                             -         48       48 3.840000e+02   5.952731e-02     0.001 (    17      0)     0.001 (    38      0)
"l:PIO:pio_inq_dimname_file_dimid"                            -         48       48 3.264000e+03   1.578563e-01     0.003 (     3      0)     0.003 (    36      0)
"l:PIO:pio_inq_dimlen_file_dimid"                             -         48       48 7.680000e+02   2.478180e-02     0.001 (    33      0)     0.000 (    36      0)
"l:PIO:pio_inq_dimlen_file_dimid_offlen"                      -         48       48 7.680000e+02   2.461860e-02     0.001 (    32      0)     0.000 (    36      0)
"l:PIO:pio_inquire_file"                                      -         48       48 1.440000e+03   4.723909e-02     0.001 (    25      0)     0.001 (    36      0)
"l:PIO:pio_inq_ndims_file"                                    -         48       48 1.440000e+03   4.697511e-02     0.001 (    25      0)     0.001 (    36      0)
"l:PIO:initdecomp"                                            -         48       48 4.800000e+01   8.277340e-02     0.002 (    36      0)     0.002 (    10      0)
"l:PIO:PIOc_initdecomp"                                       -         48       48 4.800000e+01   8.216270e-02     0.002 (    36      0)     0.002 (    22      0)
"l:PIO:box_rearrange_create"                                  -         48       48 4.800000e+01   7.958627e-02     0.002 (    46      0)     0.002 (    17      0)
"l:PIO:pio_swapm"                                             -         48       48 5.280000e+02   4.571505e+00     0.102 (    27      0)     0.022 (    24      0)
"l:PIO:read_darray_3d_double"                                 -         48       48 3.840000e+02   4.910733e+00     0.104 (    36      0)     0.102 (     4      0)
"l:PIO:PIOc_read_darray"                                      -         48       48 3.840000e+02   4.910168e+00     0.104 (    36      0)     0.102 (     4      0)
"l:PIO:read_darray_nc"                                        -         48       48 3.840000e+02   2.929700e-01     0.080 (    24      0)     0.000 (    43      0)
"l:PIO:rearrange_io2comp"                                     -         48       48 3.840000e+02   4.524196e+00     0.101 (    27      0)     0.021 (    24      0)
"l:PIO:closefile"                                             -         48       48 4.800000e+01   2.301224e-03     0.000 (    12      0)     0.000 (    34      0)
"l:PIO:PIOc_closefile"                                        -         48       48 4.800000e+01   2.258585e-03     0.000 (    12      0)     0.000 (    34      0)
"l:surfalb"                                                   -         48       48 6.864000e+03   5.485888e+00     0.129 (    34      0)     0.104 (    15      0)
"l:urbsurfalb"                                                -         48       48 6.864000e+03   1.382837e+00     0.032 (     8      0)     0.027 (    21      0)
"CPL:OCNT_RUN"                                                -         48       48 6.864000e+03   5.748525e-01     0.025 (     0      0)     0.011 (    10      0)
"o:DOCN_RUN"                                                  -         48       48 6.864000e+03   4.272939e-01     0.012 (     0      0)     0.008 (    10      0)
"o:docn_run1"                                                 -         48       48 6.864000e+03   5.754440e-03     0.000 (     2      0)     0.000 (     4      0)
"o:docn"                                                      -         48       48 6.864000e+03   4.072612e-01     0.010 (     0      0)     0.008 (    10      0)
"o:docn_strdata_advance"                                      -         48       48 6.864000e+03   1.115993e-01     0.003 (    36      0)     0.002 (     6      0)
"o:docn_strd_adv_total"                                       -         48       48 6.864000e+03   1.034035e-01     0.003 (    36      0)     0.002 (     6      0)
"o:docn_strd_adv_readLBUB"                                    -         48       48 6.864000e+03   1.795537e-02     0.000 (    36      0)     0.000 (    23      0)
"o:docn_readLBUB_setup"                                       -         48       48 6.864000e+03   2.162032e-03     0.000 (    40      0)     0.000 (    23      0)
"o:docn_readLBUB_filemgt"                                     -         48       48 6.864000e+03   1.324281e-03     0.000 (     8      0)     0.000 (    24      0)
"o:docn_strd_adv_tint"                                        -         48       48 6.864000e+03   4.611201e-02     0.001 (    36      0)     0.001 (    29      0)
"o:docn_scatter"                                              -         48       48 6.864000e+03   2.040495e-01     0.005 (    36      0)     0.004 (    10      0)
"o:docn_datamode"                                             -         48       48 6.864000e+03   1.731850e-02     0.000 (    36      0)     0.000 (    13      0)
"o:docn_run2"                                                 -         48       48 6.864000e+03   1.662954e-03     0.001 (     0      0)     0.000 (    20      0)
"CPL:O2CT"                                                    -         48       48 6.864000e+03   9.889419e+00     0.475 (    20      0)     0.014 (     0      0)
"CPL:o2c_ocno2ocnx"                                           -         48       48 6.864000e+03   1.066440e-01     0.002 (    42      0)     0.002 (    32      0)
"CPL:o2c_infoexch"                                            -         48       48 6.864000e+03   9.772156e+00     0.472 (    20      0)     0.012 (     0      0)
"CPL:OCNPOSTT"                                                -         48       48 6.864000e+03   3.066901e-03     0.000 (    19      0)     0.000 (    24      0)
"CPL:RUN_LOOP_sync1_tprf"                                     -         48       48 1.440000e+02   4.565763e-01     0.021 (     1      0)     0.000 (     0      0)
"CPL:RUN_LOOP_t_prf"                                          -         48       48 1.440000e+02   4.533799e-01     0.245 (     0      0)     0.001 (    15      0)
"CPL:RUN_LOOP_sync2_tprf"                                     -         48       48 1.440000e+02   1.129035e+01     0.244 (    15      0)     0.000 (     0      0)
"CPL:RUN_LOOP_BSTOP"                                          -         48       48 4.800000e+01   5.794267e-04     0.000 (    32      0)     0.000 (     0      0)
"CPL:FINAL"                                                   -         48       48 4.800000e+01   7.127990e+00     0.150 (     0      0)     0.148 (    43      0)
"CPL:cime_final"                                              -         48       48 4.800000e+01   7.127931e+00     0.150 (     0      0)     0.148 (    43      0)
"o_f:DOCN_FINAL"                                              -         48       48 4.800000e+01   2.306075e-05     0.000 (     0      0)     0.000 (     4      0)
"a_f:EAMxx::finalize"                                         y         48       48 4.800000e+01   4.875395e+00     0.133 (     0      0)     0.073 (    25      0)
"a_f:PIO:PIOc_sync"                                           -         48       48 4.800000e+01   9.157290e-04     0.000 (    24      0)     0.000 (    26      0)
"a_f:PIO:write_total"                                         -         48       48 9.600000e+01   4.264073e-03     0.001 (    24      0)     0.000 (    26      0)
"a_f:PIO:flush_output_buffer"                                 -          4        4 8.000000e+00   4.430515e-04     0.000 (    24      0)     0.000 (     0      0)
"a_f:PIO:PIOc_closefile"                                      -         48       48 9.600000e+01   1.436635e-01     0.057 (    36      0)     0.000 (    40      0)
"a_f:PIO:PIOc_closefile_write_mode"                           -         48       48 4.800000e+01   3.416283e-03     0.001 (    24      0)     0.000 (    39      0)
"a_f:PIO:PIOc_freedecomp"                                     -         48       48 4.800000e+02   3.762301e-03     0.001 (     0      0)     0.000 (    40      0)
"PIO:finalize"                                                -         48       48 4.800000e+02   1.559868e+00     0.060 (    25      0)     0.001 (    12      0)
"PIO:PIOc_finalize"                                           -         48       48 4.800000e+02   1.555105e+00     0.060 (    25      0)     0.000 (    12      0)
"CPL:FINAL_sync1_tprf"                                        -         48       48 4.800000e+01   6.956592e-02     0.001 (    14      0)     0.000 (     0      0)
"CPL:FINAL_t_prf"                                             y          0        0 0.000000e+00   0.000000e+00     0.000 (     0      0)     0.000 (     0      0)

