
***** GLOBAL STATISTICS ( 12288 MPI TASKS) *****

$Id: gptl.c,v 1.157 2011-03-28 20:55:18 rosinski Exp $
'count' is cumulative. All other stats are max/min
'on' indicates whether the timer was active during output, and so stats are lower or upper bounds.

name                                                         on  processes  threads        count      walltotal   wallmax (proc   thrd  )   wallmin (proc   thrd  )
"CPL:INIT"                                                    -      12288    12288 1.228800e+04   6.485980e+06   708.457 (  2481      0)   440.262 (  3403      0)
"CPL:cime_pre_init1"                                          -      12288    12288 1.228800e+04   1.136053e+06   273.078 (  2473      0)     4.886 (  3398      0)
"CPL:mpi_init"                                                -      12288    12288 1.228800e+04   1.109628e+06   270.878 (  2476      0)     2.753 (  3396      0)
"CPL:ESMF_Initialize"                                         -      12288    12288 1.228800e+04   2.503784e+02     0.041 (  4077      0)     0.000 (  2189      0)
"CPL:cime_pre_init2"                                          -      12288    12288 1.228800e+04   3.598519e+04     3.212 (  8124      0)     2.778 (     6      0)
"CPL:seq_infodata_init"                                       -      12288    12288 1.228800e+04   3.087136e+03     0.802 (  7154      0)     0.001 ( 10516      0)
"CPL:seq_timemgr_clockInit"                                   -      12288    12288 1.228800e+04   1.098698e+03     0.260 (  4243      0)     0.001 (  8244      0)
"CPL:cime_init"                                               -      12288    12288 1.228800e+04   5.313691e+06   432.591 (     6      0)   432.160 (  8102      0)
"CPL:init_comps"                                              -      12288    12288 1.228800e+04   5.305354e+06   431.913 (     6      0)   431.481 (  8102      0)
"CPL:comp_init_pre_all"                                       -      12288    12288 1.228800e+04   3.408487e+02     0.059 (  5750      0)     0.000 (   727      0)
"CPL:comp_init_cc_atm"                                        -      12288    12288 1.228800e+04   1.639490e+06   133.611 (     6      0)   133.178 (  8102      0)
"a_i:comp_init"                                               -      12288    12288 2.457600e+04   1.638819e+06   133.610 (     0      0)   133.159 (  8102      0)
"a_i:EAMxx::init"                                             -      12288    12288 8.601600e+04   1.583001e+06   130.708 (  9300      0)   125.367 ( 11720      0)
"a_i:EAMxx::create_output_managers"                           -      12288    12288 1.228800e+04   1.225143e+02     0.212 (  3955      0)     0.000 (     0      0)
"a_i:EAMxx::create_atm_processes"                             -      12288    12288 1.228800e+04   6.532516e+03     0.781 (  2228      0)     0.301 (  3955      0)
"a_i:EAMxx::create_grids"                                     -      12288    12288 1.228800e+04   3.410167e+05    27.907 (     0      0)    27.651 (  1513      0)
"a_i:PartitioningTime"                                        -      12288    12288 1.228800e+04   3.465534e-02     0.000 (  1302      0)     0.000 (  8251      0)
"a_i:repro_sum_int"                                           -      12288    12288 1.228800e+04   1.387315e+03     0.247 (  2331      0)     0.067 (  5896      0)
"a_i:PIO:spio_get_att_tc"                                     -      12288    12288 1.339392e+06   2.142558e+02     0.244 ( 11641      0)     0.008 (    33      0)
"a_i:PIO:spio_get_vars_tc"                                    -      12288    12288 2.457600e+05   2.125380e+03     0.326 (     4      0)     0.126 (  7080      0)
"a_i:PIO:PIOc_closefile"                                      -      12288    12288 1.597440e+05   8.847816e+02     3.058 (  9816      0)     0.000 ( 12200      0)
"a_i:EAMxx::create_fields"                                    -      12288    12288 1.228800e+04   2.893579e+03     0.288 (  8135      0)     0.209 (  7824      0)
"a_i:EAMxx::initialize_fields"                                -      12288    12288 1.228800e+04   5.593030e+05    45.719 (  9012      0)    45.426 (  9422      0)
"a_i:PIO:PIOc_initdecomp"                                     -      12288    12288 1.597440e+05   1.639077e+05    13.560 (  6515      0)    13.218 (  1369      0)
"a_i:PIO:box_rearrange_create"                                -      12288    12288 1.597440e+05   1.622721e+05    13.207 (    11      0)    13.205 ( 12269      0)
"a_i:PIO:pio_swapm"                                           -      12288    12288 7.495680e+05   3.200914e+05    31.834 (  1350      0)     5.709 (  5124      0)
"a_i:PIO:PIOc_read_darray"                                    -      12288    12288 2.703360e+05   2.546483e+05    21.728 (   352      0)    18.499 (  9461      0)
"a_i:PIO:read_darray_nc"                                      -      12288    12288 2.703360e+05   1.627204e+04    20.184 (    96      0)     0.000 (  1335      0)
"a_i:PIO:rearrange_io2comp"                                   -      12288    12288 2.703360e+05   2.175426e+05    21.029 (     5      0)     0.306 (  6228      0)
"a_i:EAMxx::initialize_atm_procs"                             -      12288    12288 1.228800e+04   6.626561e+05    55.688 (  8873      0)    50.427 ( 11712      0)
"a_i:EAMxx::SurfaceCouplingImporter::init"                    -      12288    12288 1.228800e+04   4.272704e+02     0.325 (  4165      0)     0.000 (  6252      0)
"a_i:EAMxx::homme::init"                                      -      12288    12288 1.228800e+04   3.524260e+05    29.258 (  3917      0)    27.863 (  6894      0)
"a_i:compose_init"                                            -      12288    12288 1.228800e+04   4.307953e+03     0.494 ( 10394      0)     0.048 (  1296      0)
"a_i:sl_init1"                                                -      12288    12288 1.228800e+04   2.516621e+04     2.719 (  8127      0)     1.472 (  8857      0)
"a_i:EAMxx::tms::init"                                        -      12288    12288 1.228800e+04   9.442456e-02     0.001 (  1096      0)     0.000 (  4635      0)
"a_i:EAMxx::shoc::init"                                       -      12288    12288 1.228800e+04   4.364528e+02     0.306 (  3454      0)     0.001 (  1564      0)
"a_i:EAMxx::cld_fraction::init"                               -      12288    12288 1.228800e+04   3.251857e-01     0.000 (  5035      0)     0.000 (  1466      0)
"a_i:EAMxx::spa::init"                                        -      12288    12288 1.228800e+04   2.429261e+05    27.144 (  3185      0)    19.271 (  3923      0)
"a_i:EAMxx::p3::init"                                         -      12288    12288 1.228800e+04   6.923033e+03     0.742 (  6934      0)     0.046 (  6541      0)
"a_i:EAMxx::rrtmgp::init"                                     -      12288    12288 1.228800e+04   5.930980e+04     6.710 (  1372      0)     0.050 (    73      0)
"a_i:EAMxx::SurfaceCouplingExporter::init"                    -      12288    12288 1.228800e+04   1.210112e+02     0.131 (  4483      0)     0.002 ( 11945      0)
"a_i:EAMxx::initialize_output_managers"                       -      12288    12288 1.228800e+04   1.047585e+04     0.866 (  9984      0)     0.818 (    11      0)
"a_i:EAMxx::IO::standard"                                     -      12288    12288 1.228800e+04   7.318688e+03     0.754 (  1380      0)     0.511 ( 11073      0)
"a_i:EAMxx::IO::nooutput.yaml"                                -      12288    12288 1.228800e+04   7.318673e+03     0.754 (  1380      0)     0.511 ( 11073      0)
"a_i:EAMxx::IO::standard::get_new_file"                       -      12288    12288 1.228800e+04   7.307333e+03     0.744 (  5838      0)     0.511 ( 11073      0)
"a_i:PIO:PIOc_createfile"                                     -      12288    12288 1.228800e+04   2.518727e+03     0.354 (  5838      0)     0.120 ( 11073      0)
"a_i:PIO:write_total"                                         -      12288    12288 4.055040e+05   2.731043e+03     0.397 (  3684      0)     0.122 ( 11073      0)
"a_i:PIO:spio_put_att_tc"                                     -      12288    12288 3.686400e+05   6.132236e+00     0.061 ( 10812      0)     0.000 (  4526      0)
"a_i:PIO:spio_put_vars_tc"                                    -      12288    12288 1.228800e+04   2.034927e+02     0.040 (    36      0)     0.000 (  6233      0)
"a_i:PIO:flush_output_buffer"                                 -       1024     1024 2.048000e+03   6.468608e+00     0.038 (    12      0)     0.003 ( 11664      0)
"a_i:EAMxx::IO::standard::run_output_streams"                 -      12288    12288 1.228800e+04   2.173504e-03     0.000 (  1925      0)     0.000 (  7824      0)
"a_i:EAMxx::IO::standard::update_snapshot_tally"              -      12288    12288 1.228800e+04   1.129466e+01     0.011 (  3996      0)     0.000 (  1601      0)
"a_i:PIO:PIOc_sync"                                           -      12288    12288 1.228800e+04   2.705478e+00     0.003 (  9984      0)     0.000 (  9755      0)
"CPL:comp_init_cc_lnd"                                        -      12288    12288 1.228800e+04   2.281265e+06   185.651 (  5391      0)   185.648 (  8102      0)
"l_i:comp_init"                                               -      12288    12288 1.228800e+04   2.280783e+06   185.649 (     0      0)   185.602 (  2734      0)
"l_i:elm_init1"                                               -      12288    12288 1.228800e+04   6.088430e+05    49.609 (  4882      0)    49.508 (  1731      0)
"l_i:PIO:openfile"                                            -      12288    12288 2.826240e+05   3.073434e+04     3.478 (   121      0)     1.757 (  5199      0)
"l_i:PIO:pio_inq_dimid_file_dimid"                            -      12288    12288 7.618560e+05   1.884683e+02     0.049 ( 12024      0)     0.001 (    11      0)
"l_i:PIO:pio_inq_dimlen_file_dimid"                           -      12288    12288 4.423680e+06   1.308480e+02     0.026 (  4092      0)     0.006 (  7687      0)
"l_i:PIO:pio_inq_dimlen_file_dimid_offlen"                    -      12288    12288 4.423680e+06   1.299840e+02     0.026 (  4092      0)     0.006 (  6528      0)
"l_i:PIO:pio_inq_varid_file_vdesc"                            -      12288    12288 5.652480e+06   3.441097e+03     1.407 (  2324      0)     0.013 (     0      0)
"l_i:PIO:pio_inq_varid_file_vid"                              -      12288    12288 5.652480e+06   3.438778e+03     1.407 (  2324      0)     0.013 (     0      0)
"l_i:PIO:get_var_1d_int"                                      -      12288    12288 7.372800e+04   5.282484e+03     0.508 (  2311      0)     0.208 (     0      0)
"l_i:PIO:spio_get_vars_tc"                                    -      12288    12288 2.445312e+06   2.739177e+04     2.378 (  4068      0)     1.992 (     0      0)
"l_i:PIO:closefile"                                           -      12288    12288 2.457600e+05   2.095052e+02     0.688 (     0      0)     0.001 ( 10679      0)
"l_i:PIO:PIOc_closefile"                                      -      12288    12288 2.457600e+05   2.092818e+02     0.688 (     0      0)     0.001 ( 10679      0)
"l_i:PIO:pio_inq_varndims_file_vdesc"                         -      12288    12288 2.715648e+06   3.529359e+02     1.839 (  4095      0)     0.008 (  6707      0)
"l_i:PIO:pio_inq_varndims_file_vid"                           -      12288    12288 2.715648e+06   3.522446e+02     1.839 (  4095      0)     0.008 (  6707      0)
"l_i:PIO:pio_inq_vardimid_file_vdesc"                         -      12288    12288 2.715648e+06   3.783721e+02     0.041 (  5019      0)     0.018 (  6529      0)
"l_i:PIO:pio_inq_vardimid_file_vid"                           -      12288    12288 2.715648e+06   3.777795e+02     0.041 (  5019      0)     0.018 (  6528      0)
"l_i:PIO:pio_inq_dimname_file_dimid"                          -      12288    12288 9.768960e+06   4.140624e+02     0.043 (  4062      0)     0.019 (  6528      0)
"l_i:PIO:initdecomp"                                          -      12288    12288 3.194880e+05   1.702078e+05    14.029 (   443      0)    13.414 (  8124      0)
"l_i:PIO:PIOc_initdecomp"                                     -      12288    12288 3.194880e+05   1.701885e+05    14.028 (   443      0)    13.413 (  8124      0)
"l_i:PIO:box_rearrange_create"                                -      12288    12288 3.194880e+05   1.637493e+05    13.329 (     6      0)    13.324 (  8131      0)
"l_i:PIO:pio_swapm"                                           -      12288    12288 3.649536e+06   1.901943e+06   162.890 (  8938      0)    58.815 (   948      0)
"l_i:PIO:read_darray_1d_double"                               -      12288    12288 1.007616e+06   5.555596e+05    45.303 (  6611      0)    44.766 (  4093      0)
"l_i:PIO:PIOc_read_darray"                                    -      12288    12288 2.691072e+06   1.845372e+06   150.568 (  6504      0)   147.948 (  4093      0)
"l_i:PIO:read_darray_nc"                                      -      12288    12288 2.691072e+06   8.982726e+04   102.344 (   948      0)     0.000 (  2097      0)
"l_i:PIO:rearrange_io2comp"                                   -      12288    12288 2.691072e+06   1.754555e+06   150.505 (  6547      0)    47.406 (   948      0)
"l_i:PIO:pio_inquire_file"                                    -      12288    12288 3.538944e+06   1.204224e+02     0.036 (  9515      0)     0.005 (  6771      0)
"l_i:PIO:pio_inq_ndims_file"                                  -      12288    12288 3.538944e+06   1.188737e+02     0.035 (  9515      0)     0.005 (  6528      0)
"l_i:PIO:read_darray_1d_int"                                  -      12288    12288 8.601600e+04   5.276582e+04     4.314 (  8374      0)     4.245 (  2528      0)
"l_i:PIO:read_darray_3d_double"                               -      12288    12288 2.211840e+05   6.136533e+04     5.046 (  8496      0)     4.681 (  4093      0)
"l_i:PIO:read_darray_3d_int"                                  -      12288    12288 1.228800e+04   2.231084e+03     0.190 (  8679      0)     0.166 (  2165      0)
"l_i:PIO:read_darray_4d_double"                               -      12288    12288 1.720320e+05   2.395477e+05    19.519 ( 10848      0)    19.224 (  4093      0)
"l_i:PIO:get_var_1d_text"                                     -      12288    12288 2.457600e+04   9.329364e+01     0.047 (  5849      0)     0.003 ( 10020      0)
"l_i:PIO:get_var_1d_double"                                   -      12288    12288 1.769472e+06   1.056073e+03     0.107 (   938      0)     0.047 ( 11203      0)
"l_i:PIO:get_var_0d_double"                                   -      12288    12288 1.228800e+05   9.028623e+01     0.009 (  3540      0)     0.003 (     5      0)
"l_i:PIO:read_darray_2d_double"                               -      12288    12288 1.142784e+06   9.283551e+05    75.804 (  8931      0)    74.436 (  4093      0)
"l_i:PIO:read_darray_2d_int"                                  -      12288    12288 4.915200e+04   5.552605e+03     0.462 (  8367      0)     0.415 (  4093      0)
"l_i:gather_1darray_int_total"                                -      12288    12288 6.144000e+04   8.329653e+03     1.564 (     0      0)     0.414 (    44      0)
"l_i:scatter_1darray_int_total"                               -      12288    12288 6.144000e+04   2.249637e+04     2.045 (    36      0)     0.913 (     0      0)
"l_i:init_filters"                                            -      12288    12288 1.228800e+04   2.433803e+02     0.075 (  7851      0)     0.000 (   492      0)
"l_i:elm_init2"                                               -      12288    12288 1.228800e+04   1.665082e+06   135.555 (     0      0)   135.490 (  2694      0)
"l_i:init_orbd"                                               -      12288    12288 1.228800e+04   4.274262e+01     0.047 (  1873      0)     0.000 (  8427      0)
"l_i:PIO:get_var_0d_int"                                      -      12288    12288 2.580480e+05   2.147972e+04     1.899 (  4072      0)     1.733 (  6298      0)
"l_i:PIO:get_var_2d_double"                                   -      12288    12288 1.474560e+05   3.346082e+02     0.030 (    35      0)     0.025 (  9149      0)
"l_i:PIO:get_var_3d_double"                                   -      12288    12288 4.915200e+04   5.720661e+01     0.007 (  4955      0)     0.003 ( 11840      0)
"l_i:init_accflds"                                            -      12288    12288 1.228800e+04   7.246474e+00     0.001 (  8132      0)     0.000 (  2925      0)
"l_i:init_dyn_subgrid"                                        -      12288    12288 1.228800e+04   1.408696e+02     0.030 (  4562      0)     0.001 (  7825      0)
"l_i:subgridRest_write-read"                                  -      12288    12288 1.228800e+04   2.102082e+05    17.122 (  8124      0)    17.091 (  2325      0)
"l_i:init_map2gc"                                             -      12288    12288 1.228800e+04   5.063291e+00     0.001 (  8125      0)     0.000 (  6303      0)
"l_i:init_elm_interface_data & pflotran"                      -      12288    12288 1.228800e+04   2.463351e-03     0.000 (  6145      0)     0.000 (  9708      0)
"l_i:init_wlog"                                               -      12288    12288 1.228800e+04   3.341944e-03     0.000 (     0      0)     0.000 ( 11928      0)
"l_i:elm_init3"                                               -      12288    12288 1.228800e+04   1.789129e-02     0.000 (  5108      0)     0.000 (   662      0)
"CPL:comp_init_cc_rof"                                        -      12288    12288 1.228800e+04   1.529825e+01     0.004 (  6732      0)     0.001 (    10      0)
"r_i:comp_init"                                               -      12288    12288 1.228800e+04   8.608396e-01     0.000 (  6288      0)     0.000 (     0      0)
"CPL:comp_init_cc_ocn"                                        -      12288    12288 1.228800e+04   5.482855e+05    44.627 ( 12284      0)    44.597 (   161      0)
"o_i:comp_init"                                               -      12288    12288 1.228800e+04   5.481148e+05    44.626 ( 12176      0)    44.549 ( 10301      0)
"o_i:docn_readnml"                                            -      12288    12288 1.228800e+04   9.337186e+03     0.803 (  7918      0)     0.706 (  4476      0)
"o_i:DOCN_INIT"                                               -      12288    12288 1.228800e+04   5.385031e+05    43.877 (  8161      0)    43.766 (  1341      0)
"o_i:docn_strdata_init"                                       -      12288    12288 1.228800e+04   5.117028e+05    41.736 (  4488      0)    41.532 (   727      0)
"o_i:PIO:initdecomp"                                          -      12288    12288 3.686400e+04   1.326740e+04     1.110 (     1      0)     1.047 (     0      0)
"o_i:PIO:PIOc_initdecomp"                                     -      12288    12288 3.686400e+04   1.326728e+04     1.110 (     1      0)     1.047 (     0      0)
"o_i:PIO:box_rearrange_create"                                -      12288    12288 3.686400e+04   1.285108e+04     1.046 (     9      0)     1.045 (  7067      0)
"o_i:PIO:pio_swapm"                                           -      12288    12288 1.351680e+05   1.289275e+04     1.178 ( 11690      0)     0.854 (     0      0)
"o_i:docn_initgsmaps"                                         -      12288    12288 1.228800e+04   7.370355e+00     0.001 (  8128      0)     0.001 ( 10646      0)
"o_i:docn_initmctdom"                                         -      12288    12288 1.228800e+04   1.984894e+00     0.000 (  9253      0)     0.000 (  8771      0)
"o_i:docn_initmctavs"                                         -      12288    12288 1.228800e+04   1.723204e+00     0.000 (  3267      0)     0.000 (  3658      0)
"o_i:DOCN_RUN"                                                -      12288    12288 1.228800e+04   2.678900e+04     2.287 (  8760      0)     2.098 (  7612      0)
"o_i:docn_run1"                                               -      12288    12288 1.228800e+04   1.014916e-02     0.000 (   872      0)     0.000 (  5552      0)
"o_i:docn"                                                    -      12288    12288 1.228800e+04   2.678896e+04     2.287 (  8760      0)     2.098 (  7612      0)
"o_i:docn_strdata_advance"                                    -      12288    12288 1.228800e+04   2.678659e+04     2.287 (  8760      0)     2.098 (  7612      0)
"o_i:docn_strd_adv_total"                                     -      12288    12288 1.228800e+04   2.678656e+04     2.287 (  8760      0)     2.098 (  7612      0)
"o_i:docn_strd_adv_readLBUB"                                  -      12288    12288 1.228800e+04   2.624773e+04     2.244 (  2795      0)     2.061 (  1470      0)
"o_i:docn_readLBUB_setup"                                     -      12288    12288 1.228800e+04   3.685124e-03     0.000 (  2276      0)     0.000 (   722      0)
"o_i:docn_readLBUB_fbound"                                    -      12288    12288 1.228800e+04   1.869766e+00     1.868 (     0      0)     0.000 (  2657      0)
"o_i:docn_readLBUB_bcast"                                     -      12288    12288 1.228800e+04   2.281360e+04     1.950 (  1200      0)     0.000 (     0      0)
"o_i:docn_readLBUB_LB_setup"                                  -      12288    12288 1.228800e+04   2.455310e-03     0.000 (     0      0)     0.000 (   576      0)
"o_i:docn_readLBUB_LB_readpio"                                -      12288    12288 1.228800e+04   2.170119e+03     0.262 (  8160      0)     0.151 (     1      0)
"o_i:PIO:openfile"                                            -      12288    12288 1.228800e+04   1.746118e+03     0.147 ( 11280      0)     0.108 (  2666      0)
"o_i:PIO:pio_inq_varid_file_vdesc"                            -      12288    12288 4.915200e+04   2.180255e+00     0.000 ( 10540      0)     0.000 ( 11519      0)
"o_i:PIO:pio_inq_varid_file_vid"                              -      12288    12288 4.915200e+04   2.157418e+00     0.000 ( 10540      0)     0.000 ( 11519      0)
"o_i:PIO:pio_inq_varndims_file_vdesc"                         -      12288    12288 2.457600e+04   1.463504e+01     0.051 ( 11509      0)     0.000 (     0      0)
"o_i:PIO:pio_inq_varndims_file_vid"                           -      12288    12288 2.457600e+04   1.461897e+01     0.051 ( 11509      0)     0.000 (     0      0)
"o_i:PIO:pio_inq_vardimid_file_vdesc"                         -      12288    12288 2.457600e+04   4.346436e+00     0.000 (  5416      0)     0.000 (     3      0)
"o_i:PIO:pio_inq_vardimid_file_vid"                           -      12288    12288 2.457600e+04   4.333026e+00     0.000 (  5416      0)     0.000 (     0      0)
"o_i:PIO:pio_inq_dimlen_file_dimid"                           -      12288    12288 7.372800e+04   2.658305e+00     0.000 (  3589      0)     0.000 (     1      0)
"o_i:PIO:pio_inq_dimlen_file_dimid_offlen"                    -      12288    12288 7.372800e+04   2.635108e+00     0.000 (  7211      0)     0.000 (     1      0)
"o_i:PIO:pio_inq_vartype_file_vdesc"                          -      12288    12288 2.457600e+04   2.140991e+00     0.000 (  4932      0)     0.000 (     4      0)
"o_i:PIO:pio_inq_vartype_file_vid"                            -      12288    12288 2.457600e+04   2.127385e+00     0.000 (  4943      0)     0.000 (     4      0)
"o_i:PIO:read_darray_1d_real"                                 -      12288    12288 2.457600e+04   1.061687e+03     0.148 (   276      0)     0.012 (  4144      0)
"o_i:PIO:PIOc_read_darray"                                    -      12288    12288 2.457600e+04   1.061609e+03     0.148 (   276      0)     0.012 (  4144      0)
"o_i:PIO:read_darray_nc"                                      -      12288    12288 2.457600e+04   7.236310e+01     0.146 (   276      0)     0.000 (  2627      0)
"o_i:PIO:rearrange_io2comp"                                   -      12288    12288 2.457600e+04   9.823934e+02     0.147 (   389      0)     0.001 (    12      0)
"o_i:docn_readLBUB_UB_setup"                                  -      12288    12288 1.228800e+04   7.212540e-03     0.000 (     0      0)     0.000 (  7909      0)
"o_i:docn_readLBUB_UB_readpio"                                -      12288    12288 1.228800e+04   1.260797e+03     0.169 (  2767      0)     0.011 ( 11551      0)
"o_i:docn_readLBUB_filemgt"                                   -      12288    12288 1.228800e+04   2.619730e-03     0.000 (  1764      0)     0.000 (  8906      0)
"o_i:docn_strd_adv_fill"                                      -      12288    12288 1.228800e+04   2.493759e+00     0.001 (   663      0)     0.000 (  4142      0)
"o_i:docn_strd_adv_map"                                       -      12288    12288 1.228800e+04   4.672466e+02     0.064 ( 10420      0)     0.000 ( 10305      0)
"o_i:docn_strd_adv_tint"                                      -      12288    12288 1.228800e+04   6.892737e+01     0.019 (  1191      0)     0.000 (  5105      0)
"o_i:docn_scatter"                                            -      12288    12288 1.228800e+04   1.584458e+00     0.000 (  4468      0)     0.000 (   623      0)
"o_i:docn_datamode"                                           -      12288    12288 1.228800e+04   3.400276e-01     0.000 (   870      0)     0.000 (  1224      0)
"o_i:docn_run2"                                               -      12288    12288 1.228800e+04   1.888546e-03     0.000 (  8629      0)     0.000 (  3012      0)
"CPL:comp_init_cc_ice"                                        -      12288    12288 1.228800e+04   8.310960e+05    67.688 (  7518      0)    67.605 (    18      0)
"i_i:comp_init"                                               -      12288    12288 1.228800e+04   8.258139e+05    67.651 (   314      0)    66.113 (  6016      0)
"i_i:cice_init"                                               -      12288    12288 1.228800e+04   1.941011e+05    15.820 (   179      0)    15.788 ( 12229      0)
"i_i:ice_HaloUpdate2DR8"                                      -      12288    12288 4.915200e+04   6.514974e+02     1.516 ( 11004      0)     0.000 (  8461      0)
"i_i:ice_HU2DR8_init"                                         -      12288    12288 4.915200e+04   2.840793e-02     0.000 (  2423      0)     0.000 (  8474      0)
"i_i:state_bound_h1"                                          -      12288    12288 1.228800e+04   1.893828e+00     0.002 (   180      0)     0.000 (  5341      0)
"i_i:ice_HaloUpdate3DR8"                                      -      12288    12288 6.144000e+04   2.361291e+00     0.002 (   180      0)     0.000 (  9976      0)
"i_i:ice_HU3DR8_init"                                         -      12288    12288 6.144000e+04   8.563380e-02     0.000 ( 11468      0)     0.000 (  7874      0)
"i_i:ice_HU3DR8_recvall"                                      -      12288    12288 6.144000e+04   1.102924e+00     0.001 (   180      0)     0.000 (  9307      0)
"i_i:state_bound_hm"                                          -      12288    12288 1.228800e+04   8.498809e-02     0.000 (  3413      0)     0.000 ( 12227      0)
"i_i:state_bound_hc"                                          -      12288    12288 1.228800e+04   1.564690e-01     0.000 (  2224      0)     0.000 (  4313      0)
"i_i:state_bound_h2"                                          -      12288    12288 1.228800e+04   1.426977e+00     0.000 (  8861      0)     0.000 (  9147      0)
"i_i:ice_HaloUpdate4DR8"                                      -      12288    12288 1.228800e+04   7.414957e-01     0.000 (  8861      0)     0.000 (  9147      0)
"i_i:ice_HU4DR8_init"                                         -      12288    12288 1.228800e+04   1.258073e-01     0.000 (   147      0)     0.000 (  8174      0)
"i_i:ice_HU4DR8_recvall"                                      -      12288    12288 1.228800e+04   1.724671e-02     0.000 (  8861      0)     0.000 ( 10748      0)
"i_i:state_bound_hd"                                          -      12288    12288 1.228800e+04   8.497739e-02     0.000 ( 10981      0)     0.000 (  6204      0)
"i_i:cice_mct_init"                                           -      12288    12288 1.228800e+04   6.317050e+05    51.841 (  6191      0)    50.321 (   250      0)
"i_i:PIO:initdecomp"                                          -      12288    12288 3.686400e+04   1.356137e+04     1.710 (     1      0)     1.057 (     0      0)
"i_i:PIO:PIOc_initdecomp"                                     -      12288    12288 3.686400e+04   1.356122e+04     1.710 (     1      0)     1.057 (     0      0)
"i_i:PIO:box_rearrange_create"                                -      12288    12288 3.686400e+04   1.297370e+04     1.056 (     5      0)     1.056 ( 12175      0)
"i_i:PIO:pio_swapm"                                           -      12288    12288 1.105920e+05   1.203044e+04     1.052 (  5724      0)     0.854 (  3626      0)
"CPL:comp_init_cc_glc"                                        -      12288    12288 1.228800e+04   1.473890e+01     0.001 (  6900      0)     0.001 (  9875      0)
"g_i:comp_init"                                               -      12288    12288 1.228800e+04   1.731660e-02     0.000 ( 10407      0)     0.000 (   828      0)
"CPL:comp_init_cc_wav"                                        -      12288    12288 1.228800e+04   1.357905e+01     0.004 ( 11576      0)     0.001 ( 11760      0)
"w_i:comp_init"                                               -      12288    12288 1.228800e+04   5.732211e-03     0.000 ( 10877      0)     0.000 (  9989      0)
"CPL:comp_init_cc_esp"                                        -      12288    12288 1.228800e+04   1.037753e+01     0.001 ( 11568      0)     0.000 (  7609      0)
"e_i:comp_init"                                               -      12288    12288 1.228800e+04   8.455977e-03     0.000 (  7914      0)     0.000 (  6204      0)
"CPL:comp_init_cc_iac"                                        -      12288    12288 1.228800e+04   1.387885e+01     0.001 (  4189      0)     0.001 ( 11704      0)
"z_i:comp_init"                                               -      12288    12288 1.228800e+04   5.559702e-03     0.000 ( 10524      0)     0.000 (  2796      0)
"CPL:comp_init_cx_all"                                        -      12288    12288 1.228800e+04   4.808575e+03     0.421 (     4      0)     0.337 (  7522      0)
"CPL:comp_list_all"                                           -      12288    12288 1.228800e+04   4.622260e-02     0.000 (  2864      0)     0.000 (  9787      0)
"CPL:init_maps"                                               -      12288    12288 1.228800e+04   3.112020e+02     0.042 (  8124      0)     0.024 (   435      0)
"CPL:init_aream"                                              -      12288    12288 1.228800e+04   3.776307e+01     0.018 (  8119      0)     0.000 ( 10105      0)
"CPL:init_domain_check"                                       -      12288    12288 1.228800e+04   6.921208e+03     0.567 (     5      0)     0.550 (  8124      0)
"CPL:init_areacor"                                            -      12288    12288 1.228800e+04   8.596774e+02     0.070 (   228      0)     0.070 (  9243      0)
"CPL:init_fracs"                                              -      12288    12288 1.228800e+04   2.204594e+01     0.004 (     3      0)     0.001 (  5896      0)
"CPL:init_aoflux"                                             -      12288    12288 1.228800e+04   2.792845e+00     0.000 (  7704      0)     0.000 ( 10160      0)
"CPL:init_atminit"                                            -      12288    12288 7.372800e+04   4.638306e+01     0.008 ( 12183      0)     0.002 (  7296      0)
"CPL:comp_init_cc_atm2"                                       -      12288    12288 1.228800e+04   6.614355e+01     0.008 (  5965      0)     0.002 ( 12180      0)
"CPL:init_readrestart"                                        -      12288    12288 1.228800e+04   1.670851e+00     0.000 (  8129      0)     0.000 (  6996      0)
"CPL:cime_run_init"                                           -      12288    12288 1.228800e+04   1.761988e+00     0.007 (     0      0)     0.000 ( 11023      0)
"CPL:INIT_sync1_tprf"                                         -      12288    12288 1.228800e+04   7.988055e+01     0.007 (     6      0)     0.000 (     0      0)
"CPL:INIT_t_prf"                                              -      12288    12288 1.228800e+04   2.065426e+02     0.087 (     0      0)     0.000 (  5321      0)
"CPL:INIT_sync2_tprf"                                         -      12288    12288 1.228800e+04   8.607002e+02     0.087 (   965      0)     0.000 (     0      0)
"CPL:RUN_LOOP_BSTART"                                         -      12288    12288 1.228800e+04   5.562595e-01     0.000 (  3496      0)     0.000 ( 12265      0)
"CPL:RUN_LOOP"                                                -      12288    12288 5.308416e+06   4.112247e+06   334.658 (  9769      0)   334.651 (     3      0)
"CPL:CLOCK_ADVANCE"                                           -      12288    12288 5.308416e+06   5.804304e+02     0.055 (  1855      0)     0.044 (  7114      0)
"CPL:RUN"                                                     -      12288    12288 6.368870e+07   4.766110e+04     7.643 ( 12174      0)     2.228 ( 10471      0)
"CPL:OCNPRE1"                                                 -      12288    12288 5.308416e+06   5.368419e+03     2.357 ( 12174      0)     0.193 (  5899      0)
"CPL:ocnpre1_atm2ocn"                                         -      12288    12288 5.308416e+06   5.361323e+03     2.357 ( 12174      0)     0.193 (  5899      0)
"CPL:LNDPREP"                                                 -      12288    12288 5.308416e+06   8.513115e+02     0.142 ( 11842      0)     0.041 ( 10143      0)
"CPL:lndprep_atm2lnd"                                         -      12288    12288 5.308416e+06   6.244085e+02     0.121 ( 11842      0)     0.033 (    44      0)
"CPL:lndprep_mrgx2l"                                          -      12288    12288 5.308416e+06   2.153190e+02     0.026 ( 10879      0)     0.003 (  8490      0)
"CPL:COMM"                                                    -      12288    12288 3.714662e+07   1.635212e+05    21.808 (  6202      0)     5.323 (  1503      0)
"CPL:C2L"                                                     -      12288    12288 5.308416e+06   4.358663e+03     0.418 (  9912      0)     0.208 (    10      0)
"CPL:c2l_lndx2lndl"                                           -      12288    12288 5.308416e+06   2.181928e+03     0.230 (  9289      0)     0.104 (  7460      0)
"CPL:c2l_infoexch"                                            -      12288    12288 5.308416e+06   2.167680e+03     0.296 (  9921      0)     0.015 (     6      0)
"CPL:ICEPREP"                                                 -      12288    12288 5.308416e+06   1.663027e+03     0.165 (  3267      0)     0.128 ( 12251      0)
"CPL:iceprep_ocn2ice"                                         -      12288    12288 5.308416e+06   3.241285e+02     0.034 (  9441      0)     0.024 ( 10546      0)
"CPL:iceprep_atm2ice"                                         -      12288    12288 5.308416e+06   5.104766e+02     0.055 (  3266      0)     0.038 (  8492      0)
"CPL:iceprep_mrgx2i"                                          -      12288    12288 5.308416e+06   8.026175e+02     0.078 (  3275      0)     0.062 (  1988      0)
"CPL:C2I"                                                     -      12288    12288 5.308416e+06   1.389569e+03     0.140 (  6550      0)     0.074 (     1      0)
"CPL:c2i_icex2icei"                                           -      12288    12288 5.308416e+06   5.498249e+02     0.059 (  3264      0)     0.042 (  2023      0)
"CPL:ice_infoexch"                                            -      12288    12288 5.308416e+06   8.328194e+02     0.097 (  6550      0)     0.028 (     1      0)
"CPL:ICE_RUN"                                                 -      12288    12288 5.308416e+06   3.838153e+04     3.880 (  9804      0)     2.843 ( 11741      0)
"i:cice_run_total"                                            -      12288    12288 5.308416e+06   3.495525e+04     3.657 (  9804      0)     2.679 ( 11757      0)
"i:cice_run_import"                                           -      12288    12288 5.308416e+06   2.135114e+03     0.222 ( 10470      0)     0.163 ( 12263      0)
"i:cice_imp_ocn"                                              -      12288    12288 5.308416e+06   2.035156e+02     0.028 (  7498      0)     0.015 (  1815      0)
"i:cice_imp_atm"                                              -      12288    12288 5.308416e+06   2.144465e+02     0.028 (  7498      0)     0.016 (  2025      0)
"i:cice_run_initmd"                                           -      12288    12288 5.308416e+06   1.229849e+04     1.202 (     4      0)     0.916 ( 10470      0)
"i:cice_run_presc"                                            -      12288    12288 5.308416e+06   8.404533e+03     0.710 (  9768      0)     0.586 ( 10285      0)
"i:cice_pice_strd_adv_total"                                  -      12288    12288 5.308416e+06   6.072203e+03     0.510 ( 12098      0)     0.411 ( 10305      0)
"i:cice_pice_strd_adv_readLBUB"                               -      12288    12288 5.308416e+06   5.106875e+03     0.472 (  2088      0)     0.375 (     3      0)
"i:cice_pice_readLBUB_setup"                                  -      12288    12288 5.308416e+06   1.605379e+00     0.000 ( 10276      0)     0.000 (  2787      0)
"i:cice_pice_readLBUB_fbound"                                 -      12288    12288 2.457600e+04   2.694219e-01     0.267 (     0      0)     0.000 (  5988      0)
"i:cice_pice_readLBUB_bcast"                                  -      12288    12288 2.457600e+04   3.278794e+03     0.267 (  4065      0)     0.000 (     0      0)
"i:cice_pice_readLBUB_LB_setup"                               -      12288    12288 1.228800e+04   3.840413e-03     0.000 (     0      0)     0.000 ( 11059      0)
"i:cice_pice_readLBUB_LB_readpio"                             -      12288    12288 1.228800e+04   5.107715e+02     0.103 (    24      0)     0.018 (     1      0)
"i:PIO:openfile"                                              -      12288    12288 1.228800e+04   1.957978e+02     0.017 ( 11436      0)     0.016 (     0      0)
"i:PIO:pio_inq_varid_file_vdesc"                              -      12288    12288 7.372800e+04   3.798670e+00     0.000 ( 11113      0)     0.000 (     0      0)
"i:PIO:pio_inq_varid_file_vid"                                -      12288    12288 7.372800e+04   3.767863e+00     0.000 ( 11113      0)     0.000 (     0      0)
"i:PIO:pio_inq_varndims_file_vdesc"                           -      12288    12288 3.686400e+04   3.062898e+00     0.000 (  7270      0)     0.000 (     1      0)
"i:PIO:pio_inq_varndims_file_vid"                             -      12288    12288 3.686400e+04   3.042911e+00     0.000 (  7270      0)     0.000 (     3      0)
"i:PIO:pio_inq_vardimid_file_vdesc"                           -      12288    12288 3.686400e+04   6.735525e+00     0.001 (  7266      0)     0.000 (     0      0)
"i:PIO:pio_inq_vardimid_file_vid"                             -      12288    12288 3.686400e+04   6.719097e+00     0.001 (  7266      0)     0.000 (     0      0)
"i:PIO:pio_inq_dimlen_file_dimid"                             -      12288    12288 1.105920e+05   4.126697e+00     0.000 (  6380      0)     0.000 (     3      0)
"i:PIO:pio_inq_dimlen_file_dimid_offlen"                      -      12288    12288 1.105920e+05   4.095262e+00     0.000 (  6380      0)     0.000 (     3      0)
"i:PIO:pio_inq_vartype_file_vdesc"                            -      12288    12288 3.686400e+04   3.313846e+00     0.000 (  7602      0)     0.000 (     4      0)
"i:PIO:pio_inq_vartype_file_vid"                              -      12288    12288 3.686400e+04   3.296320e+00     0.000 (  7602      0)     0.000 (     4      0)
"i:PIO:read_darray_1d_real"                                   -      12288    12288 3.686400e+04   8.339431e+02     0.170 (  2088      0)     0.013 (    13      0)
"i:PIO:PIOc_read_darray"                                      -      12288    12288 3.686400e+04   8.338575e+02     0.170 (  2088      0)     0.013 (    13      0)
"i:PIO:read_darray_nc"                                        -      12288    12288 3.686400e+04   4.785842e+01     0.150 (    24      0)     0.000 (  6846      0)
"i:PIO:rearrange_io2comp"                                     -      12288    12288 3.686400e+04   7.784109e+02     0.151 (    50      0)     0.001 (     0      0)
"i:PIO:pio_swapm"                                             -      12288    12288 3.686400e+04   7.767602e+02     0.151 (    50      0)     0.001 (     0      0)
"i:cice_pice_readLBUB_UB_setup"                               -      12288    12288 2.457600e+04   9.759854e-03     0.000 (     0      0)     0.000 ( 12259      0)
"i:cice_pice_readLBUB_UB_readpio"                             -      12288    12288 2.457600e+04   1.299776e+03     0.159 (  2070      0)     0.044 (  6100      0)
"i:cice_pice_readLBUB_filemgt"                                -      12288    12288 5.308416e+06   1.090130e+00     0.000 (  8501      0)     0.000 (   135      0)
"i:cice_pice_strd_adv_map"                                    -      12288    12288 2.457600e+04   8.637661e+02     0.110 (  8081      0)     0.000 (  1239      0)
"i:cice_pice_strd_adv_tint"                                   -      12288    12288 5.308416e+06   7.979230e+01     0.008 (  9440      0)     0.006 (  7415      0)
"i:cice_run_initflux"                                         -      12288    12288 5.308416e+06   9.946308e+01     0.010 (  9594      0)     0.008 (  2021      0)
"i:cice_run_prepradiation"                                    -      12288    12288 5.308416e+06   8.595381e+01     0.013 (  9675      0)     0.006 (  7126      0)
"i:cice_run_therm1"                                           -      12288    12288 5.308416e+06   3.119731e+03     0.568 (  9720      0)     0.217 ( 10294      0)
"i:cice_run_dyn"                                              -      12288    12288 5.308416e+06   3.301031e-01     0.000 (  2457      0)     0.000 ( 11712      0)
"i:cice_run_radiation"                                        -      12288    12288 5.308416e+06   2.020407e+03     0.777 (  9851      0)     0.112 ( 11330      0)
"i:cice_step_radiationib"                                     -      12288    12288 5.308416e+06   1.799601e+03     0.759 (  9851      0)     0.095 ( 11330      0)
"i:cice_step_rib_swdedd1"                                     -      12288    12288 5.308416e+06   1.774347e+02     0.027 (  5755      0)     0.005 ( 11749      0)
"i:cice_step_rib_swdedd2"                                     -      12288    12288 5.308416e+06   1.405913e+02     0.013 ( 11340      0)     0.011 (  6972      0)
"i:cice_step_rib_swdedd7"                                     -      12288    12288 5.308416e+06   1.369256e+03     0.720 (  9851      0)     0.063 ( 11308      0)
"i:cice_run_couplingprep"                                     -      12288    12288 5.308416e+06   1.731009e+03     0.750 (  9372      0)     0.103 (  9811      0)
"i:ice_HaloUpdate2DR8"                                        -      12288    12288 5.308416e+06   4.621606e+02     0.648 (  9372      0)     0.005 ( 10994      0)
"i:ice_HU2DR8_init"                                           -      12288    12288 5.308416e+06   4.342176e+00     0.001 (  3874      0)     0.000 ( 10979      0)
"i:cice_run_diag"                                             -      12288    12288 5.308416e+06   2.852957e+03     0.262 (  1018      0)     0.186 (  9816      0)
"i:cice_run_hist"                                             -      12288    12288 5.308416e+06   1.370651e+03     0.141 (  3265      0)     0.085 (  1283      0)
"i:cice_run_accum"                                            -      12288    12288 5.308416e+06   4.056366e+01     0.004 (  5095      0)     0.003 (  6493      0)
"i:cice_run_export"                                           -      12288    12288 5.308416e+06   6.937125e+02     0.070 (  3268      0)     0.052 (  8579      0)
"CPL:LND_RUN"                                                 -      12288    12288 5.308416e+06   3.469086e+05    33.394 (  1306      0)    23.379 ( 12104      0)
"l:lc_lnd_import"                                             -      12288    12288 5.308416e+06   7.314900e+02     0.104 (  2151      0)     0.042 ( 11111      0)
"l:elm_run"                                                   -      12288    12288 5.320704e+06   3.451293e+05    33.260 (  1306      0)    23.206 ( 12104      0)
"l:shr_orb_decl"                                              -      12288    12288 5.320704e+06   5.265844e+00     0.001 (  5762      0)     0.000 (  9386      0)
"l:decomp_vert"                                               -      12288    12288 5.320704e+06   5.184489e+01     0.007 ( 10755      0)     0.002 (  9840      0)
"l:beggridwbal"                                               -      12288    12288 5.320704e+06   1.559779e+03     0.164 (  1306      0)     0.104 (  6882      0)
"l:cnpinit"                                                   -      12288    12288 5.320704e+06   4.239947e+00     0.001 (  6429      0)     0.000 (  5803      0)
"l:cnpvegsumm"                                                -      12288    12288 5.320704e+06   7.238732e-01     0.000 (  2583      0)     0.000 (  5963      0)
"l:dyn_subgrid"                                               -      12288    12288 5.320704e+06   9.699206e+03     0.960 (  1306      0)     0.681 (  6625      0)
"l:begwbal"                                                   -      12288    12288 5.320704e+06   1.835164e+02     0.025 (  1538      0)     0.009 (  6625      0)
"l:begcnpbal"                                                 -      12288    12288 5.320704e+06   4.153139e-01     0.000 (  7007      0)     0.000 (  8872      0)
"l:drvinit"                                                   -      12288    12288 5.320704e+06   9.309545e+02     0.092 (  1306      0)     0.067 (  9305      0)
"l:canhydro"                                                  -      12288    12288 5.320704e+06   1.839224e+03     0.389 (  7286      0)     0.104 (  6625      0)
"l:surfrad"                                                   -      12288    12288 5.320704e+06   3.420212e+03     0.327 (   312      0)     0.237 (  8042      0)
"l:bgp1"                                                      -      12288    12288 5.320704e+06   1.982498e+03     0.251 (  1306      0)     0.120 (  6094      0)
"l:bgflux"                                                    -      12288    12288 5.320704e+06   2.603378e+03     0.369 ( 11865      0)     0.133 (  3655      0)
"l:canflux"                                                   -      12288    12288 5.320704e+06   1.014263e+05    12.269 ( 10069      0)     4.991 (  6202      0)
"l:can_iter"                                                  -      12288    12288 5.320704e+06   8.301366e+04    10.558 ( 10069      0)     3.760 (  6202      0)
"l:uflux"                                                     -      12288    12288 5.320704e+06   2.782409e+03     0.451 (   201      0)     0.035 (  9305      0)
"l:bgplake"                                                   -      12288    12288 5.320704e+06   8.069313e+03     0.971 (  5027      0)     0.400 (  6413      0)
"l:bgc"                                                       -      12288    12288 5.320704e+06   6.079974e+03     0.748 (  5387      0)     0.357 (  2381      0)
"l:soiltemperature"                                           -      12288    12288 5.320704e+06   6.573377e+04     6.568 (  1306      0)     4.459 (  4266      0)
"l:SoilThermProp"                                             -      12288    12288 5.320704e+06   3.282688e+03     0.420 (  1306      0)     0.183 (  6625      0)
"l:SoilTempBandDiag"                                          -      12288    12288 1.064141e+07   6.229019e+03     0.932 (  1691      0)     0.339 (   348      0)
"l:PhaseChangeH2osfc"                                         -      12288    12288 5.320704e+06   3.425298e+01     0.005 (  1306      0)     0.001 (  9841      0)
"l:PhaseChangebeta"                                           -      12288    12288 5.320704e+06   1.232221e+03     0.182 (  1306      0)     0.049 (  9841      0)
"l:bgp2"                                                      -      12288    12288 5.320704e+06   2.669275e+03     0.302 (  1306      0)     0.162 (  6625      0)
"l:bgp2_loop_1"                                               -      12288    12288 5.320704e+06   4.692191e+02     0.055 (  1306      0)     0.029 (  8042      0)
"l:bgp2_loop_2"                                               -      12288    12288 5.320704e+06   8.161356e+02     0.090 (  1306      0)     0.052 (  8042      0)
"l:bgp2_loop_3"                                               -      12288    12288 5.320704e+06   1.068963e+03     0.123 (  1306      0)     0.057 (  6625      0)
"l:bgp2_loop_4"                                               -      12288    12288 5.320704e+06   2.885584e+02     0.031 (  1306      0)     0.018 (  9065      0)
"l:patch2col"                                                 -      12288    12288 5.320704e+06   1.400352e+03     0.171 (  1306      0)     0.091 (  6094      0)
"l:hydro without drainage"                                    -      12288    12288 5.320704e+06   2.152277e+04     2.495 (  1306      0)     1.311 (  7470      0)
"l:hylake"                                                    -      12288    12288 5.320704e+06   1.936713e+03     0.382 (   821      0)     0.120 (  3467      0)
"l:snow_init"                                                 -      12288    12288 5.320704e+06   1.568277e+02     0.036 (  2370      0)     0.005 (  7352      0)
"l:ecosysdyn"                                                 -      12288    12288 5.320704e+06   5.141514e+02     0.053 (  1306      0)     0.034 (  8042      0)
"l:depvel"                                                    -      12288    12288 1.064141e+07   5.121748e+00     0.001 (   861      0)     0.000 (  7003      0)
"l:hydro2 drainage"                                           -      12288    12288 5.320704e+06   1.496495e+03     0.185 (  1538      0)     0.082 (  7470      0)
"l:balchk"                                                    -      12288    12288 5.320704e+06   1.718350e+03     0.163 (  1306      0)     0.121 (  9305      0)
"l:gridbalchk"                                                -      12288    12288 5.320704e+06   1.063892e+03     0.100 (   860      0)     0.075 (  4266      0)
"l:lnd2atm"                                                   -      12288    12288 5.320704e+06   7.841140e+03     0.749 (  1306      0)     0.562 (  4266      0)
"l:wrtdiag"                                                   -      12288    12288 5.320704e+06   5.703332e+01     0.016 (     0      0)     0.004 (  1886      0)
"l:hbuf"                                                      -      12288    12288 5.320704e+06   2.951180e+04     2.818 (  1306      0)     2.128 (  4266      0)
"l:elm_drv_io"                                                -      12288    12288 5.320704e+06   1.683503e+01     0.002 (  6299      0)     0.001 (   965      0)
"l:elm_drv_io_htapes"                                         -      12288    12288 5.320704e+06   1.387942e+01     0.002 (  2114      0)     0.001 (  6702      0)
"l:lc_lnd_export"                                             -      12288    12288 5.320704e+06   2.615163e+02     0.024 (  5430      0)     0.020 (  3298      0)
"l:lc_elm2_adv_timestep"                                      -      12288    12288 5.320704e+06   3.691568e+00     0.001 (  1448      0)     0.000 (   312      0)
"l:accum"                                                     -      12288    12288 5.308416e+06   5.682524e+03     0.526 (  1299      0)     0.434 (  3142      0)
"CPL:ATMOCNP"                                                 -      12288    12288 5.308416e+06   4.633582e+03     0.606 (  6788      0)     0.086 (  1255      0)
"CPL:atmocnp_fluxo"                                           -      12288    12288 5.308416e+06   3.977906e+03     0.567 (  6788      0)     0.024 ( 11827      0)
"CPL:atmocnp_ocnalb"                                          -      12288    12288 5.308416e+06   6.410495e+02     0.079 ( 10439      0)     0.037 (  7184      0)
"CPL:L2C"                                                     -      12288    12288 5.308416e+06   2.600394e+04     4.571 (     0      0)     0.430 (  1306      0)
"CPL:l2c_lndl2lndx"                                           -      12288    12288 5.308416e+06   2.598171e+04     4.570 (     0      0)     0.428 (  1306      0)
"lnd2cpl_run"                                                 -      12288    12288 5.308416e+06   1.368140e+01     0.001 (  9980      0)     0.001 ( 11276      0)
"CPL:LNDPOST"                                                 -      12288    12288 5.308416e+06   4.512583e+00     0.000 (  3269      0)     0.000 (  9696      0)
"CPL:I2C"                                                     -      12288    12288 5.308416e+06   5.790100e+02     0.058 (  3273      0)     0.044 (  5794      0)
"CPL:i2c_icei2icex"                                           -      12288    12288 5.308416e+06   5.629239e+02     0.056 (  3273      0)     0.043 (  5794      0)
"CPL:i2c_infoexch"                                            -      12288    12288 5.308416e+06   7.405296e+00     0.001 (  8413      0)     0.000 (  6379      0)
"CPL:ICEPOST"                                                 -      12288    12288 5.308416e+06   5.696448e-01     0.000 (  4601      0)     0.000 (  8722      0)
"CPL:FRACSET"                                                 -      12288    12288 5.308416e+06   2.966709e+03     1.533 (  9156      0)     0.065 (  2048      0)
"CPL:fracset_fracset"                                         -      12288    12288 5.308416e+06   2.963918e+03     1.533 (  9156      0)     0.065 (   164      0)
"CPL:ATMPREP"                                                 -      12288    12288 5.308416e+06   3.210793e+04     4.705 ( 12025      0)     1.251 (  5358      0)
"CPL:atmprep_xao2atm"                                         -      12288    12288 5.308416e+06   6.386773e+03     2.794 ( 12173      0)     0.149 (  2284      0)
"CPL:atmprep_ocn2atm"                                         -      12288    12288 5.308416e+06   4.511441e+03     2.024 ( 12178      0)     0.108 (  2288      0)
"CPL:atmprep_alb2atm"                                         -      12288    12288 5.308416e+06   1.874300e+03     1.141 ( 12166      0)     0.049 (  9088      0)
"CPL:atmprep_ice2atm"                                         -      12288    12288 5.308416e+06   4.279576e+03     1.862 ( 12186      0)     0.148 (   191      0)
"CPL:atmprep_lnd2atm"                                         -      12288    12288 5.308416e+06   1.334004e+04     3.983 ( 12031      0)     0.123 (  5358      0)
"CPL:atmprep_mrgx2a"                                          -      12288    12288 5.308416e+06   1.678409e+03     0.231 ( 10347      0)     0.092 ( 10232      0)
"CPL:C2A"                                                     -      12288    12288 5.308416e+06   1.878190e+04     3.648 ( 12287      0)     0.523 ( 12033      0)
"CPL:c2a_atmx2atmg"                                           -      12288    12288 5.308416e+06   1.220496e+04     3.071 (  6004      0)     0.322 (  7755      0)
"CPL:c2a_infoexch"                                            -      12288    12288 5.308416e+06   6.569256e+03     2.141 (  8370      0)     0.065 (     9      0)
"CPL:ATM_RUN"                                                 -      12288    12288 5.308416e+06   3.470574e+06   288.489 (  2253      0)   276.913 (  6113      0)
"a:EAMxx::run"                                                -      12288    12288 5.308416e+06   3.468716e+06   288.339 (  2253      0)   276.762 (  6113      0)
"a:EAMxx::EAMxx::run"                                         -      12288    12288 5.308416e+06   3.467730e+06   288.261 (  2253      0)   276.681 (  6113      0)
"a:EAMxx::EAMxx::run-precondition-checks"                     -      12288    12288 5.308416e+06   1.954554e+00     0.000 (  9686      0)     0.000 (   254      0)
"a:EAMxx::SurfaceCouplingImporter::run"                       -      12288    12288 5.308416e+06   7.642138e+03     1.002 (  7933      0)     0.315 (   994      0)
"a:EAMxx::SurfaceCouplingImporter::run-precondition-checks"   -      12288    12288 5.308416e+06   9.376992e-01     0.000 (  1366      0)     0.000 (  4728      0)
"a:EAMxx::SurfaceCouplingImporter::run-postcondition-checks"  -      12288    12288 5.308416e+06   7.004899e+03     0.949 (  7933      0)     0.264 (   994      0)
"a:EAMxx::homme::run"                                         -      12288    12288 5.308416e+06   3.179360e+06   259.705 ( 11583      0)   257.229 (  8479      0)
"a:EAMxx::homme::run-precondition-checks"                     -      12288    12288 5.308416e+06   9.288996e-01     0.000 (  4404      0)     0.000 ( 10021      0)
"a:tl-sc prim_run_subcycle_c"                                 -      12288    12288 1.061683e+07   3.093926e+06   253.447 (  2701      0)   250.325 (  4093      0)
"a:tl-s prim_step_flexible"                                   -      12288    12288 1.061683e+07   3.093873e+06   253.443 (  2701      0)   250.320 (  4093      0)
"a:ApplyCAMForcing_tracers"                                   -      12288    12288 5.308416e+06   8.130634e+03     2.347 (  9719      0)     0.334 (   724      0)
"a:tl-s deep_copy+derived_dp"                                 -      12288    12288 1.061683e+07   1.088355e+03     0.542 (  1349      0)     0.073 (  1605      0)
"a:ApplyCAMForcing_dynamics"                                  -      12288    12288 3.185050e+07   4.755924e+03     0.958 (  8083      0)     0.334 (   725      0)
"a:tl-ae prim_advance_exp"                                    -      12288    12288 6.370099e+07   2.436600e+06   210.561 ( 11582      0)   193.650 (  8286      0)
"a:ttype9_imex_timestep"                                      -      12288    12288 6.370099e+07   2.079260e+06   180.481 ( 11583      0)   164.438 ( 10292      0)
"a:caar compute"                                              -      12288    12288 6.370099e+08   5.723181e+05    57.078 ( 11583      0)    41.708 (   724      0)
"a:caar_bexchV"                                               -      12288    12288 3.185050e+08   5.057250e+05    58.924 ( 11582      0)    33.017 (  4113      0)
"a:caar limiter"                                              -      12288    12288 3.822060e+08   2.205776e+05    21.167 (  7189      0)    15.992 (  8768      0)
"a:compute_stage_value_dirk"                                  -      12288    12288 3.185050e+08   7.669214e+05    69.792 (  2217      0)    58.704 (   724      0)
"a:tl-ae advance_hypervis_dp"                                 -      12288    12288 6.370099e+07   3.553144e+05    37.507 ( 11536      0)    23.872 (   767      0)
"a:hvf-bhwk"                                                  -      12288    12288 6.370099e+07   1.851696e+05    18.620 ( 11541      0)    12.720 (  7025      0)
"a:hvf-bexch"                                                 -      12288    12288 1.911030e+08   2.069155e+05    25.497 ( 11539      0)    11.399 ( 11583      0)
"a:tl-sc vertical_remap"                                      -      12288    12288 3.185050e+07   1.675039e+05    15.813 ( 11583      0)    11.632 ( 11582      0)
"a:Remap Thickness Functor"                                   -      12288    12288 3.185050e+07   5.729673e+03     1.064 ( 11253      0)     0.311 ( 11558      0)
"a:Remap Scale States Functor"                                -      12288    12288 3.185050e+07   1.935222e+03     0.427 (  2326      0)     0.131 (  7832      0)
"a:Remap Compute Grids Functor"                               -      12288    12288 3.185050e+07   1.083754e+04     1.399 ( 11583      0)     0.788 (  1860      0)
"a:Remap Compute Remap Functor"                               -      12288    12288 3.185050e+07   1.117067e+05    11.018 ( 11583      0)     7.683 (   725      0)
"a:Remap Rescale States Functor"                              -      12288    12288 3.185050e+07   3.233579e+03     0.516 ( 11606      0)     0.212 (  8930      0)
"a:tl-at prim_advec_tracers_compose"                          -      12288    12288 1.061683e+07   4.503378e+05    40.206 (  3396      0)    25.521 ( 11583      0)
"a:compose_transport"                                         -      12288    12288 1.061683e+07   4.502038e+05    40.195 (  3396      0)    25.511 ( 11583      0)
"a:compose_calc_trajectory"                                   -      12288    12288 1.061683e+07   4.367293e+04     4.805 ( 11582      0)     2.834 (  7662      0)
"a:compose_3d_levels"                                         -      12288    12288 1.061683e+07   2.508064e+04     2.598 (  3597      0)     1.503 (   649      0)
"a:compose_v_bexchv"                                          -      12288    12288 1.061683e+07   1.700489e+04     2.926 ( 11582      0)     0.753 (  3150      0)
"a:compose_v2x"                                               -      12288    12288 1.061683e+07   1.543188e+03     0.502 (  5969      0)     0.096 (   724      0)
"a:compose_isl"                                               -      12288    12288 1.061683e+07   1.205769e+05    13.221 (  9733      0)     7.580 ( 11897      0)
"a:compose_hypervis_scalar"                                   -      12288    12288 1.061683e+07   1.182444e+05    14.993 (  5852      0)     5.828 (  8160      0)
"a:compose_cedr_global"                                       -      12288    12288 1.061683e+07   1.391777e+05    15.029 (  3460      0)     3.217 ( 11583      0)
"a:repro_sum_int"                                             -      12288    12288 1.061683e+07   1.243311e+05    13.771 (  3460      0)     1.938 ( 11583      0)
"a:compose_cedr_local"                                        -      12288    12288 1.061683e+07   1.046601e+04     1.182 (  8874      0)     0.628 (  7808      0)
"a:compose_dss_q"                                             -      12288    12288 1.061683e+07   1.798512e+04     1.983 (  2325      0)     1.073 ( 11538      0)
"a:compose_vertical_remap"                                    -      12288    12288 1.061683e+07   2.499813e+04     2.468 ( 11583      0)     1.845 (   725      0)
"a:EAMxx::homme::run-postcondition-checks"                    -      12288    12288 5.308416e+06   8.157341e+03     0.840 (   683      0)     0.483 (    70      0)
"a:EAMxx::physics::run"                                       -      12288    12288 5.308416e+06   2.755086e+05    27.955 (  2253      0)    17.020 (  7884      0)
"a:EAMxx::physics::run-precondition-checks"                   -      12288    12288 5.308416e+06   1.543892e+00     0.000 (  5379      0)     0.000 (  5022      0)
"a:EAMxx::mac_aero_mic::run"                                  -      12288    12288 5.308416e+06   1.240957e+05    12.906 (  5197      0)     6.887 (  3314      0)
"a:EAMxx::mac_aero_mic::run-precondition-checks"              -      12288    12288 5.308416e+06   9.205695e-01     0.000 (  7234      0)     0.000 ( 10228      0)
"a:EAMxx::tms::run"                                           -      12288    12288 5.308416e+06   1.755708e+03     0.684 (  4879      0)     0.054 (  2768      0)
"a:EAMxx::tms::run-precondition-checks"                       -      12288    12288 5.308416e+06   8.127631e-01     0.000 ( 12061      0)     0.000 (  2202      0)
"a:EAMxx::tms::run-postcondition-checks"                      -      12288    12288 5.308416e+06   5.216366e+02     0.053 (  3905      0)     0.032 (   724      0)
"a:EAMxx::shoc::run"                                          -      12288    12288 5.308416e+06   4.394351e+04     5.423 (  7469      0)     2.365 (  2156      0)
"a:EAMxx::shoc::run-precondition-checks"                      -      12288    12288 5.308416e+06   8.531371e-01     0.000 ( 10043      0)     0.000 ( 10638      0)
"a:EAMxx::shoc::run-postcondition-checks"                     -      12288    12288 5.308416e+06   1.236879e+04     1.084 (  7189      0)     0.958 (  7114      0)
"a:EAMxx::cld_fraction::run"                                  -      12288    12288 5.308416e+06   2.264731e+03     0.315 (  1432      0)     0.168 (   298      0)
"a:EAMxx::cld_fraction::run-precondition-checks"              -      12288    12288 5.308416e+06   1.756678e+00     0.000 (  4487      0)     0.000 (  6897      0)
"a:EAMxx::cld_fraction::run-postcondition-checks"             -      12288    12288 5.308416e+06   1.902107e+03     0.167 (  3523      0)     0.148 (  3394      0)
"a:EAMxx::spa::run"                                           -      12288    12288 5.308416e+06   1.523404e+04     1.856 (  1839      0)     0.995 (  7162      0)
"a:EAMxx::spa::run-precondition-checks"                       -      12288    12288 5.308416e+06   1.190872e+00     0.000 (  7581      0)     0.000 (  5962      0)
"a:EAMxx::spa::run-postcondition-checks"                      -      12288    12288 5.308416e+06   8.331076e+03     1.035 (  5988      0)     0.611 (   981      0)
"a:EAMxx::p3::run"                                            -      12288    12288 5.308416e+06   6.068602e+04     7.490 (  9585      0)     2.841 (  1836      0)
"a:EAMxx::p3::run-precondition-checks"                        -      12288    12288 5.308416e+06   1.319775e+03     0.328 (  5162      0)     0.049 (  3894      0)
"a:EAMxx::p3::run-postcondition-checks"                       -      12288    12288 5.308416e+06   1.150439e+04     1.201 (   955      0)     0.896 (  6428      0)
"a:EAMxx::mac_aero_mic::run-postcondition-checks"             -      12288    12288 5.308416e+06   1.692687e+00     0.000 (  8886      0)     0.000 (  6755      0)
"a:EAMxx::rrtmgp::run"                                        -      12288    12288 5.308416e+06   1.512095e+05    16.816 (  9693      0)     7.976 (  5788      0)
"a:EAMxx::rrtmgp::run-precondition-checks"                    -      12288    12288 5.308416e+06   3.397473e+02     0.031 (  5773      0)     0.023 (  6694      0)
"a:EAMxx::rrtmgp::run-postcondition-checks"                   -      12288    12288 5.308416e+06   8.697708e+03     0.869 (  9692      0)     0.638 (  2168      0)
"a:EAMxx::physics::run-postcondition-checks"                  -      12288    12288 5.308416e+06   1.066732e+00     0.000 (  7463      0)     0.000 (  5219      0)
"a:EAMxx::SurfaceCouplingExporter::run"                       -      12288    12288 5.308416e+06   4.746397e+03     0.438 ( 11583      0)     0.352 (  4790      0)
"a:EAMxx::SurfaceCouplingExporter::run-precondition-checks"   -      12288    12288 5.308416e+06   1.975358e+00     0.000 (   519      0)     0.000 (  7659      0)
"a:EAMxx::SurfaceCouplingExporter::run-postcondition-checks"  -      12288    12288 5.308416e+06   2.213035e+00     0.000 (  3858      0)     0.000 (  6685      0)
"a:EAMxx::EAMxx::run-postcondition-checks"                    -      12288    12288 5.308416e+06   9.716521e-01     0.000 (  6278      0)     0.000 (   872      0)
"a:EAMxx::IO::restart"                                        -      12288    12288 5.308416e+06   3.096926e+01     0.003 ( 11814      0)     0.002 ( 10057      0)
"a:EAMxx::IO::model_restart"                                  -      12288    12288 5.308416e+06   2.559514e+01     0.003 ( 11814      0)     0.002 (  6648      0)
"a:EAMxx::IO::restart::get_new_file"                          -      12288    12288 5.308416e+06   8.472612e-01     0.000 (  2516      0)     0.000 ( 11726      0)
"a:EAMxx::IO::restart::run_output_streams"                    -      12288    12288 5.308416e+06   9.672976e+00     0.001 (  9508      0)     0.001 (  8887      0)
"a:EAMxx::IO::standard"                                       -      12288    12288 5.308416e+06   1.217854e+01     0.001 (  7350      0)     0.001 (  4700      0)
"a:EAMxx::IO::nooutput.yaml"                                  -      12288    12288 5.308416e+06   8.906291e+00     0.001 (   995      0)     0.001 (  5169      0)
"a:EAMxx::IO::standard::get_new_file"                         -      12288    12288 5.308416e+06   4.204575e-01     0.000 (  7200      0)     0.000 (  6461      0)
"a:EAMxx::IO::standard::run_output_streams"                   -      12288    12288 5.308416e+06   8.762747e-01     0.000 (  2686      0)     0.000 (  2698      0)
"CPL:A2C"                                                     -      12288    12288 5.308416e+06   7.652592e+04    12.116 (  7835      0)     0.951 (  2253      0)
"CPL:a2c_atma2atmx"                                           -      12288    12288 5.308416e+06   4.941191e+04     9.449 (  8569      0)     0.225 (  4549      0)
"CPL:a2c_infoexch"                                            -      12288    12288 5.308416e+06   2.709900e+04     7.812 (  6532      0)     0.012 (     0      0)
"CPL:ATMPOST"                                                 -      12288    12288 5.308416e+06   2.671511e+00     0.000 (  9734      0)     0.000 (  3620      0)
"CPL:HISTORY"                                                 -      12288    12288 5.308416e+06   1.428915e+01     0.002 (  2859      0)     0.001 (  3749      0)
"CPL:cime_run_write_history"                                  -      12288    12288 5.308416e+06   1.123436e+01     0.001 (  9891      0)     0.001 (  2080      0)
"CPL:TSTAMP_WRITE"                                            -      12288    12288 5.308416e+06   3.725761e+00     0.001 (  2460      0)     0.000 ( 10466      0)
"CPL:TPROF_WRITE"                                             -      12288    12288 5.308416e+06   1.744462e+00     0.000 (  2378      0)     0.000 (  9471      0)
"CPL:C2O_INITWAIT"                                            -      12288    12288 5.296128e+06   4.239536e+04     5.594 (   156      0)     1.165 ( 12174      0)
"l:interpMonthlyVeg"                                          -      12288    12288 5.296128e+06   4.087916e+04     3.335 (  3996      0)     3.311 (  3366      0)
"l:readMonthlyVeg"                                            -      12288    12288 1.228800e+04   4.087583e+04     3.335 (  3996      0)     3.311 (  3366      0)
"l:PIO:openfile"                                              -      12288    12288 1.228800e+04   1.316021e+03     0.209 ( 12147      0)     0.002 ( 12150      0)
"l:PIO:pio_inq_varid_file_vdesc"                              -      12288    12288 9.830400e+04   3.803056e+01     0.010 (  4074      0)     0.000 (  7403      0)
"l:PIO:pio_inq_varid_file_vid"                                -      12288    12288 9.830400e+04   3.799407e+01     0.010 (  4074      0)     0.000 (  7403      0)
"l:PIO:pio_inq_varndims_file_vdesc"                           -      12288    12288 9.830400e+04   7.867523e+00     0.147 (  4093      0)     0.000 (  7403      0)
"l:PIO:pio_inq_varndims_file_vid"                             -      12288    12288 9.830400e+04   7.838564e+00     0.147 (  4093      0)     0.000 (  7403      0)
"l:PIO:pio_inq_vardimid_file_vdesc"                           -      12288    12288 9.830400e+04   1.465290e+01     0.001 (  2575      0)     0.001 ( 12144      0)
"l:PIO:pio_inq_vardimid_file_vid"                             -      12288    12288 9.830400e+04   1.463022e+01     0.001 (  2575      0)     0.001 ( 12144      0)
"l:PIO:pio_inq_dimname_file_dimid"                            -      12288    12288 8.355840e+05   3.827636e+01     0.004 (  2571      0)     0.002 (  7476      0)
"l:PIO:pio_inq_dimlen_file_dimid"                             -      12288    12288 1.966080e+05   6.100481e+00     0.001 (  3914      0)     0.000 ( 12144      0)
"l:PIO:pio_inq_dimlen_file_dimid_offlen"                      -      12288    12288 1.966080e+05   6.058413e+00     0.001 (  3914      0)     0.000 ( 12144      0)
"l:PIO:pio_inquire_file"                                      -      12288    12288 3.686400e+05   1.147092e+01     0.001 (  2578      0)     0.000 (  7224      0)
"l:PIO:pio_inq_ndims_file"                                    -      12288    12288 3.686400e+05   1.139349e+01     0.001 (  2578      0)     0.000 (  7224      0)
"l:PIO:initdecomp"                                            -      12288    12288 1.228800e+04   7.178356e+03     0.585 (    11      0)     0.511 ( 12150      0)
"l:PIO:PIOc_initdecomp"                                       -      12288    12288 1.228800e+04   7.177834e+03     0.585 (     0      0)     0.511 ( 12150      0)
"l:PIO:box_rearrange_create"                                  -      12288    12288 1.228800e+04   6.277857e+03     0.511 (     6      0)     0.511 ( 12264      0)
"l:PIO:pio_swapm"                                             -      12288    12288 1.351680e+05   3.679216e+04     3.095 (  7071      0)     1.451 (  2136      0)
"l:PIO:read_darray_3d_double"                                 -      12288    12288 9.830400e+04   3.179349e+04     2.601 (  7236      0)     2.418 (  4093      0)
"l:PIO:PIOc_read_darray"                                      -      12288    12288 9.830400e+04   3.179326e+04     2.601 (  7236      0)     2.418 (  4093      0)
"l:PIO:read_darray_nc"                                        -      12288    12288 9.830400e+04   8.401573e+02     1.559 (  2136      0)     0.000 (   640      0)
"l:PIO:rearrange_io2comp"                                     -      12288    12288 9.830400e+04   3.092849e+04     2.599 (  6275      0)     1.013 (  2136      0)
"l:PIO:closefile"                                             -      12288    12288 1.228800e+04   8.868109e+00     0.023 (   420      0)     0.000 ( 12283      0)
"l:PIO:PIOc_closefile"                                        -      12288    12288 1.228800e+04   8.853239e+00     0.023 (   420      0)     0.000 ( 12283      0)
"l:surfalb"                                                   -      12288    12288 5.296128e+06   2.059364e+04     2.068 (  3744      0)     1.346 (   606      0)
"l:urbsurfalb"                                                -      12288    12288 5.296128e+06   4.053948e+03     0.380 (   927      0)     0.268 (    98      0)
"CPL:OCNT_RUN"                                                -      12288    12288 5.296128e+06   2.059802e+03     0.259 (     0      0)     0.119 (  1255      0)
"o:DOCN_RUN"                                                  -      12288    12288 5.296128e+06   1.862780e+03     0.199 (     0      0)     0.104 (  1255      0)
"o:docn_run1"                                                 -      12288    12288 5.296128e+06   5.061165e+00     0.001 (  4468      0)     0.000 (  6702      0)
"o:docn"                                                      -      12288    12288 5.296128e+06   1.849035e+03     0.195 (     0      0)     0.103 (  1255      0)
"o:docn_strdata_advance"                                      -      12288    12288 5.296128e+06   1.018062e+03     0.102 (  6299      0)     0.037 (  1255      0)
"o:docn_strd_adv_total"                                       -      12288    12288 5.296128e+06   1.011329e+03     0.101 (  6299      0)     0.037 (  1255      0)
"o:docn_strd_adv_readLBUB"                                    -      12288    12288 5.296128e+06   5.633223e+02     0.083 (   660      0)     0.017 (     3      0)
"o:docn_readLBUB_setup"                                       -      12288    12288 5.296128e+06   1.719077e+00     0.000 (  8674      0)     0.000 (  3456      0)
"o:docn_readLBUB_filemgt"                                     -      12288    12288 5.296128e+06   1.117465e+00     0.000 (  1948      0)     0.000 (  8561      0)
"o:docn_strd_adv_tint"                                        -      12288    12288 5.296128e+06   6.671146e+01     0.008 ( 10752      0)     0.005 (  8168      0)
"o:docn_scatter"                                              -      12288    12288 5.296128e+06   5.474734e+02     0.052 ( 11887      0)     0.041 (  9295      0)
"o:docn_datamode"                                             -      12288    12288 5.296128e+06   5.298697e+01     0.008 (  7535      0)     0.004 (  4994      0)
"o:docn_run2"                                                 -      12288    12288 5.296128e+06   5.352485e-01     0.003 (     0      0)     0.000 ( 11052      0)
"CPL:O2CT"                                                    -      12288    12288 5.296128e+06   3.586012e+04     8.249 ( 12104      0)     0.060 (     0      0)
"CPL:o2c_ocno2ocnx"                                           -      12288    12288 5.296128e+06   2.532825e+02     0.027 (  3265      0)     0.019 (  9092      0)
"CPL:o2c_infoexch"                                            -      12288    12288 5.296128e+06   3.559859e+04     8.229 ( 12104      0)     0.037 (     0      0)
"CPL:OCNPOSTT"                                                -      12288    12288 5.296128e+06   3.297384e+00     0.000 (  1516      0)     0.000 ( 10466      0)
"i:cice_pice_readLBUB_LB_copy"                                -      12288    12288 1.228800e+04   1.327804e-02     0.000 (  4063      0)     0.000 (  8998      0)
"o:docn_readLBUB_fbound"                                      -      12288    12288 1.228800e+04   1.886909e-03     0.000 ( 11230      0)     0.000 (  8007      0)
"o:docn_readLBUB_bcast"                                       -      12288    12288 1.228800e+04   2.008832e+02     0.030 ( 12104      0)     0.000 (     9      0)
"o:docn_readLBUB_LB_copy"                                     -      12288    12288 1.228800e+04   1.476010e-02     0.000 (  5256      0)     0.000 (  6273      0)
"o:docn_readLBUB_UB_setup"                                    -      12288    12288 1.228800e+04   5.100450e-03     0.000 (     0      0)     0.000 (  1118      0)
"o:docn_readLBUB_UB_readpio"                                  -      12288    12288 1.228800e+04   3.476810e+02     0.063 (   348      0)     0.008 (    13      0)
"o:PIO:pio_inq_varid_file_vdesc"                              -      12288    12288 2.457600e+04   1.334650e+00     0.002 (     8      0)     0.000 (     0      0)
"o:PIO:pio_inq_varid_file_vid"                                -      12288    12288 2.457600e+04   1.318235e+00     0.002 (     8      0)     0.000 (     0      0)
"o:PIO:pio_inq_varndims_file_vdesc"                           -      12288    12288 1.228800e+04   9.295760e-01     0.000 ( 11989      0)     0.000 (    11      0)
"o:PIO:pio_inq_varndims_file_vid"                             -      12288    12288 1.228800e+04   9.191889e-01     0.000 ( 11989      0)     0.000 (    11      0)
"o:PIO:pio_inq_vardimid_file_vdesc"                           -      12288    12288 1.228800e+04   2.185390e+00     0.000 (  5703      0)     0.000 (     0      0)
"o:PIO:pio_inq_vardimid_file_vid"                             -      12288    12288 1.228800e+04   2.176018e+00     0.000 (  5703      0)     0.000 (     1      0)
"o:PIO:pio_inq_dimlen_file_dimid"                             -      12288    12288 3.686400e+04   1.334711e+00     0.000 (  2336      0)     0.000 (     9      0)
"o:PIO:pio_inq_dimlen_file_dimid_offlen"                      -      12288    12288 3.686400e+04   1.315084e+00     0.000 (  2336      0)     0.000 (     9      0)
"o:PIO:pio_inq_vartype_file_vdesc"                            -      12288    12288 1.228800e+04   1.072108e+00     0.000 (  9908      0)     0.000 (    10      0)
"o:PIO:pio_inq_vartype_file_vid"                              -      12288    12288 1.228800e+04   1.063066e+00     0.000 (  9908      0)     0.000 (    10      0)
"o:PIO:read_darray_1d_real"                                   -      12288    12288 1.228800e+04   3.398734e+02     0.063 (   348      0)     0.007 (    13      0)
"o:PIO:PIOc_read_darray"                                      -      12288    12288 1.228800e+04   3.398355e+02     0.063 (   348      0)     0.007 (    13      0)
"o:PIO:read_darray_nc"                                        -      12288    12288 1.228800e+04   2.100602e+01     0.062 (   348      0)     0.000 (   185      0)
"o:PIO:rearrange_io2comp"                                     -      12288    12288 1.228800e+04   3.177752e+02     0.062 (   355      0)     0.000 (     0      0)
"o:PIO:pio_swapm"                                             -      12288    12288 1.228800e+04   3.175374e+02     0.062 (   355      0)     0.000 (     0      0)
"o:docn_strd_adv_fill"                                        -      12288    12288 1.228800e+04   1.638695e+00     0.000 (  8855      0)     0.000 (  5363      0)
"o:docn_strd_adv_map"                                         -      12288    12288 1.228800e+04   3.481075e+02     0.055 (     2      0)     0.000 (  1257      0)
"CPL:RUN_LOOP_BSTOP"                                          -      12288    12288 1.228800e+04   2.190383e+01     0.005 (    11      0)     0.000 (  9737      0)
"CPL:FINAL"                                                   -      12288    12288 1.228800e+04   4.714809e+03     0.385 (     0      0)     0.383 ( 12122      0)
"CPL:cime_final"                                              -      12288    12288 1.228800e+04   4.714792e+03     0.385 (     0      0)     0.383 ( 12122      0)
"o_f:DOCN_FINAL"                                              -      12288    12288 1.228800e+04   2.972147e-03     0.000 (     0      0)     0.000 ( 10637      0)
"a_f:EAMxx::finalize"                                         y      12288    12288 1.228800e+04   2.906236e+03     0.363 (  8130      0)     0.129 (  8299      0)
"a_f:PIO:PIOc_sync"                                           -      12288    12288 1.228800e+04   2.540099e-01     0.000 (  2076      0)     0.000 ( 10871      0)
"a_f:PIO:write_total"                                         -      12288    12288 2.457600e+04   8.935633e+00     0.012 (  8568      0)     0.000 ( 10871      0)
"a_f:PIO:flush_output_buffer"                                 -       1024     1024 2.048000e+03   1.256541e-01     0.000 (  2076      0)     0.000 (  8196      0)
"a_f:PIO:PIOc_closefile"                                      -      12288    12288 2.457600e+04   5.516816e+01     0.144 (  8292      0)     0.000 ( 10555      0)
"a_f:PIO:PIOc_closefile_write_mode"                           -      12288    12288 1.228800e+04   8.699452e+00     0.011 (  8568      0)     0.000 ( 11947      0)
"a_f:PIO:PIOc_freedecomp"                                     -      12288    12288 1.597440e+05   1.941611e+00     0.002 (  9432      0)     0.000 (  5149      0)
"PIO:finalize"                                                -      12288    12288 1.228800e+05   4.892517e+02     0.168 (  8118      0)     0.001 (  3429      0)
"PIO:PIOc_finalize"                                           -      12288    12288 1.228800e+05   4.880419e+02     0.168 (  8118      0)     0.000 (  3429      0)
"CPL:FINAL_sync1_tprf"                                        -      12288    12288 1.228800e+04   1.564252e+01     0.001 (  9899      0)     0.000 (     0      0)
"CPL:FINAL_t_prf"                                             y          0        0 0.000000e+00   0.000000e+00     0.000 (     0      0)     0.000 (     0      0)

